-0.00609375 0.101563 7.47015E-11
-0.0173437 0.289062 7.46525E-11
0.0314062 0.523438 7.3688E-11
0.0220313 0.367188 7.46151E-11
0.00234375 0.0390625 7.56171E-11
0.0164062 0.273437 7.64997E-11
-0.00328125 0.0546875 7.57451E-11
0.00515625 0.0859375 7.45366E-11
0.00703125 0.117188 7.40052E-11
0.0117188 0.195312 7.61146E-11
-0.00421875 0.0703125 7.59616E-11
0.00421875 0.0703125 7.68375E-11
0.00140625 0.0234375 7.37022E-11
-0.0192187 0.320312 7.55121E-11
-0.0173437 0.289062 7.47252E-11
-0.00984375 0.164062 7.41837E-11
-0.0304687 0.507812 7.52603E-11
-0.00984375 0.164062 7.46045E-11
-0.00796875 0.132812 7.63336E-11
0.00796875 0.132812 7.69135E-11
-0.00328125 0.0546875 7.60055E-11
-0.00515625 0.0859375 7.66644E-11
0.0145312 0.242188 7.44217E-11
0.00421875 0.0703125 7.64225E-11
0.0192187 0.320312 7.56282E-11
-0.0126562 0.210938 7.60927E-11
0.0126562 0.210938 7.41274E-11
0.0182812 0.304688 7.48134E-11
-0.00515625 0.0859375 7.57616E-11
0.0135937 0.226562 7.57673E-11
-0.0145312 0.242188 7.42684E-11
-0.00140625 0.0234375 7.43936E-11
-0.00046875 0.0078125 7.60473E-11
-0.00890625 0.148438 7.41182E-11
0.00796875 0.132812 7.66169E-11
-0.00140625 0.0234375 7.70352E-11
-0.00890625 0.148438 7.54575E-11
-0.0192187 0.320312 7.74632E-11
0.0267187 0.445312 7.4612E-11
-0.0126562 0.210938 7.46953E-11
-0.0117188 0.195312 7.53693E-11
-0.00328125 0.0546875 7.59974E-11
-0.0182812 0.304688 7.45616E-11
0.00140625 0.0234375 7.61494E-11
0.0135937 0.226562 7.57924E-11
-0.00984375 0.164062 7.43763E-11
-0.00515625 0.0859375 7.71423E-11
0.00984375 0.164062 7.62764E-11
0.00703125 0.117188 7.43114E-11
0.00609375 0.101563 7.46602E-11
-0.00140625 0.0234375 7.40389E-11
0.00515625 0.0859375 7.61636E-11
-0.0126562 0.210938 7.61719E-11
0.00046875 0.0078125 7.43827E-11
-0.00984375 0.164062 7.5917E-11
0.0145312 0.242188 7.52439E-11
0.00046875 0.0078125 7.61525E-11
-0.0182812 0.304688 7.55231E-11
-0.0107812 0.179688 7.52248E-11
0.00515625 0.0859375 7.64463E-11
-0.00796875 0.132812 7.40691E-11
0.00140625 0.0234375 7.4177E-11
0.0267187 0.445312 7.58294E-11
0.00234375 0.0390625 7.47793E-11
0.0173437 0.289062 7.41856E-11
0.0117188 0.195312 7.5688E-11
-0.00796875 0.132812 7.55933E-11
0.0107812 0.179688 7.45599E-11
0.00515625 0.0859375 7.55616E-11
-0.00703125 0.117188 7.53889E-11
0.00984375 0.164062 7.5644E-11
0.0107812 0.179688 7.60625E-11
0.00796875 0.132812 7.68998E-11
-0.0135937 0.226562 7.50699E-11
-0.00609375 0.101563 7.77083E-11
-0.0107812 0.179688 7.69439E-11
-0.0117188 0.195312 7.62426E-11
0.00328125 0.0546875 7.6753E-11
-0.0107812 0.179688 7.44003E-11
0.00328125 0.0546875 7.58557E-11
-0.00328125 0.0546875 7.55027E-11
-0.0164062 0.273437 7.54938E-11
0.0135937 0.226562 7.50002E-11
-0.00328125 0.0546875 7.72393E-11
-0.00234375 0.0390625 7.64349E-11
0.0145312 0.242188 7.41493E-11
-0.00890625 0.148438 7.45531E-11
-0.00703125 0.117188 7.45848E-11
0.0126562 0.210938 7.42285E-11
0.00234375 0.0390625 7.59375E-11
0.0145312 0.242188 7.65834E-11
0.00140625 0.0234375 7.66779E-11
-0.0154687 0.257812 7.61726E-11
-0.0201563 0.335938 7.61285E-11
-0.00328125 0.0546875 7.55264E-11
0.0182812 0.304688 7.46004E-11
-0.00140625 0.0234375 7.47376E-11
0.00234375 0.0390625 7.29397E-11
-0.0201563 0.335938 7.65144E-11
0.00515625 0.0859375 7.55271E-11
0.00328125 0.0546875 7.4154E-11
0.0257812 0.429688 7.38298E-11
0.00421875 0.0703125 7.67606E-11
-0.00046875 0.0078125 7.5667E-11
-0.00703125 0.117188 7.57466E-11
-0.00703125 0.117188 7.52338E-11
-0.00234375 0.0390625 7.67747E-11
-0.0126562 0.210938 7.5785E-11
0.00984375 0.164062 7.56218E-11
0.0164062 0.273437 7.31066E-11
-0.00609375 0.101563 7.61707E-11
-0.0201563 0.335938 7.56575E-11
0.00046875 0.0078125 7.44263E-11
-0.0154687 0.257812 7.50014E-11
0.00046875 0.0078125 7.44224E-11
-0.00234375 0.0390625 7.5179E-11
0.0210937 0.351562 7.44184E-11
0.00984375 0.164062 7.58631E-11
-0.00796875 0.132812 7.51716E-11
-0.00140625 0.0234375 7.74593E-11
-0.00234375 0.0390625 7.38905E-11
-0.00796875 0.132812 7.44309E-11
-0.00796875 0.132812 7.35268E-11
-0.0145312 0.242188 7.64528E-11
0.00234375 0.0390625 7.50032E-11
0.00328125 0.0546875 7.6601E-11
0.00515625 0.0859375 7.45556E-11
0.00890625 0.148438 7.43915E-11
-0.00140625 0.0234375 7.61617E-11
-0.00328125 0.0546875 7.57538E-11
-0.0145312 0.242188 7.42494E-11
0.0173437 0.289062 7.56358E-11
-0.00046875 0.0078125 7.58644E-11
-0.00234375 0.0390625 7.47352E-11
-0.00234375 0.0390625 7.63969E-11
-0.00984375 0.164062 7.62935E-11
0.0210937 0.351562 7.44912E-11
0.00140625 0.0234375 7.5262E-11
-0.0117188 0.195312 7.71364E-11
-0.00515625 0.0859375 7.66155E-11
-0.0173437 0.289062 7.4355E-11
-0.00515625 0.0859375 7.40286E-11
0.0257812 0.429688 7.58981E-11
-0.00234375 0.0390625 7.6079E-11
-0.00890625 0.148438 7.60329E-11
-0.00890625 0.148438 7.54582E-11
0.00890625 0.148438 7.41481E-11
-0.00421875 0.0703125 7.3744E-11
-0.00234375 0.0390625 7.54806E-11
-0.0164062 0.273437 7.62798E-11
-0.00609375 0.101563 7.46598E-11
-0.00328125 0.0546875 7.43492E-11
-0.00984375 0.164062 7.45404E-11
-0.0107812 0.179688 7.67915E-11
-0.00328125 0.0546875 7.61447E-11
0.00609375 0.101563 7.567E-11
0.00796875 0.132812 7.54467E-11
0.00515625 0.0859375 7.53863E-11
-0.00421875 0.0703125 7.39233E-11
0.00890625 0.148438 7.53702E-11
0.00328125 0.0546875 7.45001E-11
-0.0229688 0.382813 7.58641E-11
-0.00234375 0.0390625 7.59014E-11
-0.0126562 0.210938 7.72645E-11
0.00328125 0.0546875 7.35765E-11
-0.00140625 0.0234375 7.45843E-11
-0.00703125 0.117188 7.60878E-11
-0.0154687 0.257812 7.5291E-11
0.0135937 0.226562 7.54004E-11
0.0285937 0.476562 7.49339E-11
0.00046875 0.0078125 7.44933E-11
0.0210937 0.351562 7.45846E-11
0.00328125 0.0546875 7.59831E-11
0.00046875 0.0078125 7.69192E-11
0.00046875 0.0078125 7.56239E-11
0.00140625 0.0234375 7.60075E-11
-0.00796875 0.132812 7.68419E-11
-0.00515625 0.0859375 7.30486E-11
-0.0201563 0.335938 7.63291E-11
0.0145312 0.242188 7.32504E-11
-0.0210937 0.351562 7.49029E-11
-0.0164062 0.273437 7.47828E-11
-0.00796875 0.132812 7.44978E-11
-0.0126562 0.210938 7.70373E-11
0.0135937 0.226562 7.59915E-11
0.0145312 0.242188 7.45438E-11
0.0173437 0.289062 7.38142E-11
0.00609375 0.101563 7.42415E-11
0.0126562 0.210938 7.54637E-11
-0.0164062 0.273437 7.60203E-11
-0.0267187 0.445312 7.39873E-11
-0.00328125 0.0546875 7.69663E-11
0.00046875 0.0078125 7.70712E-11
0.0154687 0.257812 7.33027E-11
0.00328125 0.0546875 7.40791E-11
0.0107812 0.179688 7.73548E-11
0.00046875 0.0078125 7.47816E-11
-0.00515625 0.0859375 7.47173E-11
0.00515625 0.0859375 7.37749E-11
0.0164062 0.273437 7.61002E-11
