0.0182812 0.304688 8.51303E-11
0.00890625 0.148438 8.61323E-11
0.00515625 0.0859375 8.39175E-11
0.00515625 0.0859375 8.4986E-11
-0.00890625 0.148438 8.65227E-11
-0.0173437 0.289062 8.58562E-11
-0.0145312 0.242188 8.60767E-11
0.00984375 0.164062 8.40922E-11
-0.00328125 0.0546875 8.47497E-11
-0.00890625 0.148438 8.51152E-11
-0.00796875 0.132812 8.40667E-11
0.00515625 0.0859375 8.46648E-11
0.00328125 0.0546875 8.64722E-11
-0.00421875 0.0703125 8.64235E-11
0.0164062 0.273437 8.5299E-11
-0.00140625 0.0234375 8.66417E-11
0.00890625 0.148438 8.60114E-11
0.00796875 0.132812 8.57134E-11
0.00984375 0.164062 8.78284E-11
0.0145312 0.242188 8.5123E-11
-0.0145312 0.242188 8.7922E-11
0.00421875 0.0703125 8.57584E-11
-0.0220313 0.367188 8.78831E-11
0.00421875 0.0703125 8.56839E-11
-0.0117188 0.195312 8.82927E-11
0.0164062 0.273437 8.55478E-11
0.00140625 0.0234375 8.65052E-11
-0.0145312 0.242188 8.72605E-11
-0.00234375 0.0390625 8.41422E-11
-0.0220313 0.367188 8.6764E-11
0.00796875 0.132812 8.37736E-11
-0.0135937 0.226562 8.6086E-11
0.0126562 0.210938 8.44512E-11
-0.0182812 0.304688 8.50732E-11
-0.00234375 0.0390625 8.41387E-11
-0.00890625 0.148438 8.67302E-11
-0.0117188 0.195312 8.55614E-11
-0.00984375 0.164062 8.61523E-11
0.0117188 0.195312 8.69906E-11
-0.0117188 0.195312 8.49641E-11
0.0145312 0.242188 8.39978E-11
0.00046875 0.0078125 8.58614E-11
-0.00328125 0.0546875 8.44106E-11
-0.0154687 0.257812 8.63721E-11
0.0145312 0.242188 8.5334E-11
-0.00890625 0.148438 8.45042E-11
-0.00140625 0.0234375 8.6071E-11
-0.00234375 0.0390625 8.71118E-11
-0.0135937 0.226562 8.69492E-11
0.00328125 0.0546875 8.43304E-11
-0.00421875 0.0703125 8.43722E-11
-0.00421875 0.0703125 8.63346E-11
0.00140625 0.0234375 8.42975E-11
-0.00890625 0.148438 8.72022E-11
0.0154687 0.257812 8.63586E-11
-0.00234375 0.0390625 8.54825E-11
0.00609375 0.101563 8.49728E-11
0.0154687 0.257812 8.37958E-11
0.00796875 0.132812 8.40948E-11
-0.00703125 0.117188 8.46135E-11
0.00609375 0.101563 8.46164E-11
-0.00328125 0.0546875 8.54771E-11
-0.00515625 0.0859375 8.54307E-11
-0.0145312 0.242188 8.68883E-11
-0.0117188 0.195312 8.63586E-11
-0.0126562 0.210938 8.5395E-11
-0.0126562 0.210938 8.56458E-11
-0.00609375 0.101563 8.46195E-11
-0.00046875 0.0078125 8.41133E-11
-0.0117188 0.195312 8.52784E-11
-0.00796875 0.132812 8.48613E-11
-0.0117188 0.195312 8.82433E-11
0.00609375 0.101563 8.56689E-11
-0.0117188 0.195312 8.4181E-11
-0.0145312 0.242188 8.41157E-11
0.00140625 0.0234375 8.48877E-11
-0.0239062 0.398437 8.48963E-11
0.0192187 0.320312 8.6904E-11
0.0201563 0.335938 8.51575E-11
0.00890625 0.148438 8.69384E-11
-0.00703125 0.117188 8.56773E-11
0.00796875 0.132812 8.69516E-11
0.00796875 0.132812 8.68003E-11
0.00421875 0.0703125 8.6787E-11
-0.0145312 0.242188 8.65235E-11
0.0107812 0.179688 8.53715E-11
-0.00703125 0.117188 8.72069E-11
-0.0154687 0.257812 8.64956E-11
-0.00703125 0.117188 8.69626E-11
-0.0145312 0.242188 8.63654E-11
0.00890625 0.148438 8.55448E-11
-0.00515625 0.0859375 8.77591E-11
0.0154687 0.257812 8.4263E-11
0.0154687 0.257812 8.4477E-11
0.0239062 0.398437 8.55053E-11
0.0164062 0.273437 8.56685E-11
-0.0154687 0.257812 8.43357E-11
0.00609375 0.101563 8.40436E-11
-0.0145312 0.242188 8.69231E-11
0.00140625 0.0234375 8.41931E-11
0.00609375 0.101563 8.52554E-11
-0.0182812 0.304688 8.5659E-11
-0.00421875 0.0703125 8.544E-11
-0.00234375 0.0390625 8.72364E-11
0.0135937 0.226562 8.54251E-11
0.00984375 0.164062 8.53211E-11
0.0220313 0.367188 8.4476E-11
-0.00421875 0.0703125 8.53695E-11
-0.0117188 0.195312 8.59525E-11
0.00984375 0.164062 8.64635E-11
0.0117188 0.195312 8.80172E-11
-0.0192187 0.320312 8.79222E-11
0.0117188 0.195312 8.65431E-11
-0.00890625 0.148438 8.52505E-11
-0.00328125 0.0546875 8.48746E-11
0.00328125 0.0546875 8.59702E-11
0.00890625 0.148438 8.55984E-11
-0.0117188 0.195312 8.60521E-11
0.00140625 0.0234375 8.70192E-11
0.00421875 0.0703125 8.71091E-11
0.0164062 0.273437 8.73383E-11
0.00046875 0.0078125 8.48753E-11
0.00984375 0.164062 8.70483E-11
0.00421875 0.0703125 8.4795E-11
0.00328125 0.0546875 8.64109E-11
0.00796875 0.132812 8.64934E-11
-0.00234375 0.0390625 8.67574E-11
-0.0135937 0.226562 8.59084E-11
0.0145312 0.242188 8.7179E-11
-0.00609375 0.101563 8.39028E-11
0.00046875 0.0078125 8.64532E-11
-0.0126562 0.210938 8.49482E-11
0.00234375 0.0390625 8.503E-11
-0.00984375 0.164062 8.61118E-11
0.0117188 0.195312 8.54469E-11
0.00421875 0.0703125 8.53318E-11
0.00515625 0.0859375 8.76481E-11
0.00890625 0.148438 8.48974E-11
-0.00328125 0.0546875 8.43484E-11
-0.0201563 0.335938 8.71208E-11
-0.00140625 0.0234375 8.44854E-11
0.00234375 0.0390625 8.43509E-11
0.00046875 0.0078125 8.58811E-11
-0.0182812 0.304688 8.69525E-11
0.00890625 0.148438 8.52161E-11
0.00046875 0.0078125 8.4818E-11
-0.00234375 0.0390625 8.41088E-11
-0.0201563 0.335938 8.65912E-11
0.00984375 0.164062 8.53271E-11
0.0154687 0.257812 8.43674E-11
0.00515625 0.0859375 8.62792E-11
0.0154687 0.257812 8.753E-11
-0.00234375 0.0390625 8.61211E-11
-0.0117188 0.195312 8.60826E-11
-0.0126562 0.210938 8.54569E-11
0.00796875 0.132812 8.42154E-11
-0.00796875 0.132812 8.52843E-11
0.00421875 0.0703125 8.47788E-11
0.0173437 0.289062 8.40797E-11
-0.00609375 0.101563 8.83226E-11
0.00984375 0.164062 8.46406E-11
0.00046875 0.0078125 8.4388E-11
0.00421875 0.0703125 8.39674E-11
-0.00609375 0.101563 8.65595E-11
-0.00796875 0.132812 8.65167E-11
-0.00328125 0.0546875 8.61826E-11
0.00234375 0.0390625 8.65727E-11
-0.0107812 0.179688 8.67065E-11
0.00046875 0.0078125 8.45653E-11
0.0107812 0.179688 8.69659E-11
-0.00609375 0.101563 8.74323E-11
0.0164062 0.273437 8.60999E-11
-0.00515625 0.0859375 8.45765E-11
-0.00046875 0.0078125 8.58867E-11
-0.0107812 0.179688 8.67428E-11
-0.00234375 0.0390625 8.39294E-11
0.00890625 0.148438 8.61468E-11
-0.00421875 0.0703125 8.76782E-11
0.0154687 0.257812 8.5485E-11
-0.0145312 0.242188 8.49133E-11
0.0210937 0.351562 8.44157E-11
0.00796875 0.132812 8.63164E-11
0.00234375 0.0390625 8.44133E-11
0.0201563 0.335938 8.45874E-11
0.0154687 0.257812 8.65409E-11
-0.00890625 0.148438 8.49443E-11
-0.00328125 0.0546875 8.61107E-11
-0.00890625 0.148438 8.52806E-11
-0.00984375 0.164062 8.51707E-11
-0.00515625 0.0859375 8.73086E-11
-0.00609375 0.101563 8.72335E-11
-0.0164062 0.273437 8.71153E-11
0.00890625 0.148438 8.37544E-11
-0.00890625 0.148438 8.58304E-11
-0.00421875 0.0703125 8.72183E-11
0.00234375 0.0390625 8.41461E-11
-0.00328125 0.0546875 8.75725E-11
0.00609375 0.101563 8.48321E-11
0.00234375 0.0390625 8.45635E-11
-0.00703125 0.117188 8.60871E-11
