-0.00703125 0.117188 2.05789E-10
0.0154687 0.257812 2.02915E-10
-0.00515625 0.0859375 2.03749E-10
0.0192187 0.320312 2.03956E-10
0.00703125 0.117188 2.07647E-10
0.00234375 0.0390625 2.04008E-10
-0.00328125 0.0546875 2.07021E-10
0.0173437 0.289062 2.06495E-10
0.0154687 0.257812 2.0354E-10
0.0220313 0.367188 2.06641E-10
0.00890625 0.148438 2.03311E-10
0.0135937 0.226562 2.03178E-10
0.00890625 0.148438 2.06646E-10
0.00796875 0.132812 2.082E-10
-0.00140625 0.0234375 2.06431E-10
0.00046875 0.0078125 2.0531E-10
0.00796875 0.132812 2.03276E-10
0.00984375 0.164062 2.06021E-10
-0.00234375 0.0390625 2.07013E-10
-0.0257812 0.429688 2.04809E-10
-0.00609375 0.101563 2.05443E-10
-0.0145312 0.242188 2.09523E-10
0.00046875 0.0078125 2.06073E-10
0.0145312 0.242188 2.05705E-10
0.0164062 0.273437 2.07231E-10
0.00609375 0.101563 2.05297E-10
0.00140625 0.0234375 2.05954E-10
0.0220313 0.367188 2.05602E-10
-0.0135937 0.226562 2.03066E-10
0.0267187 0.445312 2.05852E-10
0.0126562 0.210938 2.04696E-10
0.00515625 0.0859375 2.05571E-10
-0.00703125 0.117188 2.02277E-10
-0.00890625 0.148438 2.03144E-10
-0.0154687 0.257812 2.04249E-10
0.00046875 0.0078125 2.03009E-10
-0.00890625 0.148438 2.05107E-10
0.00515625 0.0859375 2.0491E-10
-0.00609375 0.101563 2.11793E-10
-0.00515625 0.0859375 2.05478E-10
-0.0201563 0.335938 2.06683E-10
0.00890625 0.148438 2.05673E-10
-0.0145312 0.242188 2.03289E-10
0.0126562 0.210938 2.05173E-10
-0.0117188 0.195312 2.03522E-10
0.00796875 0.132812 2.03669E-10
-0.0154687 0.257812 2.045E-10
-0.00234375 0.0390625 2.02439E-10
-0.00890625 0.148438 2.09618E-10
-0.0164062 0.273437 2.05769E-10
-0.00984375 0.164062 2.06124E-10
0.0107812 0.179688 2.03184E-10
-0.00703125 0.117188 2.02307E-10
-0.0145312 0.242188 2.03377E-10
0.00421875 0.0703125 2.05788E-10
-0.00046875 0.0078125 2.03106E-10
-0.00421875 0.0703125 2.03762E-10
-0.00328125 0.0546875 2.05035E-10
0.00140625 0.0234375 2.05311E-10
-0.00515625 0.0859375 2.05558E-10
-0.0126562 0.210938 2.07558E-10
-0.00421875 0.0703125 2.05674E-10
0.00046875 0.0078125 2.024E-10
-0.0154687 0.257812 2.06723E-10
0.00328125 0.0546875 2.05057E-10
0.0164062 0.273437 2.07092E-10
0.00890625 0.148438 2.056E-10
0.00140625 0.0234375 2.04623E-10
0.00515625 0.0859375 2.06429E-10
0.00421875 0.0703125 2.0455E-10
0.00515625 0.0859375 2.0338E-10
-0.00046875 0.0078125 2.03671E-10
-0.0154687 0.257812 2.05194E-10
-0.0126562 0.210938 2.04492E-10
0.0154687 0.257812 2.03352E-10
-0.00703125 0.117188 2.03944E-10
0.00046875 0.0078125 2.05063E-10
-0.0201563 0.335938 2.03329E-10
-0.00890625 0.148438 2.0331E-10
-0.0126562 0.210938 2.0475E-10
0.00140625 0.0234375 2.08144E-10
0.0182812 0.304688 2.04472E-10
0.00515625 0.0859375 2.03814E-10
0.00609375 0.101563 2.02328E-10
-0.0154687 0.257812 2.05029E-10
0.00609375 0.101563 2.07328E-10
-0.00140625 0.0234375 2.05861E-10
0.00421875 0.0703125 2.01386E-10
0.0173437 0.289062 2.05785E-10
0.00421875 0.0703125 2.03963E-10
-0.00328125 0.0546875 2.05265E-10
0.00515625 0.0859375 2.06205E-10
0.00796875 0.132812 2.02719E-10
-0.00609375 0.101563 2.05837E-10
-0.0154687 0.257812 2.02579E-10
0.00140625 0.0234375 2.04424E-10
0.00890625 0.148438 2.05107E-10
-0.0107812 0.179688 2.05405E-10
-0.00703125 0.117188 2.04179E-10
0.00140625 0.0234375 2.04555E-10
-0.00234375 0.0390625 2.03223E-10
0.00890625 0.148438 2.04053E-10
-0.0117188 0.195312 2.06519E-10
0.00609375 0.101563 2.05347E-10
-0.00515625 0.0859375 2.06445E-10
0.0154687 0.257812 2.02208E-10
-0.00890625 0.148438 2.03108E-10
0.00140625 0.0234375 2.07641E-10
0.00703125 0.117188 2.05572E-10
-0.0314062 0.523438 2.02917E-10
-0.00703125 0.117188 2.05561E-10
0.00609375 0.101563 2.05795E-10
0.00046875 0.0078125 2.03224E-10
0.0117188 0.195312 2.05902E-10
0.00046875 0.0078125 2.06155E-10
-0.00515625 0.0859375 2.01812E-10
0.0117188 0.195312 2.03821E-10
-0.0126562 0.210938 2.02647E-10
-0.00421875 0.0703125 2.03423E-10
-0.00609375 0.101563 2.037E-10
0.00890625 0.148438 2.04392E-10
0.00796875 0.132812 2.1068E-10
0.0107812 0.179688 2.03903E-10
-0.0117188 0.195312 2.04779E-10
0.00234375 0.0390625 2.03497E-10
-0.00328125 0.0546875 2.05013E-10
0.00046875 0.0078125 2.01379E-10
0.00328125 0.0546875 2.05186E-10
-0.00140625 0.0234375 2.04298E-10
0.00703125 0.117188 2.03849E-10
0.00140625 0.0234375 2.06231E-10
0.00890625 0.148438 2.06217E-10
-0.00046875 0.0078125 2.05783E-10
0.00328125 0.0546875 2.03996E-10
0.0173437 0.289062 2.02797E-10
-0.00046875 0.0078125 2.03889E-10
0.00234375 0.0390625 2.01759E-10
0.00046875 0.0078125 2.03622E-10
0.0107812 0.179688 2.04993E-10
0.00046875 0.0078125 2.04456E-10
0.00703125 0.117188 2.03983E-10
0.00328125 0.0546875 2.06774E-10
-0.00234375 0.0390625 2.02521E-10
0.0126562 0.210938 2.06438E-10
-0.0107812 0.179688 2.04675E-10
-0.0285937 0.476562 2.04125E-10
-0.0107812 0.179688 2.0953E-10
0.00328125 0.0546875 2.05104E-10
-0.00421875 0.0703125 2.03952E-10
-0.00421875 0.0703125 2.05148E-10
-0.0126562 0.210938 2.03793E-10
-0.00234375 0.0390625 2.06131E-10
-0.00984375 0.164062 2.0707E-10
0.00046875 0.0078125 2.05916E-10
-0.00796875 0.132812 2.02191E-10
-0.0164062 0.273437 2.09525E-10
0.00328125 0.0546875 2.04874E-10
0.00703125 0.117188 2.0279E-10
0.00046875 0.0078125 2.027E-10
0.00421875 0.0703125 2.03596E-10
0.00046875 0.0078125 2.04086E-10
-0.00140625 0.0234375 2.06978E-10
0.00234375 0.0390625 2.02461E-10
-0.00796875 0.132812 2.06274E-10
-0.00328125 0.0546875 2.03141E-10
0.00328125 0.0546875 2.05142E-10
-0.00328125 0.0546875 2.02087E-10
-0.00140625 0.0234375 2.02881E-10
0.00328125 0.0546875 2.04525E-10
-0.00234375 0.0390625 2.03928E-10
0.00046875 0.0078125 2.06091E-10
0.0117188 0.195312 2.05652E-10
0.0182812 0.304688 2.0503E-10
0.0276563 0.460938 2.03828E-10
0.00703125 0.117188 2.01487E-10
0.0192187 0.320312 2.02977E-10
-0.00421875 0.0703125 2.06629E-10
-0.00234375 0.0390625 2.04639E-10
0.00328125 0.0546875 2.04785E-10
-0.00890625 0.148438 2.0186E-10
-0.00140625 0.0234375 2.03182E-10
-0.0117188 0.195312 2.05846E-10
0.00984375 0.164062 2.06101E-10
0.0192187 0.320312 2.051E-10
0.00140625 0.0234375 2.05483E-10
0.00984375 0.164062 2.03811E-10
-0.00328125 0.0546875 2.06614E-10
-0.00140625 0.0234375 2.05537E-10
-0.00890625 0.148438 2.09063E-10
-0.0267187 0.445312 2.01554E-10
-0.00140625 0.0234375 2.02127E-10
0.0285937 0.476562 2.03531E-10
0.0107812 0.179688 2.03793E-10
0.0107812 0.179688 2.01116E-10
0.00234375 0.0390625 2.03108E-10
-0.00140625 0.0234375 2.03663E-10
0.0182812 0.304688 2.03954E-10
0.0267187 0.445312 2.07277E-10
-0.0107812 0.179688 2.07613E-10
-0.00421875 0.0703125 2.05551E-10
-0.0135937 0.226562 2.04135E-10
0.00234375 0.0390625 2.05286E-10
-0.00328125 0.0546875 2.05363E-10
0.00328125 0.0546875 2.0539E-10
-0.0173437 0.289062 2.05043E-10
-0.00984375 0.164062 2.0429E-10
0.00703125 0.117188 2.01518E-10
0.00609375 0.101563 2.05606E-10
-0.00984375 0.164062 2.08165E-10
-0.00796875 0.132812 2.02415E-10
0.00421875 0.0703125 2.05317E-10
-0.0192187 0.320312 2.08156E-10
0.00046875 0.0078125 2.04679E-10
-0.00046875 0.0078125 2.06926E-10
-0.00421875 0.0703125 2.03894E-10
0.00515625 0.0859375 2.0591E-10
-0.00703125 0.117188 2.02992E-10
0.00046875 0.0078125 2.04945E-10
0.0117188 0.195312 2.05726E-10
-0.00609375 0.101563 2.04848E-10
0.00890625 0.148438 2.04393E-10
0.00140625 0.0234375 2.04024E-10
-0.0145312 0.242188 2.08295E-10
-0.00703125 0.117188 2.10322E-10
-0.00140625 0.0234375 2.07097E-10
-0.00984375 0.164062 2.06397E-10
0.00984375 0.164062 2.03135E-10
0.00234375 0.0390625 2.06891E-10
-0.00515625 0.0859375 2.0577E-10
-0.0210937 0.351562 2.08584E-10
0.00609375 0.101563 2.04071E-10
-0.0126562 0.210938 2.06578E-10
-0.0173437 0.289062 2.05611E-10
0.00515625 0.0859375 2.08441E-10
-0.00140625 0.0234375 2.05482E-10
0.00140625 0.0234375 2.05392E-10
0.00140625 0.0234375 2.08619E-10
-0.00609375 0.101563 2.03787E-10
0.00515625 0.0859375 2.04452E-10
-0.00515625 0.0859375 2.05678E-10
0.00796875 0.132812 2.04514E-10
-0.00046875 0.0078125 2.034E-10
-0.00609375 0.101563 2.06043E-10
0.00515625 0.0859375 2.0434E-10
-0.00421875 0.0703125 2.07209E-10
0.00609375 0.101563 2.04323E-10
0.0164062 0.273437 2.03719E-10
0.00046875 0.0078125 2.05089E-10
-0.00609375 0.101563 2.09193E-10
0.00515625 0.0859375 2.05059E-10
-0.00046875 0.0078125 2.05569E-10
0.00984375 0.164062 2.06689E-10
0.0295312 0.492188 2.04426E-10
0.00796875 0.132812 2.03173E-10
-0.00890625 0.148438 2.04961E-10
0.0210937 0.351562 2.04032E-10
-0.00140625 0.0234375 2.02718E-10
-0.0135937 0.226562 2.07782E-10
-0.00046875 0.0078125 2.02859E-10
-0.00984375 0.164062 2.10434E-10
0.00890625 0.148438 2.05394E-10
-0.00890625 0.148438 2.01828E-10
-0.0192187 0.320312 2.02806E-10
-0.00046875 0.0078125 2.05771E-10
0.00421875 0.0703125 2.05512E-10
0.0117188 0.195312 2.02923E-10
0.0201563 0.335938 2.03728E-10
-0.0173437 0.289062 2.03829E-10
0.00890625 0.148438 2.03699E-10
0.00234375 0.0390625 2.03891E-10
0.00609375 0.101563 2.03542E-10
-0.00234375 0.0390625 2.04081E-10
0.00984375 0.164062 2.03756E-10
0.00234375 0.0390625 2.03985E-10
-0.00140625 0.0234375 2.02629E-10
-0.00421875 0.0703125 2.05867E-10
0.00515625 0.0859375 2.04345E-10
-0.00328125 0.0546875 2.04824E-10
-0.00140625 0.0234375 2.05772E-10
-0.0192187 0.320312 2.05462E-10
-0.00234375 0.0390625 2.03929E-10
-0.00140625 0.0234375 2.05228E-10
0.00609375 0.101563 2.04944E-10
0.00703125 0.117188 2.05323E-10
0.00421875 0.0703125 2.07207E-10
-0.00796875 0.132812 2.05964E-10
-0.0154687 0.257812 2.05044E-10
-0.00796875 0.132812 2.06094E-10
-0.00328125 0.0546875 2.07523E-10
-0.00328125 0.0546875 2.05148E-10
-0.00140625 0.0234375 2.03889E-10
-0.0126562 0.210938 2.03442E-10
0.00421875 0.0703125 2.04496E-10
-0.00421875 0.0703125 2.00452E-10
-0.0107812 0.179688 2.04702E-10
-0.0173437 0.289062 2.04989E-10
0.00515625 0.0859375 2.03527E-10
0.0192187 0.320312 2.02998E-10
0.00890625 0.148438 2.04041E-10
-0.00328125 0.0546875 2.08043E-10
-0.00234375 0.0390625 2.02148E-10
-0.00609375 0.101563 2.05083E-10
0.00609375 0.101563 2.06437E-10
-0.00890625 0.148438 2.04551E-10
0.00890625 0.148438 2.05818E-10
0.00046875 0.0078125 2.04309E-10
-0.00703125 0.117188 2.0353E-10
-0.00984375 0.164062 2.06152E-10
0.00234375 0.0390625 2.05018E-10
-0.0126562 0.210938 2.0323E-10
-0.0117188 0.195312 2.0346E-10
-0.00609375 0.101563 2.04505E-10
-0.00515625 0.0859375 2.03521E-10
-0.00046875 0.0078125 2.06749E-10
0.0107812 0.179688 2.06114E-10
0.00328125 0.0546875 2.02644E-10
-0.0164062 0.273437 2.04989E-10
0.00609375 0.101563 2.02969E-10
-0.0201563 0.335938 2.04533E-10
0.00421875 0.0703125 2.03651E-10
-0.00421875 0.0703125 2.04989E-10
-0.00328125 0.0546875 2.06246E-10
0.0107812 0.179688 2.06331E-10
-0.00234375 0.0390625 2.05775E-10
-0.00046875 0.0078125 2.04731E-10
-0.00046875 0.0078125 2.06139E-10
0.00328125 0.0546875 2.06603E-10
0.0117188 0.195312 2.06068E-10
-0.00140625 0.0234375 2.04719E-10
-0.0220313 0.367188 2.09729E-10
-0.0164062 0.273437 2.02231E-10
0.00046875 0.0078125 2.04247E-10
0.00421875 0.0703125 2.09585E-10
0.00046875 0.0078125 2.01908E-10
0.0182812 0.304688 2.03133E-10
-0.0182812 0.304688 2.0533E-10
0.00140625 0.0234375 2.03573E-10
-0.0220313 0.367188 2.04179E-10
0.0117188 0.195312 2.03014E-10
-0.0192187 0.320312 2.04259E-10
0.00046875 0.0078125 2.04567E-10
-0.00421875 0.0703125 2.0393E-10
-0.0135937 0.226562 2.02881E-10
-0.0239062 0.398437 2.03702E-10
-0.00234375 0.0390625 2.03399E-10
0.00703125 0.117188 2.02946E-10
-0.0135937 0.226562 2.05705E-10
0.0154687 0.257812 2.03017E-10
0.0145312 0.242188 2.04203E-10
0.0117188 0.195312 2.04826E-10
0.0126562 0.210938 2.04063E-10
0.0117188 0.195312 2.11233E-10
0.00140625 0.0234375 2.0487E-10
-0.00890625 0.148438 2.05913E-10
0.00421875 0.0703125 2.04446E-10
0.00984375 0.164062 2.03627E-10
-0.00890625 0.148438 2.0614E-10
-0.00328125 0.0546875 2.07115E-10
-0.00609375 0.101563 2.03103E-10
-0.0267187 0.445312 2.02626E-10
0.00703125 0.117188 2.03761E-10
-0.00984375 0.164062 2.02465E-10
-0.0201563 0.335938 2.06322E-10
0.00515625 0.0859375 2.03312E-10
0.0145312 0.242188 2.02023E-10
-0.00234375 0.0390625 2.02674E-10
-0.0126562 0.210938 2.05747E-10
0.00703125 0.117188 2.01962E-10
-0.00328125 0.0546875 2.03039E-10
-0.00890625 0.148438 2.02489E-10
0.0107812 0.179688 2.0348E-10
-0.0107812 0.179688 2.04958E-10
0.00703125 0.117188 2.03588E-10
-0.00421875 0.0703125 2.04113E-10
-0.00515625 0.0859375 2.05279E-10
0.00328125 0.0546875 2.05915E-10
0.00515625 0.0859375 2.04569E-10
-0.00515625 0.0859375 2.04308E-10
-0.0126562 0.210938 2.03996E-10
-0.00046875 0.0078125 2.03576E-10
0.00984375 0.164062 2.04995E-10
-0.00515625 0.0859375 2.03025E-10
-0.0154687 0.257812 2.04888E-10
-0.00140625 0.0234375 2.027E-10
0.00046875 0.0078125 2.04712E-10
-0.00890625 0.148438 2.05836E-10
0.00328125 0.0546875 2.05735E-10
0.00703125 0.117188 2.05326E-10
0.0154687 0.257812 2.03569E-10
-0.00328125 0.0546875 2.05261E-10
0.00890625 0.148438 2.0173E-10
-0.0126562 0.210938 2.05263E-10
0.0135937 0.226562 2.03482E-10
-0.00140625 0.0234375 2.06069E-10
-0.00890625 0.148438 2.06179E-10
0.00234375 0.0390625 2.06192E-10
0.00328125 0.0546875 2.05452E-10
-0.00421875 0.0703125 2.04176E-10
0.00140625 0.0234375 2.05869E-10
-0.00328125 0.0546875 2.03358E-10
0.0201563 0.335938 2.03838E-10
0.00234375 0.0390625 2.03266E-10
0.00984375 0.164062 2.0263E-10
0.00515625 0.0859375 2.05861E-10
0.00140625 0.0234375 2.06226E-10
-0.00234375 0.0390625 2.02088E-10
-0.00515625 0.0859375 2.05208E-10
-0.0173437 0.289062 2.05458E-10
-0.0126562 0.210938 2.03954E-10
0.00328125 0.0546875 2.03101E-10
0.0304687 0.507812 2.051E-10
0.0182812 0.304688 2.04547E-10
-0.0164062 0.273437 2.05418E-10
0.00234375 0.0390625 2.04295E-10
-0.0117188 0.195312 2.04062E-10
-0.00421875 0.0703125 2.02754E-10
-0.00140625 0.0234375 2.0441E-10
0.0107812 0.179688 2.04188E-10
0.00140625 0.0234375 2.02936E-10
-0.0135937 0.226562 2.03752E-10
0.00328125 0.0546875 2.0817E-10
-0.00515625 0.0859375 2.03002E-10
0.00796875 0.132812 2.04874E-10
-0.00515625 0.0859375 2.03953E-10
0.00234375 0.0390625 2.04498E-10
0.00046875 0.0078125 2.05654E-10
-0.0107812 0.179688 2.05433E-10
-0.00796875 0.132812 2.04921E-10
-0.00328125 0.0546875 2.02588E-10
-0.00890625 0.148438 2.06073E-10
0.0145312 0.242188 2.02801E-10
-0.0145312 0.242188 2.03325E-10
-0.00703125 0.117188 2.04748E-10
0.0117188 0.195312 2.03726E-10
-0.0126562 0.210938 2.0273E-10
-0.00328125 0.0546875 2.09459E-10
0.00703125 0.117188 2.04253E-10
0.00796875 0.132812 2.05157E-10
-0.00796875 0.132812 2.02398E-10
0.00328125 0.0546875 2.06768E-10
-0.0117188 0.195312 2.04739E-10
-0.0135937 0.226562 2.0558E-10
-0.00796875 0.132812 2.04967E-10
-0.00421875 0.0703125 2.03738E-10
-0.00140625 0.0234375 2.05305E-10
-0.00140625 0.0234375 2.0283E-10
0.0154687 0.257812 2.02889E-10
0.0229688 0.382813 2.03381E-10
0.00421875 0.0703125 2.05419E-10
-0.0117188 0.195312 2.02708E-10
0.00890625 0.148438 2.03653E-10
0.00234375 0.0390625 2.06036E-10
0.0126562 0.210938 2.04038E-10
0.00515625 0.0859375 2.05317E-10
-0.00140625 0.0234375 2.03731E-10
-0.00890625 0.148438 2.02815E-10
-0.0107812 0.179688 2.05091E-10
0.00234375 0.0390625 2.03674E-10
-0.00421875 0.0703125 2.0567E-10
-0.00796875 0.132812 2.04608E-10
0.00609375 0.101563 2.04692E-10
0.00328125 0.0546875 2.03241E-10
-0.00046875 0.0078125 2.03907E-10
0.00421875 0.0703125 2.05384E-10
0.00609375 0.101563 2.08346E-10
0.00328125 0.0546875 2.0575E-10
0.00140625 0.0234375 2.03409E-10
0.00421875 0.0703125 2.04714E-10
0.0304687 0.507812 2.03221E-10
0.00796875 0.132812 2.02883E-10
-0.0145312 0.242188 2.06437E-10
-0.00703125 0.117188 2.07473E-10
-0.0154687 0.257812 2.07172E-10
-0.00046875 0.0078125 2.09944E-10
-0.00046875 0.0078125 2.05531E-10
-0.0154687 0.257812 2.10573E-10
0.00515625 0.0859375 2.02759E-10
-0.00609375 0.101563 2.0183E-10
0.00703125 0.117188 2.07169E-10
0.0126562 0.210938 2.05405E-10
0.00515625 0.0859375 2.035E-10
-0.00609375 0.101563 2.05187E-10
0.00703125 0.117188 2.03279E-10
-0.00515625 0.0859375 2.05564E-10
0.00796875 0.132812 2.00504E-10
0.00890625 0.148438 2.03549E-10
-0.0154687 0.257812 2.02264E-10
0.00046875 0.0078125 2.06331E-10
-0.00328125 0.0546875 2.04792E-10
0.00703125 0.117188 2.0509E-10
0.00515625 0.0859375 2.04182E-10
0.0135937 0.226562 2.02631E-10
0.00796875 0.132812 2.06308E-10
-0.00609375 0.101563 2.07739E-10
-0.00703125 0.117188 2.03335E-10
-0.00703125 0.117188 2.03653E-10
-0.0210937 0.351562 2.03131E-10
0.00609375 0.101563 2.03244E-10
0.00328125 0.0546875 2.05545E-10
0.00515625 0.0859375 2.05421E-10
