0.00140625 0.0234375 1.43514E-10
0.00890625 0.148438 1.42619E-10
0.00046875 0.0078125 1.45192E-10
-0.00046875 0.0078125 1.40396E-10
0.0107812 0.179688 1.4354E-10
0.00046875 0.0078125 1.44671E-10
0.0117188 0.195312 1.42543E-10
0.00140625 0.0234375 1.43664E-10
0.00421875 0.0703125 1.43737E-10
-0.00140625 0.0234375 1.43061E-10
-0.00515625 0.0859375 1.42768E-10
-0.00609375 0.101563 1.45203E-10
0.0154687 0.257812 1.42967E-10
-0.00046875 0.0078125 1.44658E-10
-0.00140625 0.0234375 1.41977E-10
0.00328125 0.0546875 1.42549E-10
0.0117188 0.195312 1.42039E-10
0.0154687 0.257812 1.41547E-10
-0.00984375 0.164062 1.4315E-10
-0.0164062 0.273437 1.42482E-10
0.00046875 0.0078125 1.42489E-10
-0.00796875 0.132812 1.45395E-10
-0.0145312 0.242188 1.45124E-10
0.00140625 0.0234375 1.42617E-10
-0.00046875 0.0078125 1.40647E-10
0.00328125 0.0546875 1.42163E-10
-0.00140625 0.0234375 1.42713E-10
-0.00984375 0.164062 1.43686E-10
-0.00609375 0.101563 1.41677E-10
-0.00421875 0.0703125 1.43493E-10
0.00234375 0.0390625 1.4071E-10
-0.0239062 0.398437 1.42539E-10
-0.0370313 0.617188 1.44409E-10
-0.00046875 0.0078125 1.42674E-10
-0.0145312 0.242188 1.4311E-10
-0.0164062 0.273437 1.42615E-10
0.00234375 0.0390625 1.42416E-10
0.00796875 0.132812 1.42235E-10
-0.00515625 0.0859375 1.46222E-10
-0.00703125 0.117188 1.42273E-10
0.00796875 0.132812 1.43645E-10
-0.0117188 0.195312 1.42163E-10
0.00046875 0.0078125 1.43706E-10
0.00140625 0.0234375 1.4328E-10
0.00234375 0.0390625 1.43474E-10
0.00515625 0.0859375 1.42396E-10
-0.0135937 0.226562 1.43918E-10
-0.00515625 0.0859375 1.4611E-10
-0.00421875 0.0703125 1.44537E-10
-0.0126562 0.210938 1.42802E-10
0.00234375 0.0390625 1.42319E-10
-0.00328125 0.0546875 1.43061E-10
0.00234375 0.0390625 1.44216E-10
0.00046875 0.0078125 1.43096E-10
-0.0107812 0.179688 1.43299E-10
-0.00328125 0.0546875 1.44362E-10
0.00515625 0.0859375 1.43677E-10
-0.00703125 0.117188 1.43237E-10
-0.0135937 0.226562 1.41217E-10
-0.00140625 0.0234375 1.4216E-10
0.00234375 0.0390625 1.44007E-10
-0.0173437 0.289062 1.43784E-10
-0.00515625 0.0859375 1.44692E-10
0.0192187 0.320312 1.43428E-10
0.00421875 0.0703125 1.45258E-10
-0.00984375 0.164062 1.44037E-10
-0.0107812 0.179688 1.41879E-10
-0.0135937 0.226562 1.43835E-10
0.00703125 0.117188 1.43412E-10
-0.0182812 0.304688 1.4299E-10
0.00140625 0.0234375 1.42865E-10
-0.00703125 0.117188 1.43584E-10
0.00328125 0.0546875 1.4241E-10
0.0117188 0.195312 1.43613E-10
-0.0192187 0.320312 1.44424E-10
-0.0239062 0.398437 1.40723E-10
0.00046875 0.0078125 1.42708E-10
-0.00515625 0.0859375 1.43472E-10
-0.00796875 0.132812 1.43127E-10
-0.00421875 0.0703125 1.42562E-10
-0.00140625 0.0234375 1.42383E-10
0.0145312 0.242188 1.42902E-10
-0.00140625 0.0234375 1.44767E-10
-0.00234375 0.0390625 1.4253E-10
-0.00328125 0.0546875 1.45431E-10
0.00703125 0.117188 1.44494E-10
-0.00984375 0.164062 1.43427E-10
-0.00703125 0.117188 1.42708E-10
-0.00609375 0.101563 1.45964E-10
-0.00421875 0.0703125 1.42858E-10
0.00328125 0.0546875 1.43536E-10
0.00328125 0.0546875 1.40141E-10
-0.0126562 0.210938 1.42697E-10
0.00609375 0.101563 1.4379E-10
0.00046875 0.0078125 1.43991E-10
0.00796875 0.132812 1.43472E-10
-0.00234375 0.0390625 1.4316E-10
0.0182812 0.304688 1.42586E-10
0.00515625 0.0859375 1.43241E-10
-0.00796875 0.132812 1.45292E-10
0.00984375 0.164062 1.41018E-10
0.0164062 0.273437 1.43578E-10
0.0182812 0.304688 1.42681E-10
-0.00609375 0.101563 1.42935E-10
-0.00796875 0.132812 1.45136E-10
-0.0117188 0.195312 1.45274E-10
-0.00046875 0.0078125 1.43135E-10
0.00890625 0.148438 1.42518E-10
-0.00609375 0.101563 1.4482E-10
-0.00609375 0.101563 1.43984E-10
-0.00046875 0.0078125 1.41927E-10
-0.0117188 0.195312 1.44955E-10
-0.0117188 0.195312 1.42473E-10
-0.00046875 0.0078125 1.4474E-10
-0.0276563 0.460938 1.43265E-10
-0.00984375 0.164062 1.42431E-10
-0.00046875 0.0078125 1.42614E-10
-0.00515625 0.0859375 1.45265E-10
-0.00796875 0.132812 1.42542E-10
0.00703125 0.117188 1.4339E-10
-0.0295312 0.492188 1.45738E-10
0.00703125 0.117188 1.44322E-10
-0.00984375 0.164062 1.44923E-10
0.00140625 0.0234375 1.43954E-10
-0.0126562 0.210938 1.43646E-10
0.00234375 0.0390625 1.43388E-10
-0.0107812 0.179688 1.45992E-10
-0.00796875 0.132812 1.43754E-10
0.0117188 0.195312 1.43019E-10
-0.00984375 0.164062 1.42764E-10
0.00515625 0.0859375 1.45509E-10
0.0117188 0.195312 1.44295E-10
0.00140625 0.0234375 1.46799E-10
-0.00890625 0.148438 1.43166E-10
-0.0117188 0.195312 1.42544E-10
-0.00421875 0.0703125 1.42609E-10
-0.00890625 0.148438 1.44906E-10
0.0107812 0.179688 1.42517E-10
-0.0304687 0.507812 1.43263E-10
0.00140625 0.0234375 1.45151E-10
0.00515625 0.0859375 1.44296E-10
-0.00046875 0.0078125 1.43942E-10
0.0154687 0.257812 1.43675E-10
0.0182812 0.304688 1.42436E-10
0.00046875 0.0078125 1.42431E-10
-0.00234375 0.0390625 1.42547E-10
-0.00609375 0.101563 1.45294E-10
0.0145312 0.242188 1.43599E-10
-0.0173437 0.289062 1.4267E-10
-0.00890625 0.148438 1.44761E-10
0.0107812 0.179688 1.4192E-10
0.0210937 0.351562 1.45576E-10
0.0126562 0.210938 1.45152E-10
0.00703125 0.117188 1.45006E-10
0.0135937 0.226562 1.42177E-10
0.0154687 0.257812 1.45614E-10
-0.00328125 0.0546875 1.43191E-10
0.00328125 0.0546875 1.42237E-10
0.00234375 0.0390625 1.42215E-10
-0.00890625 0.148438 1.43275E-10
0.00609375 0.101563 1.44721E-10
0.00515625 0.0859375 1.44475E-10
0.0201563 0.335938 1.44936E-10
0.0173437 0.289062 1.4542E-10
-0.00328125 0.0546875 1.44697E-10
0.00515625 0.0859375 1.42554E-10
-0.00703125 0.117188 1.42599E-10
-0.00984375 0.164062 1.46007E-10
-0.00140625 0.0234375 1.43672E-10
0.00234375 0.0390625 1.4514E-10
-0.00328125 0.0546875 1.42943E-10
-0.0164062 0.273437 1.4566E-10
0.00890625 0.148438 1.41981E-10
-0.00421875 0.0703125 1.44545E-10
0.00703125 0.117188 1.45376E-10
0.00421875 0.0703125 1.44583E-10
-0.0145312 0.242188 1.43854E-10
0.00234375 0.0390625 1.43498E-10
-0.00328125 0.0546875 1.41705E-10
-0.0257812 0.429688 1.45796E-10
0.0107812 0.179688 1.44304E-10
-0.00609375 0.101563 1.45054E-10
-0.0126562 0.210938 1.43648E-10
-0.00140625 0.0234375 1.43165E-10
0.00703125 0.117188 1.42406E-10
0.0154687 0.257812 1.40811E-10
0.00421875 0.0703125 1.39862E-10
0.00328125 0.0546875 1.44061E-10
-0.00515625 0.0859375 1.45489E-10
-0.00234375 0.0390625 1.42473E-10
0.00890625 0.148438 1.44697E-10
0.0154687 0.257812 1.44151E-10
-0.00140625 0.0234375 1.4312E-10
0.00984375 0.164062 1.4309E-10
-0.00140625 0.0234375 1.42702E-10
-0.00609375 0.101563 1.42208E-10
0.00890625 0.148438 1.43262E-10
0.0210937 0.351562 1.4419E-10
-0.0192187 0.320312 1.42562E-10
-0.00046875 0.0078125 1.43337E-10
0.00890625 0.148438 1.42504E-10
0.0154687 0.257812 1.42397E-10
0.0229688 0.382813 1.43011E-10
-0.0126562 0.210938 1.43312E-10
0.00703125 0.117188 1.42252E-10
0.0107812 0.179688 1.42914E-10
0.00328125 0.0546875 1.44403E-10
-0.00234375 0.0390625 1.42675E-10
-0.00984375 0.164062 1.4412E-10
-0.00609375 0.101563 1.42662E-10
-0.00609375 0.101563 1.44898E-10
0.00984375 0.164062 1.42855E-10
-0.0135937 0.226562 1.4322E-10
0.0117188 0.195312 1.43449E-10
0.00890625 0.148438 1.42861E-10
-0.0173437 0.289062 1.42523E-10
-0.0164062 0.273437 1.43082E-10
0.00421875 0.0703125 1.43184E-10
0.0126562 0.210938 1.45051E-10
-0.0107812 0.179688 1.43392E-10
0.00046875 0.0078125 1.44696E-10
0.0126562 0.210938 1.44785E-10
-0.00140625 0.0234375 1.43071E-10
-0.0126562 0.210938 1.42926E-10
-0.0126562 0.210938 1.43925E-10
0.00421875 0.0703125 1.42176E-10
-0.0117188 0.195312 1.44088E-10
-0.0135937 0.226562 1.42815E-10
-0.00609375 0.101563 1.42639E-10
-0.0182812 0.304688 1.42321E-10
0.00234375 0.0390625 1.42292E-10
0.00609375 0.101563 1.43529E-10
0.00140625 0.0234375 1.41121E-10
-0.0154687 0.257812 1.43558E-10
0.00046875 0.0078125 1.42542E-10
0.00515625 0.0859375 1.4186E-10
0.00984375 0.164062 1.44592E-10
0.0117188 0.195312 1.43071E-10
-0.0164062 0.273437 1.43139E-10
-0.00609375 0.101563 1.40451E-10
-0.00703125 0.117188 1.44862E-10
0.0135937 0.226562 1.44591E-10
-0.00140625 0.0234375 1.43587E-10
-0.0145312 0.242188 1.44653E-10
0.0220313 0.367188 1.41669E-10
0.0304687 0.507812 1.40561E-10
0.00515625 0.0859375 1.40518E-10
0.0117188 0.195312 1.42605E-10
0.00515625 0.0859375 1.43519E-10
0.00046875 0.0078125 1.42378E-10
-0.0135937 0.226562 1.46743E-10
-0.0220313 0.367188 1.46229E-10
0.00046875 0.0078125 1.42443E-10
-0.00609375 0.101563 1.43956E-10
0.0173437 0.289062 1.41952E-10
-0.00609375 0.101563 1.44968E-10
0.00328125 0.0546875 1.42621E-10
0.00234375 0.0390625 1.4329E-10
0.00328125 0.0546875 1.43267E-10
-0.00609375 0.101563 1.44573E-10
0.00046875 0.0078125 1.43156E-10
-0.00890625 0.148438 1.45578E-10
-0.0107812 0.179688 1.43183E-10
-0.0210937 0.351562 1.44322E-10
0.0126562 0.210938 1.44057E-10
-0.00140625 0.0234375 1.43338E-10
-0.00703125 0.117188 1.42857E-10
-0.0145312 0.242188 1.42533E-10
0.0117188 0.195312 1.43278E-10
-0.00609375 0.101563 1.4261E-10
-0.00609375 0.101563 1.43795E-10
0.00890625 0.148438 1.45203E-10
-0.00796875 0.132812 1.41282E-10
-0.00796875 0.132812 1.42267E-10
-0.0107812 0.179688 1.4296E-10
-0.0126562 0.210938 1.41588E-10
-0.0107812 0.179688 1.43293E-10
0.00046875 0.0078125 1.43503E-10
0.00609375 0.101563 1.46158E-10
0.00234375 0.0390625 1.43529E-10
-0.0126562 0.210938 1.45668E-10
-0.0239062 0.398437 1.43502E-10
0.00421875 0.0703125 1.45247E-10
-0.00796875 0.132812 1.43503E-10
0.00984375 0.164062 1.44974E-10
-0.00234375 0.0390625 1.42516E-10
-0.0117188 0.195312 1.43772E-10
-0.00609375 0.101563 1.42691E-10
0.0164062 0.273437 1.43552E-10
-0.00328125 0.0546875 1.44633E-10
-0.0117188 0.195312 1.45197E-10
0.00609375 0.101563 1.43852E-10
-0.0126562 0.210938 1.44599E-10
-0.00984375 0.164062 1.43187E-10
-0.00046875 0.0078125 1.4548E-10
-0.0107812 0.179688 1.44623E-10
-0.00890625 0.148438 1.43885E-10
0.00984375 0.164062 1.43221E-10
0.00796875 0.132812 1.46054E-10
0.0182812 0.304688 1.41534E-10
-0.0107812 0.179688 1.43277E-10
0.00234375 0.0390625 1.44771E-10
-0.00984375 0.164062 1.43425E-10
-0.0117188 0.195312 1.44342E-10
0.00234375 0.0390625 1.46767E-10
0.0192187 0.320312 1.43281E-10
-0.00046875 0.0078125 1.43081E-10
0.00328125 0.0546875 1.43396E-10
0.00890625 0.148438 1.4412E-10
-0.00984375 0.164062 1.42383E-10
-0.00328125 0.0546875 1.43224E-10
0.00609375 0.101563 1.42049E-10
-0.00046875 0.0078125 1.43648E-10
-0.00609375 0.101563 1.44341E-10
0.0173437 0.289062 1.42197E-10
0.00140625 0.0234375 1.42451E-10
0.0117188 0.195312 1.44713E-10
-0.0135937 0.226562 1.45903E-10
-0.0267187 0.445312 1.45091E-10
0.00234375 0.0390625 1.42088E-10
-0.00890625 0.148438 1.43265E-10
0.0257812 0.429688 1.42725E-10
-0.00984375 0.164062 1.43518E-10
-0.0173437 0.289062 1.4329E-10
0.00515625 0.0859375 1.4344E-10
-0.0126562 0.210938 1.41215E-10
0.00890625 0.148438 1.45337E-10
0.00140625 0.0234375 1.44296E-10
-0.00890625 0.148438 1.43822E-10
-0.00046875 0.0078125 1.43147E-10
0.00046875 0.0078125 1.43133E-10
0.0220313 0.367188 1.44086E-10
0.00609375 0.101563 1.43581E-10
0.0210937 0.351562 1.42866E-10
-0.00234375 0.0390625 1.43E-10
-0.0229688 0.382813 1.42965E-10
-0.00421875 0.0703125 1.4303E-10
0.0107812 0.179688 1.4496E-10
-0.0126562 0.210938 1.44062E-10
0.0248437 0.414062 1.44368E-10
-0.00328125 0.0546875 1.43736E-10
0.00515625 0.0859375 1.4285E-10
-0.00140625 0.0234375 1.42309E-10
0.0229688 0.382813 1.45687E-10
-0.00328125 0.0546875 1.44829E-10
-0.00703125 0.117188 1.46031E-10
-0.0182812 0.304688 1.4308E-10
0.00609375 0.101563 1.42619E-10
-0.00515625 0.0859375 1.42381E-10
0.00421875 0.0703125 1.42654E-10
0.00328125 0.0546875 1.42042E-10
-0.00609375 0.101563 1.44091E-10
-0.00796875 0.132812 1.44761E-10
0.00890625 0.148438 1.40614E-10
-0.0173437 0.289062 1.42582E-10
-0.00796875 0.132812 1.43057E-10
-0.0126562 0.210938 1.42937E-10
0.0192187 0.320312 1.44785E-10
0.00796875 0.132812 1.41897E-10
0.00515625 0.0859375 1.42582E-10
0.0210937 0.351562 1.43827E-10
-0.0126562 0.210938 1.43471E-10
-0.00984375 0.164062 1.43617E-10
-0.00890625 0.148438 1.43317E-10
-0.0229688 0.382813 1.42839E-10
0.00046875 0.0078125 1.43235E-10
0.00796875 0.132812 1.42508E-10
-0.00328125 0.0546875 1.42864E-10
-0.00046875 0.0078125 1.44009E-10
-0.00796875 0.132812 1.45069E-10
0.00046875 0.0078125 1.40399E-10
-0.00234375 0.0390625 1.44414E-10
-0.00609375 0.101563 1.43255E-10
-0.0135937 0.226562 1.44735E-10
0.00421875 0.0703125 1.43189E-10
-0.00515625 0.0859375 1.42541E-10
-0.00421875 0.0703125 1.43965E-10
0.0201563 0.335938 1.42765E-10
-0.00234375 0.0390625 1.43582E-10
-0.00421875 0.0703125 1.43429E-10
-0.00234375 0.0390625 1.43552E-10
-0.0210937 0.351562 1.44521E-10
-0.00328125 0.0546875 1.45073E-10
0.00984375 0.164062 1.45419E-10
0.0126562 0.210938 1.40763E-10
0.0107812 0.179688 1.44815E-10
-0.0107812 0.179688 1.4256E-10
0.00328125 0.0546875 1.41497E-10
-0.00703125 0.117188 1.43103E-10
0.0182812 0.304688 1.42371E-10
-0.00515625 0.0859375 1.43408E-10
-0.00703125 0.117188 1.42936E-10
-0.00140625 0.0234375 1.44812E-10
-0.0220313 0.367188 1.45504E-10
0.00234375 0.0390625 1.42921E-10
0.0173437 0.289062 1.43417E-10
-0.0107812 0.179688 1.45385E-10
-0.00140625 0.0234375 1.40264E-10
0.00328125 0.0546875 1.43946E-10
0.00703125 0.117188 1.42128E-10
-0.00703125 0.117188 1.44748E-10
0.00421875 0.0703125 1.42467E-10
-0.00140625 0.0234375 1.44174E-10
-0.00328125 0.0546875 1.42501E-10
0.0145312 0.242188 1.44457E-10
0.00609375 0.101563 1.40751E-10
0.00234375 0.0390625 1.4205E-10
0.00890625 0.148438 1.46934E-10
-0.0107812 0.179688 1.45272E-10
0.00796875 0.132812 1.42308E-10
0.00984375 0.164062 1.42727E-10
0.00796875 0.132812 1.42523E-10
0.00046875 0.0078125 1.44768E-10
0.0126562 0.210938 1.43167E-10
0.0107812 0.179688 1.42352E-10
0.00703125 0.117188 1.42217E-10
-0.00234375 0.0390625 1.42321E-10
-0.00890625 0.148438 1.42495E-10
-0.0145312 0.242188 1.43526E-10
0.0117188 0.195312 1.43605E-10
-0.0164062 0.273437 1.43258E-10
0.00328125 0.0546875 1.45424E-10
0.0154687 0.257812 1.45589E-10
0.00609375 0.101563 1.43265E-10
-0.00515625 0.0859375 1.42184E-10
0.0117188 0.195312 1.42661E-10
0.0135937 0.226562 1.4279E-10
-0.00609375 0.101563 1.39444E-10
-0.0164062 0.273437 1.45416E-10
0.00234375 0.0390625 1.44805E-10
0.0126562 0.210938 1.45561E-10
0.00703125 0.117188 1.43001E-10
0.0126562 0.210938 1.40591E-10
0.0276563 0.460938 1.44105E-10
-0.0107812 0.179688 1.42866E-10
-0.00234375 0.0390625 1.43266E-10
0.00890625 0.148438 1.44641E-10
0.00890625 0.148438 1.43248E-10
-0.00515625 0.0859375 1.42315E-10
-0.0135937 0.226562 1.42465E-10
0.00328125 0.0546875 1.44939E-10
0.00609375 0.101563 1.42692E-10
-0.00796875 0.132812 1.42336E-10
0.00421875 0.0703125 1.43034E-10
0.00984375 0.164062 1.40631E-10
0.00328125 0.0546875 1.45153E-10
-0.0314062 0.523438 1.43078E-10
-0.00890625 0.148438 1.43266E-10
0.00140625 0.0234375 1.41445E-10
-0.00609375 0.101563 1.45462E-10
-0.00421875 0.0703125 1.45678E-10
-0.00703125 0.117188 1.42457E-10
0.00890625 0.148438 1.41999E-10
0.00703125 0.117188 1.42642E-10
0.00796875 0.132812 1.43143E-10
0.00796875 0.132812 1.41812E-10
-0.00890625 0.148438 1.41987E-10
-0.0173437 0.289062 1.462E-10
-0.0107812 0.179688 1.42119E-10
-0.0117188 0.195312 1.45344E-10
0.0107812 0.179688 1.42513E-10
0.00421875 0.0703125 1.40498E-10
0.00609375 0.101563 1.42912E-10
-0.00140625 0.0234375 1.43954E-10
0.00140625 0.0234375 1.4482E-10
-0.00796875 0.132812 1.4337E-10
0.00703125 0.117188 1.4507E-10
0.00046875 0.0078125 1.44209E-10
0.00890625 0.148438 1.44105E-10
0.0173437 0.289062 1.42285E-10
-0.00421875 0.0703125 1.43004E-10
0.0192187 0.320312 1.40605E-10
-0.0192187 0.320312 1.43702E-10
0.00421875 0.0703125 1.4381E-10
0.00515625 0.0859375 1.42449E-10
0.00421875 0.0703125 1.43361E-10
-0.00609375 0.101563 1.44608E-10
0.0164062 0.273437 1.44681E-10
0.00703125 0.117188 1.43323E-10
-0.0126562 0.210938 1.42724E-10
0.00796875 0.132812 1.42606E-10
0.0220313 0.367188 1.41197E-10
-0.00890625 0.148438 1.41711E-10
0.00421875 0.0703125 1.43527E-10
-0.00703125 0.117188 1.44789E-10
0.00703125 0.117188 1.45224E-10
0.0276563 0.460938 1.41794E-10
0.00046875 0.0078125 1.43515E-10
-0.0107812 0.179688 1.42378E-10
0.0117188 0.195312 1.45132E-10
-0.00328125 0.0546875 1.43473E-10
0.00515625 0.0859375 1.44981E-10
0.0135937 0.226562 1.43338E-10
-0.00234375 0.0390625 1.43301E-10
0.0107812 0.179688 1.42957E-10
0.00796875 0.132812 1.40568E-10
0.00703125 0.117188 1.42817E-10
-0.0135937 0.226562 1.42534E-10
-0.00796875 0.132812 1.4298E-10
-0.00421875 0.0703125 1.42355E-10
