0.00046875 0.0078125 1.56852E-10
0.00046875 0.0078125 1.61355E-10
-0.00421875 0.0703125 1.57326E-10
0.0276563 0.460938 1.5844E-10
-0.00140625 0.0234375 1.61193E-10
0.0107812 0.179688 1.6264E-10
0.00984375 0.164062 1.60488E-10
-0.00234375 0.0390625 1.60863E-10
-0.0107812 0.179688 1.61801E-10
0.00515625 0.0859375 1.60769E-10
0.0107812 0.179688 1.62125E-10
0.00609375 0.101563 1.62396E-10
0.0164062 0.273437 1.61994E-10
0.0210937 0.351562 1.60373E-10
-0.00890625 0.148438 1.61384E-10
-0.00328125 0.0546875 1.61773E-10
-0.0164062 0.273437 1.61534E-10
0.0117188 0.195312 1.5782E-10
-0.0126562 0.210938 1.59901E-10
0.00984375 0.164062 1.5719E-10
-0.00609375 0.101563 1.61399E-10
0.00796875 0.132812 1.61306E-10
-0.00234375 0.0390625 1.60543E-10
0.00421875 0.0703125 1.60543E-10
0.00515625 0.0859375 1.60267E-10
0.00609375 0.101563 1.61084E-10
0.0210937 0.351562 1.60868E-10
-0.00890625 0.148438 1.61362E-10
0.00609375 0.101563 1.62202E-10
0.0154687 0.257812 1.62036E-10
0.0164062 0.273437 1.57369E-10
0.00984375 0.164062 1.56488E-10
-0.00234375 0.0390625 1.62264E-10
-0.00421875 0.0703125 1.56528E-10
-0.0117188 0.195312 1.60964E-10
0.0210937 0.351562 1.60431E-10
0.00234375 0.0390625 1.56773E-10
0.00140625 0.0234375 1.61119E-10
-0.0135937 0.226562 1.61661E-10
-0.00234375 0.0390625 1.60681E-10
0.00515625 0.0859375 1.62116E-10
0.00234375 0.0390625 1.63272E-10
-0.00046875 0.0078125 1.57675E-10
0.00328125 0.0546875 1.60906E-10
0.00796875 0.132812 1.61264E-10
-0.00328125 0.0546875 1.61327E-10
0.0182812 0.304688 1.57742E-10
-0.00515625 0.0859375 1.59607E-10
-0.00140625 0.0234375 1.61743E-10
-0.0192187 0.320312 1.57524E-10
-0.00328125 0.0546875 1.62642E-10
-0.00234375 0.0390625 1.58131E-10
-0.0135937 0.226562 1.61245E-10
0.00234375 0.0390625 1.6063E-10
0.0145312 0.242188 1.60685E-10
-0.0164062 0.273437 1.57242E-10
-0.00515625 0.0859375 1.60867E-10
-0.0164062 0.273437 1.6134E-10
-0.0126562 0.210938 1.59339E-10
0.00046875 0.0078125 1.60666E-10
-0.00703125 0.117188 1.6278E-10
0.00515625 0.0859375 1.59496E-10
0.00046875 0.0078125 1.61213E-10
-0.00328125 0.0546875 1.60011E-10
0.00796875 0.132812 1.58634E-10
0.00609375 0.101563 1.61082E-10
-0.00515625 0.0859375 1.60156E-10
0.0107812 0.179688 1.62894E-10
0.00046875 0.0078125 1.60607E-10
-0.00328125 0.0546875 1.60719E-10
0.00328125 0.0546875 1.5829E-10
-0.00703125 0.117188 1.58896E-10
0.00328125 0.0546875 1.63391E-10
0.00796875 0.132812 1.5985E-10
-0.00796875 0.132812 1.61165E-10
-0.0145312 0.242188 1.62144E-10
-0.00328125 0.0546875 1.61477E-10
-0.0145312 0.242188 1.61526E-10
-0.00515625 0.0859375 1.60531E-10
0.00421875 0.0703125 1.58586E-10
0.00984375 0.164062 1.60091E-10
-0.00609375 0.101563 1.57339E-10
-0.00515625 0.0859375 1.57911E-10
-0.00046875 0.0078125 1.59159E-10
-0.00046875 0.0078125 1.58499E-10
0.00796875 0.132812 1.57744E-10
-0.0145312 0.242188 1.61361E-10
-0.00984375 0.164062 1.59451E-10
-0.00046875 0.0078125 1.6079E-10
-0.0126562 0.210938 1.59197E-10
0.00703125 0.117188 1.57871E-10
0.0182812 0.304688 1.58695E-10
-0.00890625 0.148438 1.62846E-10
0.0210937 0.351562 1.61584E-10
-0.00234375 0.0390625 1.6044E-10
-0.00421875 0.0703125 1.58896E-10
0.00328125 0.0546875 1.61814E-10
0.0126562 0.210938 1.59145E-10
0.0201563 0.335938 1.61745E-10
-0.00046875 0.0078125 1.6045E-10
-0.00515625 0.0859375 1.60229E-10
0.00890625 0.148438 1.60405E-10
-0.0107812 0.179688 1.61157E-10
-0.0182812 0.304688 1.58787E-10
0.00890625 0.148438 1.58128E-10
-0.00421875 0.0703125 1.62167E-10
-0.00609375 0.101563 1.60979E-10
-0.00609375 0.101563 1.60883E-10
-0.0117188 0.195312 1.58753E-10
0.00140625 0.0234375 1.61437E-10
0.00328125 0.0546875 1.60243E-10
-0.00234375 0.0390625 1.60388E-10
-0.0107812 0.179688 1.60823E-10
-0.00421875 0.0703125 1.59815E-10
-0.00140625 0.0234375 1.60621E-10
0.0135937 0.226562 1.61794E-10
0.0135937 0.226562 1.58797E-10
0.0154687 0.257812 1.60602E-10
-0.0173437 0.289062 1.60449E-10
0.00328125 0.0546875 1.60422E-10
0.00140625 0.0234375 1.58324E-10
0.0145312 0.242188 1.632E-10
-0.00890625 0.148438 1.5785E-10
0.00703125 0.117188 1.62079E-10
0.00515625 0.0859375 1.60569E-10
0.0145312 0.242188 1.60653E-10
-0.0135937 0.226562 1.57801E-10
-0.00140625 0.0234375 1.58076E-10
0.00515625 0.0859375 1.57344E-10
-0.0135937 0.226562 1.62969E-10
0.00421875 0.0703125 1.57577E-10
-0.00328125 0.0546875 1.60918E-10
0.0154687 0.257812 1.61385E-10
0.00796875 0.132812 1.60307E-10
-0.00984375 0.164062 1.60783E-10
-0.00609375 0.101563 1.61232E-10
0.00421875 0.0703125 1.56901E-10
-0.00421875 0.0703125 1.62778E-10
0.0173437 0.289062 1.60306E-10
-0.0192187 0.320312 1.61263E-10
-0.00140625 0.0234375 1.55926E-10
0.00421875 0.0703125 1.56505E-10
0.0154687 0.257812 1.5805E-10
-0.0107812 0.179688 1.57043E-10
-0.00234375 0.0390625 1.62472E-10
-0.00140625 0.0234375 1.60164E-10
0.0135937 0.226562 1.61453E-10
-0.00609375 0.101563 1.59922E-10
-0.00234375 0.0390625 1.62314E-10
-0.00046875 0.0078125 1.60959E-10
0.00890625 0.148438 1.56181E-10
-0.0107812 0.179688 1.59938E-10
-0.00046875 0.0078125 1.60918E-10
0.0220313 0.367188 1.57072E-10
-0.00421875 0.0703125 1.60765E-10
0.0117188 0.195312 1.60529E-10
-0.00234375 0.0390625 1.60244E-10
-0.00328125 0.0546875 1.59731E-10
0.0220313 0.367188 1.61909E-10
-0.00515625 0.0859375 1.598E-10
0.00421875 0.0703125 1.60099E-10
0.0145312 0.242188 1.61701E-10
-0.00046875 0.0078125 1.61423E-10
0.0285937 0.476562 1.60585E-10
0.0182812 0.304688 1.58471E-10
0.0154687 0.257812 1.61116E-10
0.00328125 0.0546875 1.61984E-10
-0.00046875 0.0078125 1.62475E-10
-0.00890625 0.148438 1.56989E-10
-0.00796875 0.132812 1.56782E-10
0.0182812 0.304688 1.60454E-10
-0.00609375 0.101563 1.6185E-10
-0.00328125 0.0546875 1.60347E-10
-0.00140625 0.0234375 1.60402E-10
0.00984375 0.164062 1.57516E-10
0.00984375 0.164062 1.60544E-10
-0.00328125 0.0546875 1.60737E-10
-0.00609375 0.101563 1.62052E-10
-0.0201563 0.335938 1.61921E-10
-0.00515625 0.0859375 1.60377E-10
0.00046875 0.0078125 1.56733E-10
-0.0126562 0.210938 1.6108E-10
0.0229688 0.382813 1.56675E-10
0.00890625 0.148438 1.58137E-10
-0.00328125 0.0546875 1.62502E-10
0.00515625 0.0859375 1.57327E-10
0.00890625 0.148438 1.58128E-10
-0.00234375 0.0390625 1.58269E-10
-0.00234375 0.0390625 1.61695E-10
0.0210937 0.351562 1.57651E-10
-0.00140625 0.0234375 1.61143E-10
0.00234375 0.0390625 1.60575E-10
-0.0182812 0.304688 1.60375E-10
0.00984375 0.164062 1.56495E-10
-0.00890625 0.148438 1.61556E-10
-0.0248437 0.414062 1.61206E-10
-0.00984375 0.164062 1.60724E-10
-0.00984375 0.164062 1.61008E-10
0.00703125 0.117188 1.6027E-10
-0.00046875 0.0078125 1.59471E-10
0.00984375 0.164062 1.57968E-10
-0.00140625 0.0234375 1.60031E-10
0.00515625 0.0859375 1.61575E-10
-0.00984375 0.164062 1.62431E-10
0.00421875 0.0703125 1.60368E-10
0.00515625 0.0859375 1.57138E-10
-0.00328125 0.0546875 1.6148E-10
-0.00328125 0.0546875 1.57477E-10
0.00046875 0.0078125 1.60703E-10
-0.00140625 0.0234375 1.58096E-10
0.0342187 0.570312 1.56365E-10
-0.0145312 0.242188 1.60854E-10
-0.00609375 0.101563 1.5767E-10
-0.00421875 0.0703125 1.61483E-10
0.00796875 0.132812 1.58758E-10
0.00890625 0.148438 1.58315E-10
0.00609375 0.101563 1.63551E-10
-0.0107812 0.179688 1.60281E-10
-0.0154687 0.257812 1.60002E-10
0.00890625 0.148438 1.58239E-10
0.00609375 0.101563 1.62039E-10
0.00609375 0.101563 1.5913E-10
0.00796875 0.132812 1.56877E-10
0.00515625 0.0859375 1.59876E-10
-0.0248437 0.414062 1.60992E-10
0.0107812 0.179688 1.61081E-10
-0.00984375 0.164062 1.59792E-10
0.00140625 0.0234375 1.61827E-10
-0.00984375 0.164062 1.56643E-10
-0.00140625 0.0234375 1.60845E-10
0.00984375 0.164062 1.62121E-10
0.00609375 0.101563 1.6016E-10
0.00140625 0.0234375 1.58166E-10
-0.00328125 0.0546875 1.56543E-10
-0.00046875 0.0078125 1.57114E-10
0.0117188 0.195312 1.61944E-10
0.0229688 0.382813 1.58723E-10
-0.00234375 0.0390625 1.58139E-10
-0.00515625 0.0859375 1.61763E-10
-0.0285937 0.476562 1.6123E-10
0.00421875 0.0703125 1.5884E-10
-0.00421875 0.0703125 1.60313E-10
-0.0192187 0.320312 1.61784E-10
-0.00140625 0.0234375 1.56971E-10
0.00046875 0.0078125 1.57278E-10
0.00140625 0.0234375 1.57998E-10
0.00140625 0.0234375 1.62788E-10
-0.00515625 0.0859375 1.57983E-10
-0.00609375 0.101563 1.59804E-10
-0.0201563 0.335938 1.60305E-10
0.0201563 0.335938 1.58873E-10
0.0145312 0.242188 1.60897E-10
-0.0182812 0.304688 1.60657E-10
0.00796875 0.132812 1.61792E-10
-0.0173437 0.289062 1.60581E-10
0.0239062 0.398437 1.56999E-10
0.0117188 0.195312 1.60976E-10
0.00046875 0.0078125 1.61261E-10
-0.00328125 0.0546875 1.61791E-10
-0.00515625 0.0859375 1.57182E-10
0.00796875 0.132812 1.58023E-10
-0.00984375 0.164062 1.62274E-10
0.00140625 0.0234375 1.60991E-10
-0.0117188 0.195312 1.61228E-10
-0.00046875 0.0078125 1.60402E-10
0.0126562 0.210938 1.606E-10
0.0192187 0.320312 1.62406E-10
-0.00328125 0.0546875 1.61053E-10
-0.00421875 0.0703125 1.60731E-10
-0.00046875 0.0078125 1.62429E-10
0.00609375 0.101563 1.62047E-10
-0.00609375 0.101563 1.62622E-10
-0.00140625 0.0234375 1.61043E-10
-0.00328125 0.0546875 1.60608E-10
0.00328125 0.0546875 1.58627E-10
0.00796875 0.132812 1.60294E-10
0.0164062 0.273437 1.58427E-10
0.0117188 0.195312 1.60978E-10
0.0107812 0.179688 1.5773E-10
-0.00234375 0.0390625 1.60335E-10
-0.00515625 0.0859375 1.60949E-10
0.00140625 0.0234375 1.62068E-10
-0.00421875 0.0703125 1.5977E-10
-0.00046875 0.0078125 1.61337E-10
0.0154687 0.257812 1.61782E-10
0.00046875 0.0078125 1.60465E-10
0.00046875 0.0078125 1.62497E-10
0.00703125 0.117188 1.56856E-10
-0.0164062 0.273437 1.58135E-10
0.00328125 0.0546875 1.58119E-10
0.00796875 0.132812 1.61901E-10
-0.00796875 0.132812 1.59838E-10
0.00890625 0.148438 1.61573E-10
0.0135937 0.226562 1.61578E-10
0.00609375 0.101563 1.57223E-10
-0.00140625 0.0234375 1.6142E-10
0.00515625 0.0859375 1.62455E-10
-0.00140625 0.0234375 1.6306E-10
-0.00703125 0.117188 1.62041E-10
0.0201563 0.335938 1.55889E-10
-0.00796875 0.132812 1.5776E-10
-0.00890625 0.148438 1.60277E-10
-0.0145312 0.242188 1.62414E-10
-0.00609375 0.101563 1.59792E-10
0.00515625 0.0859375 1.59375E-10
-0.0154687 0.257812 1.6206E-10
-0.00796875 0.132812 1.57552E-10
0.00234375 0.0390625 1.57078E-10
0.00234375 0.0390625 1.61285E-10
0.0117188 0.195312 1.61769E-10
0.00421875 0.0703125 1.60135E-10
-0.0126562 0.210938 1.6293E-10
0.00515625 0.0859375 1.58829E-10
-0.00234375 0.0390625 1.6152E-10
-0.00890625 0.148438 1.57203E-10
-0.0145312 0.242188 1.59553E-10
0.0229688 0.382813 1.58009E-10
0.0229688 0.382813 1.62162E-10
-0.00328125 0.0546875 1.57679E-10
0.0145312 0.242188 1.60386E-10
0.00421875 0.0703125 1.58361E-10
-0.00046875 0.0078125 1.60436E-10
-0.00421875 0.0703125 1.6047E-10
-0.0107812 0.179688 1.63227E-10
-0.00984375 0.164062 1.62787E-10
0.0126562 0.210938 1.60579E-10
0.0192187 0.320312 1.57695E-10
0.00890625 0.148438 1.6118E-10
0.0107812 0.179688 1.57494E-10
0.0220313 0.367188 1.60257E-10
0.00515625 0.0859375 1.6003E-10
0.00234375 0.0390625 1.61288E-10
0.00046875 0.0078125 1.60691E-10
0.0145312 0.242188 1.59784E-10
0.0107812 0.179688 1.5983E-10
0.00515625 0.0859375 1.59482E-10
0.00890625 0.148438 1.57233E-10
-0.00703125 0.117188 1.6053E-10
0.0154687 0.257812 1.60613E-10
-0.00234375 0.0390625 1.60996E-10
-0.00234375 0.0390625 1.60593E-10
-0.00890625 0.148438 1.60043E-10
-0.0210937 0.351562 1.59171E-10
0.0192187 0.320312 1.56887E-10
-0.00796875 0.132812 1.61561E-10
0.00796875 0.132812 1.56584E-10
0.0154687 0.257812 1.56813E-10
0.0107812 0.179688 1.56877E-10
0.00890625 0.148438 1.60887E-10
0.00796875 0.132812 1.61037E-10
0.00046875 0.0078125 1.61003E-10
-0.0192187 0.320312 1.56165E-10
0.00984375 0.164062 1.59236E-10
-0.0164062 0.273437 1.61518E-10
-0.0117188 0.195312 1.62737E-10
0.0107812 0.179688 1.59472E-10
0.0126562 0.210938 1.60565E-10
-0.0145312 0.242188 1.61254E-10
-0.00140625 0.0234375 1.62852E-10
0.0154687 0.257812 1.62156E-10
0.0182812 0.304688 1.59693E-10
0.00234375 0.0390625 1.60361E-10
0.00421875 0.0703125 1.6063E-10
-0.00328125 0.0546875 1.56449E-10
0.00609375 0.101563 1.60527E-10
-0.0107812 0.179688 1.61662E-10
0.00609375 0.101563 1.61021E-10
0.00234375 0.0390625 1.58168E-10
-0.0182812 0.304688 1.57603E-10
-0.0145312 0.242188 1.62074E-10
-0.0285937 0.476562 1.60703E-10
-0.00890625 0.148438 1.59932E-10
0.00609375 0.101563 1.58519E-10
0.00046875 0.0078125 1.57712E-10
0.0173437 0.289062 1.5693E-10
-0.00515625 0.0859375 1.6084E-10
-0.00515625 0.0859375 1.57387E-10
0.00046875 0.0078125 1.56578E-10
0.0126562 0.210938 1.56371E-10
-0.00890625 0.148438 1.60481E-10
0.00234375 0.0390625 1.61011E-10
-0.0135937 0.226562 1.59646E-10
-0.00984375 0.164062 1.61023E-10
-0.00234375 0.0390625 1.60339E-10
-0.00703125 0.117188 1.61226E-10
-0.00234375 0.0390625 1.57103E-10
-0.00890625 0.148438 1.62853E-10
-0.00421875 0.0703125 1.61053E-10
0.00046875 0.0078125 1.61449E-10
-0.0182812 0.304688 1.59883E-10
-0.00234375 0.0390625 1.60463E-10
0.00984375 0.164062 1.6E-10
-0.0145312 0.242188 1.61964E-10
-0.00421875 0.0703125 1.60954E-10
0.00234375 0.0390625 1.58489E-10
-0.00328125 0.0546875 1.62004E-10
-0.00796875 0.132812 1.61913E-10
-0.00703125 0.117188 1.61067E-10
0.00984375 0.164062 1.60915E-10
-0.00984375 0.164062 1.62645E-10
0.0117188 0.195312 1.61186E-10
0.00140625 0.0234375 1.6051E-10
-0.00421875 0.0703125 1.62922E-10
-0.0154687 0.257812 1.62892E-10
0.0126562 0.210938 1.60921E-10
-0.00140625 0.0234375 1.62844E-10
0.0248437 0.414062 1.59775E-10
-0.0126562 0.210938 1.62694E-10
0.0107812 0.179688 1.59278E-10
0.00890625 0.148438 1.60175E-10
-0.0154687 0.257812 1.61619E-10
0.00140625 0.0234375 1.58066E-10
0.0201563 0.335938 1.60984E-10
0.00421875 0.0703125 1.62817E-10
-0.00234375 0.0390625 1.57995E-10
0.00984375 0.164062 1.61154E-10
-0.00609375 0.101563 1.61411E-10
0.00515625 0.0859375 1.57528E-10
-0.0145312 0.242188 1.6314E-10
-0.0107812 0.179688 1.57189E-10
0.0107812 0.179688 1.56966E-10
-0.0154687 0.257812 1.61087E-10
-0.0164062 0.273437 1.6041E-10
-0.00890625 0.148438 1.56968E-10
-0.0276563 0.460938 1.58468E-10
0.0210937 0.351562 1.6156E-10
-0.00703125 0.117188 1.57146E-10
-0.00234375 0.0390625 1.6102E-10
-0.00421875 0.0703125 1.59875E-10
-0.00328125 0.0546875 1.61755E-10
-0.00046875 0.0078125 1.57223E-10
-0.0117188 0.195312 1.61172E-10
0.00328125 0.0546875 1.61795E-10
0.0107812 0.179688 1.61582E-10
0.00984375 0.164062 1.61036E-10
-0.0126562 0.210938 1.61138E-10
-0.00796875 0.132812 1.55721E-10
0.00421875 0.0703125 1.6176E-10
0.00515625 0.0859375 1.60353E-10
-0.00234375 0.0390625 1.57759E-10
0.00703125 0.117188 1.56564E-10
0.00328125 0.0546875 1.60693E-10
-0.0164062 0.273437 1.5767E-10
0.00984375 0.164062 1.57832E-10
-0.0192187 0.320312 1.60712E-10
0.00703125 0.117188 1.61159E-10
0.00984375 0.164062 1.56236E-10
-0.0164062 0.273437 1.61176E-10
-0.00234375 0.0390625 1.57901E-10
-0.0117188 0.195312 1.60728E-10
-0.0154687 0.257812 1.62349E-10
-0.0117188 0.195312 1.6137E-10
0.00140625 0.0234375 1.58651E-10
0.00234375 0.0390625 1.61142E-10
0.00046875 0.0078125 1.60946E-10
0.0135937 0.226562 1.60948E-10
0.00515625 0.0859375 1.60293E-10
-0.00796875 0.132812 1.58644E-10
0.0220313 0.367188 1.59392E-10
0.00609375 0.101563 1.58517E-10
0.00421875 0.0703125 1.61303E-10
0.00140625 0.0234375 1.61686E-10
-0.00046875 0.0078125 1.61375E-10
0.0276563 0.460938 1.60979E-10
-0.00234375 0.0390625 1.60028E-10
0.00890625 0.148438 1.6273E-10
-0.00140625 0.0234375 1.6278E-10
-0.00140625 0.0234375 1.59712E-10
0.00046875 0.0078125 1.57078E-10
0.0107812 0.179688 1.61065E-10
-0.00796875 0.132812 1.61586E-10
-0.00046875 0.0078125 1.62008E-10
0.00046875 0.0078125 1.5948E-10
0.00984375 0.164062 1.58123E-10
0.00515625 0.0859375 1.5847E-10
0.00609375 0.101563 1.60338E-10
-0.0126562 0.210938 1.58174E-10
0.00140625 0.0234375 1.60976E-10
0.00046875 0.0078125 1.61197E-10
-0.0117188 0.195312 1.60291E-10
-0.00046875 0.0078125 1.59049E-10
0.0135937 0.226562 1.61001E-10
-0.00140625 0.0234375 1.61285E-10
-0.0164062 0.273437 1.62414E-10
-0.0173437 0.289062 1.61928E-10
-0.0117188 0.195312 1.60694E-10
0.00703125 0.117188 1.60184E-10
0.00515625 0.0859375 1.61441E-10
-0.00703125 0.117188 1.57686E-10
0.00703125 0.117188 1.62641E-10
-0.00890625 0.148438 1.57833E-10
-0.0379687 0.632812 1.58147E-10
-0.0145312 0.242188 1.5978E-10
0.00515625 0.0859375 1.57628E-10
-0.00796875 0.132812 1.61109E-10
0.00421875 0.0703125 1.60024E-10
-0.00140625 0.0234375 1.57468E-10
-0.00796875 0.132812 1.5808E-10
0.00609375 0.101563 1.61328E-10
-0.0107812 0.179688 1.61435E-10
