-0.00796875 0.132812 1.55601E-09
-0.00421875 0.0703125 1.4953E-09
-0.00984375 0.164062 1.54029E-09
0.0145312 0.242188 1.49834E-09
0.00703125 0.117188 1.52668E-09
0.00796875 0.132812 1.46655E-09
0.00609375 0.101563 1.53143E-09
-0.00140625 0.0234375 1.49524E-09
-0.0154687 0.257812 1.53632E-09
0.0107812 0.179688 1.49592E-09
-0.00421875 0.0703125 1.5178E-09
-0.00140625 0.0234375 1.5265E-09
-0.00703125 0.117188 1.54207E-09
0.00046875 0.0078125 1.46664E-09
-0.00140625 0.0234375 1.53262E-09
-0.00515625 0.0859375 1.51008E-09
-0.00890625 0.148438 1.52276E-09
0.00140625 0.0234375 1.44878E-09
-0.0135937 0.226562 1.46275E-09
0.00328125 0.0546875 1.46277E-09
-0.0126562 0.210938 1.44392E-09
-0.00890625 0.148438 1.47884E-09
-0.00421875 0.0703125 1.46764E-09
-0.00421875 0.0703125 1.53121E-09
0.00609375 0.101563 1.61093E-09
-0.00890625 0.148438 1.53728E-09
0.00890625 0.148438 1.53247E-09
0.00796875 0.132812 1.605E-09
-0.0182812 0.304688 1.41913E-09
-0.00609375 0.101563 1.54603E-09
0.00328125 0.0546875 1.49799E-09
-0.00140625 0.0234375 1.59098E-09
0.0201563 0.335938 1.45799E-09
0.00328125 0.0546875 1.46196E-09
0.00234375 0.0390625 1.50864E-09
-0.00234375 0.0390625 1.43253E-09
0.00421875 0.0703125 1.57789E-09
0.0126562 0.210938 1.50057E-09
0.00796875 0.132812 1.54139E-09
0.0210937 0.351562 1.49667E-09
0.00609375 0.101563 1.56748E-09
0.00140625 0.0234375 1.4853E-09
-0.00890625 0.148438 1.49261E-09
0.00703125 0.117188 1.43761E-09
-0.0135937 0.226562 1.56316E-09
-0.0154687 0.257812 1.56255E-09
-0.0154687 0.257812 1.45711E-09
0.00703125 0.117188 1.48849E-09
-0.00703125 0.117188 1.46768E-09
-0.00046875 0.0078125 1.51675E-09
0.00140625 0.0234375 1.56123E-09
-0.00421875 0.0703125 1.52552E-09
-0.00234375 0.0390625 1.52473E-09
0.00515625 0.0859375 1.51318E-09
0.00703125 0.117188 1.64225E-09
0.00046875 0.0078125 1.52466E-09
0.00140625 0.0234375 1.47548E-09
0.0107812 0.179688 1.46503E-09
0.00703125 0.117188 1.51519E-09
0.00609375 0.101563 1.47661E-09
-0.00796875 0.132812 1.56293E-09
0.00515625 0.0859375 1.56287E-09
0.00140625 0.0234375 1.49325E-09
0.00046875 0.0078125 1.44771E-09
0.00515625 0.0859375 1.41841E-09
-0.00328125 0.0546875 1.53606E-09
-0.00140625 0.0234375 1.54675E-09
0.00046875 0.0078125 1.48651E-09
-0.00515625 0.0859375 1.42823E-09
0.00890625 0.148438 1.50686E-09
-0.00890625 0.148438 1.52445E-09
-0.00796875 0.132812 1.47293E-09
-0.00046875 0.0078125 1.5007E-09
-0.00984375 0.164062 1.56558E-09
-0.00140625 0.0234375 1.56441E-09
-0.00609375 0.101563 1.59045E-09
0.00140625 0.0234375 1.53933E-09
0.00796875 0.132812 1.40859E-09
-0.0126562 0.210938 1.55241E-09
-0.00421875 0.0703125 1.551E-09
0.00140625 0.0234375 1.43476E-09
-0.00515625 0.0859375 1.41839E-09
-0.00140625 0.0234375 1.55669E-09
-0.00609375 0.101563 1.54308E-09
-0.0126562 0.210938 1.53282E-09
-0.00796875 0.132812 1.40849E-09
-0.00984375 0.164062 1.52758E-09
-0.0145312 0.242188 1.52476E-09
-0.00421875 0.0703125 1.48861E-09
-0.00984375 0.164062 1.55527E-09
0.00421875 0.0703125 1.48544E-09
-0.00421875 0.0703125 1.58345E-09
0.0154687 0.257812 1.46575E-09
-0.00703125 0.117188 1.50503E-09
-0.00328125 0.0546875 1.4571E-09
-0.00609375 0.101563 1.48636E-09
0.00890625 0.148438 1.46841E-09
-0.00609375 0.101563 1.54274E-09
-0.0135937 0.226562 1.51695E-09
-0.00609375 0.101563 1.50644E-09
0.00234375 0.0390625 1.40609E-09
0.00046875 0.0078125 1.51373E-09
0.00046875 0.0078125 1.4645E-09
-0.0201563 0.335938 1.49595E-09
-0.0164062 0.273437 1.55971E-09
0.00796875 0.132812 1.54017E-09
-0.00890625 0.148438 1.44296E-09
0.0126562 0.210938 1.49607E-09
0.00140625 0.0234375 1.50649E-09
0.00328125 0.0546875 1.5039E-09
0.00046875 0.0078125 1.51615E-09
0.00140625 0.0234375 1.59246E-09
0.0154687 0.257812 1.42305E-09
-0.00515625 0.0859375 1.54248E-09
0.00046875 0.0078125 1.51493E-09
0.00796875 0.132812 1.41943E-09
-0.00609375 0.101563 1.49615E-09
0.0107812 0.179688 1.48748E-09
0.0117188 0.195312 1.48552E-09
-0.00328125 0.0546875 1.48801E-09
0.0135937 0.226562 1.52434E-09
-0.00796875 0.132812 1.4773E-09
-0.00796875 0.132812 1.55471E-09
-0.00703125 0.117188 1.58647E-09
0.00234375 0.0390625 1.52487E-09
0.00328125 0.0546875 1.40902E-09
-0.00140625 0.0234375 1.49727E-09
0.0154687 0.257812 1.57272E-09
0.00234375 0.0390625 1.53608E-09
0.00234375 0.0390625 1.5128E-09
0.00140625 0.0234375 1.44678E-09
-0.0126562 0.210938 1.53386E-09
-0.00515625 0.0859375 1.52407E-09
0.0135937 0.226562 1.51487E-09
0.00234375 0.0390625 1.56484E-09
0.00890625 0.148438 1.54282E-09
-0.00046875 0.0078125 1.50737E-09
-0.00046875 0.0078125 1.43809E-09
0.00796875 0.132812 1.54362E-09
0.00234375 0.0390625 1.4939E-09
0.0135937 0.226562 1.50606E-09
0.00984375 0.164062 1.47751E-09
0.00328125 0.0546875 1.4585E-09
-0.00140625 0.0234375 1.56189E-09
0.00140625 0.0234375 1.42812E-09
0.00046875 0.0078125 1.54387E-09
0.00234375 0.0390625 1.5338E-09
-0.00140625 0.0234375 1.47565E-09
-0.0145312 0.242188 1.52499E-09
-0.00609375 0.101563 1.54494E-09
-0.00328125 0.0546875 1.58161E-09
0.00984375 0.164062 1.56314E-09
-0.0107812 0.179688 1.45649E-09
-0.0164062 0.273437 1.60735E-09
0.00328125 0.0546875 1.49613E-09
0.0107812 0.179688 1.45063E-09
0.00328125 0.0546875 1.54315E-09
0.00703125 0.117188 1.40963E-09
0.00234375 0.0390625 1.54287E-09
-0.00703125 0.117188 1.42878E-09
0.00984375 0.164062 1.51267E-09
0.00609375 0.101563 1.53104E-09
-0.0220313 0.367188 1.48796E-09
-0.0135937 0.226562 1.56399E-09
-0.00328125 0.0546875 1.56652E-09
0.00140625 0.0234375 1.48925E-09
-0.0107812 0.179688 1.49421E-09
-0.00328125 0.0546875 1.47628E-09
-0.00328125 0.0546875 1.46758E-09
0.00703125 0.117188 1.51224E-09
-0.0192187 0.320312 1.53527E-09
-0.0182812 0.304688 1.52274E-09
0.0126562 0.210938 1.47782E-09
-0.00328125 0.0546875 1.42658E-09
0.0192187 0.320312 1.55377E-09
0.00609375 0.101563 1.49297E-09
-0.0117188 0.195312 1.4675E-09
-0.0107812 0.179688 1.58427E-09
-0.0173437 0.289062 1.5072E-09
0.00421875 0.0703125 1.42137E-09
-0.0107812 0.179688 1.5566E-09
0.00328125 0.0546875 1.47689E-09
0.0229688 0.382813 1.50805E-09
-0.00140625 0.0234375 1.46322E-09
0.00140625 0.0234375 1.49621E-09
-0.00046875 0.0078125 1.49664E-09
-0.0192187 0.320312 1.49675E-09
0.00515625 0.0859375 1.54112E-09
0.00796875 0.132812 1.46843E-09
0.00984375 0.164062 1.48668E-09
0.00703125 0.117188 1.47887E-09
-0.00421875 0.0703125 1.51877E-09
-0.0117188 0.195312 1.4947E-09
-0.00046875 0.0078125 1.53082E-09
0.00421875 0.0703125 1.54545E-09
0.00796875 0.132812 1.47857E-09
-0.00890625 0.148438 1.49799E-09
-0.0107812 0.179688 1.4762E-09
-0.00140625 0.0234375 1.57279E-09
0.0107812 0.179688 1.50513E-09
-0.00421875 0.0703125 1.55523E-09
-0.00703125 0.117188 1.60556E-09
-0.00609375 0.101563 1.47637E-09
-0.00609375 0.101563 1.55575E-09
-0.00328125 0.0546875 1.53146E-09
0.00703125 0.117188 1.53184E-09
-0.0192187 0.320312 1.59769E-09
-0.00421875 0.0703125 1.56881E-09
0.0135937 0.226562 1.44795E-09
0.00046875 0.0078125 1.51693E-09
0.00046875 0.0078125 1.47536E-09
-0.00234375 0.0390625 1.51396E-09
0.00515625 0.0859375 1.50223E-09
-0.0135937 0.226562 1.52921E-09
-0.0182812 0.304688 1.44274E-09
-0.00421875 0.0703125 1.53649E-09
-0.00796875 0.132812 1.49349E-09
-0.00890625 0.148438 1.65953E-09
0.00046875 0.0078125 1.55422E-09
0.00328125 0.0546875 1.60041E-09
0.00515625 0.0859375 1.46775E-09
-0.0192187 0.320312 1.53467E-09
0.00515625 0.0859375 1.54829E-09
-0.0117188 0.195312 1.52583E-09
0.0164062 0.273437 1.48629E-09
-0.00421875 0.0703125 1.50968E-09
-0.00703125 0.117188 1.56042E-09
0.00609375 0.101563 1.45825E-09
-0.00046875 0.0078125 1.50518E-09
-0.00890625 0.148438 1.4523E-09
0.00515625 0.0859375 1.50332E-09
-0.00796875 0.132812 1.49676E-09
0.00328125 0.0546875 1.49394E-09
0.0107812 0.179688 1.48768E-09
0.0117188 0.195312 1.48731E-09
-0.00421875 0.0703125 1.51024E-09
-0.0239062 0.398437 1.42846E-09
0.00328125 0.0546875 1.48609E-09
0.00234375 0.0390625 1.53385E-09
-0.0107812 0.179688 1.48674E-09
0.00984375 0.164062 1.44833E-09
0.00328125 0.0546875 1.47114E-09
-0.00140625 0.0234375 1.49533E-09
0.00234375 0.0390625 1.49794E-09
0.00796875 0.132812 1.50488E-09
-0.0126562 0.210938 1.51697E-09
-0.00796875 0.132812 1.43751E-09
0.00890625 0.148438 1.52572E-09
-0.00421875 0.0703125 1.43789E-09
0.0126562 0.210938 1.56061E-09
-0.00796875 0.132812 1.47643E-09
0.00328125 0.0546875 1.47432E-09
0.00234375 0.0390625 1.42601E-09
-0.0164062 0.273437 1.58176E-09
0.0154687 0.257812 1.53457E-09
-0.00609375 0.101563 1.53241E-09
0.00609375 0.101563 1.49625E-09
0.0126562 0.210938 1.53698E-09
-0.0107812 0.179688 1.47647E-09
0.0145312 0.242188 1.46687E-09
0.00796875 0.132812 1.5446E-09
0.00421875 0.0703125 1.51593E-09
-0.00515625 0.0859375 1.45939E-09
-0.00328125 0.0546875 1.51677E-09
0.00328125 0.0546875 1.50282E-09
-0.00609375 0.101563 1.54283E-09
0.00890625 0.148438 1.55037E-09
-0.00140625 0.0234375 1.55162E-09
0.00421875 0.0703125 1.49509E-09
0.00421875 0.0703125 1.52407E-09
0.00890625 0.148438 1.52842E-09
-0.00890625 0.148438 1.4467E-09
-0.0164062 0.273437 1.46571E-09
-0.0267187 0.445312 1.4569E-09
0.0117188 0.195312 1.50611E-09
0.00421875 0.0703125 1.52527E-09
0.00703125 0.117188 1.52645E-09
0.00703125 0.117188 1.59513E-09
0.00046875 0.0078125 1.55548E-09
0.00984375 0.164062 1.55056E-09
-0.00328125 0.0546875 1.55382E-09
-0.00140625 0.0234375 1.54216E-09
-0.00703125 0.117188 1.49788E-09
0.00703125 0.117188 1.49696E-09
0.00515625 0.0859375 1.43474E-09
0.0360937 0.601562 1.60018E-09
-0.00328125 0.0546875 1.4674E-09
-0.0135937 0.226562 1.51649E-09
0.0201563 0.335938 1.53529E-09
-0.0173437 0.289062 1.45906E-09
0.00140625 0.0234375 1.52262E-09
0.00140625 0.0234375 1.5056E-09
-0.00796875 0.132812 1.54077E-09
-0.00609375 0.101563 1.51409E-09
0.00328125 0.0546875 1.50606E-09
0.00046875 0.0078125 1.50494E-09
0.00515625 0.0859375 1.52589E-09
-0.00046875 0.0078125 1.44384E-09
0.0145312 0.242188 1.47484E-09
0.00234375 0.0390625 1.55242E-09
-0.00046875 0.0078125 1.55028E-09
0.00515625 0.0859375 1.50639E-09
-0.00046875 0.0078125 1.53702E-09
-0.00421875 0.0703125 1.49737E-09
0.00703125 0.117188 1.5277E-09
-0.00796875 0.132812 1.50558E-09
0.00234375 0.0390625 1.48733E-09
-0.00515625 0.0859375 1.4657E-09
0.00609375 0.101563 1.60471E-09
0.00234375 0.0390625 1.49354E-09
-0.00703125 0.117188 1.48481E-09
-0.0210937 0.351562 1.5153E-09
-0.00609375 0.101563 1.5328E-09
0.0117188 0.195312 1.50147E-09
-0.00609375 0.101563 1.57626E-09
0.00328125 0.0546875 1.47304E-09
0.0173437 0.289062 1.54495E-09
0.00515625 0.0859375 1.38834E-09
0.00046875 0.0078125 1.50567E-09
0.00328125 0.0546875 1.49054E-09
-0.00046875 0.0078125 1.50611E-09
-0.00140625 0.0234375 1.54263E-09
0.00984375 0.164062 1.4972E-09
0.00328125 0.0546875 1.4629E-09
0.00328125 0.0546875 1.49639E-09
-0.00796875 0.132812 1.50436E-09
-0.0239062 0.398437 1.47352E-09
-0.0239062 0.398437 1.47795E-09
0.0117188 0.195312 1.50992E-09
0.00984375 0.164062 1.59256E-09
-0.00421875 0.0703125 1.50748E-09
0.00328125 0.0546875 1.56067E-09
0.0126562 0.210938 1.51902E-09
-0.00140625 0.0234375 1.49781E-09
-0.0126562 0.210938 1.45812E-09
0.0182812 0.304688 1.53824E-09
-0.0164062 0.273437 1.44865E-09
-0.00046875 0.0078125 1.49649E-09
0.00609375 0.101563 1.535E-09
0.00328125 0.0546875 1.58427E-09
0.00421875 0.0703125 1.52536E-09
-0.00515625 0.0859375 1.54863E-09
0.00234375 0.0390625 1.49394E-09
0.0192187 0.320312 1.49062E-09
-0.00234375 0.0390625 1.48526E-09
0.00609375 0.101563 1.45725E-09
0.00703125 0.117188 1.56972E-09
0.00046875 0.0078125 1.53265E-09
0.00890625 0.148438 1.5599E-09
-0.00140625 0.0234375 1.49633E-09
-0.0107812 0.179688 1.54759E-09
-0.00609375 0.101563 1.53435E-09
0.00234375 0.0390625 1.58458E-09
-0.0145312 0.242188 1.57417E-09
0.00328125 0.0546875 1.43725E-09
-0.00140625 0.0234375 1.47621E-09
0.00234375 0.0390625 1.4992E-09
0.0107812 0.179688 1.56364E-09
0.00609375 0.101563 1.45819E-09
-0.0154687 0.257812 1.53097E-09
0.00515625 0.0859375 1.50523E-09
0.00890625 0.148438 1.54664E-09
0.00140625 0.0234375 1.50573E-09
0.00421875 0.0703125 1.52529E-09
0.00890625 0.148438 1.48318E-09
-0.0173437 0.289062 1.47671E-09
-0.00328125 0.0546875 1.54009E-09
0.00421875 0.0703125 1.4771E-09
0.00046875 0.0078125 1.48754E-09
-0.0173437 0.289062 1.43688E-09
0.00234375 0.0390625 1.48506E-09
0.00421875 0.0703125 1.55779E-09
-0.00984375 0.164062 1.59469E-09
0.0107812 0.179688 1.53403E-09
0.00234375 0.0390625 1.5062E-09
-0.00421875 0.0703125 1.49674E-09
0.0126562 0.210938 1.49876E-09
0.0107812 0.179688 1.54544E-09
0.00046875 0.0078125 1.58384E-09
0.00046875 0.0078125 1.52738E-09
-0.0154687 0.257812 1.50202E-09
0.00515625 0.0859375 1.46788E-09
-0.00328125 0.0546875 1.57291E-09
0.00796875 0.132812 1.52479E-09
0.0220313 0.367188 1.53294E-09
-0.00234375 0.0390625 1.47287E-09
0.00984375 0.164062 1.54411E-09
0.00421875 0.0703125 1.43671E-09
0.00140625 0.0234375 1.54864E-09
-0.00703125 0.117188 1.52917E-09
0.00140625 0.0234375 1.4939E-09
-0.00703125 0.117188 1.55276E-09
-0.00515625 0.0859375 1.46558E-09
-0.00984375 0.164062 1.49598E-09
-0.00796875 0.132812 1.48902E-09
0.00515625 0.0859375 1.50694E-09
-0.0126562 0.210938 1.47757E-09
-0.00140625 0.0234375 1.48773E-09
0.0201563 0.335938 1.47738E-09
0.00234375 0.0390625 1.53921E-09
0.00234375 0.0390625 1.54354E-09
0.00046875 0.0078125 1.57596E-09
-0.00796875 0.132812 1.45775E-09
0.00046875 0.0078125 1.5586E-09
-0.00703125 0.117188 1.51509E-09
-0.00046875 0.0078125 1.47953E-09
-0.00703125 0.117188 1.50527E-09
0.00703125 0.117188 1.537E-09
-0.0164062 0.273437 1.49066E-09
0.00515625 0.0859375 1.52684E-09
-0.0117188 0.195312 1.50715E-09
0.0135937 0.226562 1.51353E-09
-0.00703125 0.117188 1.57341E-09
0.00703125 0.117188 1.54647E-09
-0.00234375 0.0390625 1.58441E-09
0.00046875 0.0078125 1.56338E-09
-0.00046875 0.0078125 1.44829E-09
-0.00515625 0.0859375 1.49838E-09
-0.00703125 0.117188 1.51347E-09
0.0117188 0.195312 1.52483E-09
0.0126562 0.210938 1.47771E-09
0.00421875 0.0703125 1.47653E-09
-0.0173437 0.289062 1.52214E-09
-0.00421875 0.0703125 1.4393E-09
0.00890625 0.148438 1.49731E-09
0.00328125 0.0546875 1.5659E-09
0.00140625 0.0234375 1.54367E-09
-0.00234375 0.0390625 1.49847E-09
0.0107812 0.179688 1.47489E-09
0.00796875 0.132812 1.5065E-09
-0.0135937 0.226562 1.45776E-09
0.00421875 0.0703125 1.56288E-09
0.0117188 0.195312 1.47122E-09
0.00609375 0.101563 1.47362E-09
-0.00796875 0.132812 1.47911E-09
-0.00703125 0.117188 1.47623E-09
0.00234375 0.0390625 1.49697E-09
0.00046875 0.0078125 1.54074E-09
-0.0173437 0.289062 1.58385E-09
0.00046875 0.0078125 1.48545E-09
0.00890625 0.148438 1.50572E-09
-0.00328125 0.0546875 1.59166E-09
0.00609375 0.101563 1.54236E-09
0.0107812 0.179688 1.61414E-09
-0.00328125 0.0546875 1.58759E-09
0.00703125 0.117188 1.54461E-09
-0.00234375 0.0390625 1.47634E-09
-0.00609375 0.101563 1.5269E-09
0.00609375 0.101563 1.46724E-09
0.00046875 0.0078125 1.547E-09
-0.00328125 0.0546875 1.51503E-09
-0.0173437 0.289062 1.49479E-09
0.00609375 0.101563 1.52379E-09
0.00796875 0.132812 1.62032E-09
0.0126562 0.210938 1.4952E-09
0.0135937 0.226562 1.55529E-09
0.00421875 0.0703125 1.49486E-09
-0.00234375 0.0390625 1.56533E-09
-0.0145312 0.242188 1.52408E-09
-0.00515625 0.0859375 1.51764E-09
-0.00796875 0.132812 1.64945E-09
0.00703125 0.117188 1.58241E-09
-0.00984375 0.164062 1.52772E-09
0.00421875 0.0703125 1.5552E-09
0.00140625 0.0234375 1.58281E-09
-0.00984375 0.164062 1.52708E-09
0.0135937 0.226562 1.46605E-09
-0.0154687 0.257812 1.47285E-09
0.00140625 0.0234375 1.50327E-09
-0.00046875 0.0078125 1.54795E-09
-0.00421875 0.0703125 1.53341E-09
0.00046875 0.0078125 1.4728E-09
-0.00796875 0.132812 1.48733E-09
0.00046875 0.0078125 1.47696E-09
-0.00609375 0.101563 1.56801E-09
0.00328125 0.0546875 1.42795E-09
0.00890625 0.148438 1.50377E-09
0.0117188 0.195312 1.49923E-09
-0.0117188 0.195312 1.48716E-09
-0.00234375 0.0390625 1.54372E-09
0.00890625 0.148438 1.5199E-09
0.0117188 0.195312 1.45432E-09
-0.0182812 0.304688 1.50674E-09
0.0107812 0.179688 1.58154E-09
-0.00421875 0.0703125 1.48783E-09
-0.00140625 0.0234375 1.4459E-09
-0.00046875 0.0078125 1.54398E-09
0.0192187 0.320312 1.52307E-09
0.00890625 0.148438 1.45796E-09
0.00890625 0.148438 1.53615E-09
-0.00703125 0.117188 1.49689E-09
-0.00609375 0.101563 1.5064E-09
-0.00515625 0.0859375 1.54191E-09
0.00234375 0.0390625 1.58899E-09
-0.00140625 0.0234375 1.43043E-09
0.00046875 0.0078125 1.51492E-09
-0.0145312 0.242188 1.57292E-09
0.00796875 0.132812 1.49256E-09
0.0220313 0.367188 1.52899E-09
-0.00421875 0.0703125 1.46835E-09
