-0.0201563 0.335938 3.88368E-10
0.00328125 0.0546875 3.8134E-10
-0.00890625 0.148438 3.76152E-10
0.0201563 0.335938 3.79909E-10
0.00328125 0.0546875 3.87626E-10
0.00609375 0.101563 3.78261E-10
0.00796875 0.132812 3.75228E-10
-0.00984375 0.164062 3.74697E-10
0.00890625 0.148438 3.78459E-10
0.00421875 0.0703125 3.78902E-10
-0.00609375 0.101563 3.82011E-10
0.00890625 0.148438 3.80399E-10
-0.0164062 0.273437 3.80151E-10
-0.00234375 0.0390625 3.83125E-10
-0.00515625 0.0859375 3.74876E-10
-0.0126562 0.210938 3.78341E-10
0.0126562 0.210938 3.81373E-10
-0.00234375 0.0390625 3.7338E-10
0.00890625 0.148438 3.74573E-10
0.00046875 0.0078125 3.82391E-10
0.00046875 0.0078125 3.76109E-10
0.00046875 0.0078125 3.88579E-10
-0.00890625 0.148438 3.78507E-10
0.0126562 0.210938 3.80168E-10
0.00234375 0.0390625 3.82155E-10
0.00703125 0.117188 3.84184E-10
-0.00984375 0.164062 3.84541E-10
-0.00609375 0.101563 3.80861E-10
0.0117188 0.195312 3.77304E-10
-0.00984375 0.164062 3.75909E-10
-0.0201563 0.335938 3.71811E-10
-0.0107812 0.179688 3.82653E-10
-0.00703125 0.117188 3.82235E-10
0.00140625 0.0234375 3.7491E-10
0.0107812 0.179688 3.76204E-10
-0.00796875 0.132812 3.78022E-10
0.00140625 0.0234375 3.79663E-10
-0.0107812 0.179688 3.78203E-10
-0.00328125 0.0546875 3.80979E-10
0.0267187 0.445312 3.82175E-10
0.00515625 0.0859375 3.82684E-10
0.0117188 0.195312 3.80247E-10
-0.00609375 0.101563 3.80276E-10
0.00609375 0.101563 3.76066E-10
-0.00515625 0.0859375 3.81366E-10
-0.0267187 0.445312 3.75806E-10
-0.00140625 0.0234375 3.76868E-10
0.0201563 0.335938 3.83975E-10
-0.00515625 0.0859375 3.83397E-10
-0.00421875 0.0703125 3.88277E-10
-0.00140625 0.0234375 3.76818E-10
-0.00890625 0.148438 3.80099E-10
0.00703125 0.117188 3.85732E-10
-0.00890625 0.148438 3.77824E-10
0.00328125 0.0546875 3.82169E-10
-0.0285937 0.476562 3.81337E-10
0.0126562 0.210938 3.76421E-10
0.00796875 0.132812 3.80988E-10
0.00140625 0.0234375 3.70029E-10
0.00234375 0.0390625 3.84448E-10
0.00421875 0.0703125 3.85152E-10
0.0107812 0.179688 3.81476E-10
-0.00421875 0.0703125 3.8002E-10
0.0126562 0.210938 3.78195E-10
0.0182812 0.304688 3.83233E-10
0.00984375 0.164062 3.79147E-10
0.0154687 0.257812 3.80921E-10
0.00234375 0.0390625 3.80228E-10
-0.00984375 0.164062 3.87051E-10
-0.00515625 0.0859375 3.82866E-10
0.00609375 0.101563 3.78353E-10
0.0145312 0.242188 3.88299E-10
0.00234375 0.0390625 3.8346E-10
0.00796875 0.132812 3.80192E-10
-0.00140625 0.0234375 3.74705E-10
0.00609375 0.101563 3.82172E-10
0.0126562 0.210938 3.81202E-10
0.0229688 0.382813 3.81551E-10
-0.00046875 0.0078125 3.75592E-10
-0.0107812 0.179688 3.86766E-10
0.0117188 0.195312 3.77596E-10
0.0135937 0.226562 3.77603E-10
0.0164062 0.273437 3.80361E-10
-0.00609375 0.101563 3.8331E-10
0.0145312 0.242188 3.78444E-10
0.00984375 0.164062 3.80117E-10
0.00328125 0.0546875 3.81474E-10
-0.00328125 0.0546875 3.78775E-10
0.00421875 0.0703125 3.79513E-10
0.0126562 0.210938 3.90736E-10
-0.0107812 0.179688 3.80883E-10
-0.00796875 0.132812 3.77843E-10
0.00515625 0.0859375 3.84833E-10
-0.0239062 0.398437 3.74004E-10
-0.00421875 0.0703125 3.7684E-10
-0.0117188 0.195312 3.83462E-10
-0.00609375 0.101563 3.84999E-10
0.0126562 0.210938 3.78003E-10
-0.00796875 0.132812 3.86413E-10
0.0173437 0.289062 3.77525E-10
0.00796875 0.132812 3.78076E-10
-0.0135937 0.226562 3.78073E-10
-0.00140625 0.0234375 3.81708E-10
0.0239062 0.398437 3.80712E-10
0.00328125 0.0546875 3.87089E-10
0.0126562 0.210938 3.76695E-10
0.0164062 0.273437 3.7546E-10
0.00703125 0.117188 3.81763E-10
-0.0154687 0.257812 3.84296E-10
-0.0126562 0.210938 3.74508E-10
0.00234375 0.0390625 3.81026E-10
0.0126562 0.210938 3.74592E-10
-0.00890625 0.148438 3.83178E-10
0.00421875 0.0703125 3.80758E-10
-0.00609375 0.101563 3.8074E-10
0.0117188 0.195312 3.81342E-10
0.0117188 0.195312 3.84297E-10
-0.0107812 0.179688 3.77225E-10
0.00234375 0.0390625 3.77169E-10
-0.0220313 0.367188 3.78015E-10
-0.00421875 0.0703125 3.8234E-10
0.00609375 0.101563 3.69197E-10
-0.0342187 0.570312 3.7835E-10
0.0126562 0.210938 3.79114E-10
0.00234375 0.0390625 3.82804E-10
-0.00234375 0.0390625 3.81946E-10
0.00703125 0.117188 3.76746E-10
-0.00046875 0.0078125 3.79692E-10
-0.0220313 0.367188 3.76327E-10
-0.00046875 0.0078125 3.77539E-10
-0.00796875 0.132812 3.80336E-10
0.00328125 0.0546875 3.75002E-10
-0.0210937 0.351562 3.82084E-10
-0.0210937 0.351562 3.8324E-10
-0.00328125 0.0546875 3.79079E-10
0.00796875 0.132812 3.78122E-10
-0.00421875 0.0703125 3.76951E-10
-0.00890625 0.148438 3.80315E-10
-0.00421875 0.0703125 3.74556E-10
0.00984375 0.164062 3.808E-10
-0.00328125 0.0546875 3.82417E-10
0.00140625 0.0234375 3.80586E-10
-0.00328125 0.0546875 3.82234E-10
0.00515625 0.0859375 3.81734E-10
-0.00796875 0.132812 3.81181E-10
0.00515625 0.0859375 3.75764E-10
-0.00796875 0.132812 3.7711E-10
-0.00703125 0.117188 3.80963E-10
-0.00328125 0.0546875 3.81375E-10
0.00796875 0.132812 3.77985E-10
-0.0257812 0.429688 3.76229E-10
0.00046875 0.0078125 3.78563E-10
-0.00140625 0.0234375 3.80147E-10
-0.0117188 0.195312 3.79517E-10
-0.00140625 0.0234375 3.81125E-10
0.00421875 0.0703125 3.8473E-10
-0.00609375 0.101563 3.77555E-10
-0.0182812 0.304688 3.83119E-10
0.00140625 0.0234375 3.82437E-10
0.00515625 0.0859375 3.76615E-10
-0.0145312 0.242188 3.80153E-10
-0.00890625 0.148438 3.80445E-10
-0.00421875 0.0703125 3.77136E-10
-0.00234375 0.0390625 3.86626E-10
0.00421875 0.0703125 3.80187E-10
0.00796875 0.132812 3.81228E-10
-0.00046875 0.0078125 3.79526E-10
-0.00703125 0.117188 3.80191E-10
0.00328125 0.0546875 3.80249E-10
-0.00703125 0.117188 3.79627E-10
-0.00140625 0.0234375 3.77131E-10
-0.00234375 0.0390625 3.77066E-10
-0.00703125 0.117188 3.80587E-10
-0.00421875 0.0703125 3.83437E-10
-0.0126562 0.210938 3.80272E-10
0.00890625 0.148438 3.8314E-10
0.00140625 0.0234375 3.82156E-10
0.00046875 0.0078125 3.72801E-10
-0.00984375 0.164062 3.81117E-10
-0.00140625 0.0234375 3.80592E-10
0.00703125 0.117188 3.78161E-10
0.0126562 0.210938 3.76999E-10
-0.0135937 0.226562 3.79474E-10
0.00234375 0.0390625 3.78134E-10
-0.00890625 0.148438 3.77379E-10
0.0107812 0.179688 3.72755E-10
0.00796875 0.132812 3.71333E-10
-0.00609375 0.101563 3.73686E-10
0.00046875 0.0078125 3.77322E-10
-0.0164062 0.273437 3.77659E-10
0.00515625 0.0859375 3.82441E-10
-0.00046875 0.0078125 3.79216E-10
0.00140625 0.0234375 3.82485E-10
0.00421875 0.0703125 3.77606E-10
0.0210937 0.351562 3.82502E-10
-0.00328125 0.0546875 3.76162E-10
0.00328125 0.0546875 3.82322E-10
0.00609375 0.101563 3.78162E-10
-0.00703125 0.117188 3.81468E-10
-0.00609375 0.101563 3.81813E-10
0.00796875 0.132812 3.93999E-10
0.00046875 0.0078125 3.75455E-10
0.00703125 0.117188 3.77547E-10
-0.00984375 0.164062 3.80984E-10
0.0154687 0.257812 3.78209E-10
-0.00609375 0.101563 3.81686E-10
-0.00421875 0.0703125 3.83053E-10
-0.00328125 0.0546875 3.78184E-10
-0.00328125 0.0546875 3.77733E-10
0.00703125 0.117188 3.78084E-10
-0.00421875 0.0703125 3.79423E-10
-0.0117188 0.195312 3.73709E-10
-0.00140625 0.0234375 3.78105E-10
0.00515625 0.0859375 3.78259E-10
-0.00328125 0.0546875 3.82399E-10
0.0201563 0.335938 3.79324E-10
0.00046875 0.0078125 3.77601E-10
0.0164062 0.273437 3.85419E-10
0.00703125 0.117188 3.78646E-10
0.00421875 0.0703125 3.76856E-10
-0.00703125 0.117188 3.76241E-10
-0.0126562 0.210938 3.8078E-10
0.00046875 0.0078125 3.79589E-10
-0.0117188 0.195312 3.83399E-10
0.00328125 0.0546875 3.70123E-10
0.00234375 0.0390625 3.77687E-10
-0.00609375 0.101563 3.7616E-10
0.00890625 0.148438 3.83162E-10
-0.00328125 0.0546875 3.76288E-10
0.00046875 0.0078125 3.79915E-10
-0.00703125 0.117188 3.76524E-10
-0.0248437 0.414062 3.80101E-10
0.00140625 0.0234375 3.77993E-10
0.0164062 0.273437 3.74143E-10
-0.00140625 0.0234375 3.86019E-10
0.00609375 0.101563 3.8299E-10
-0.0257812 0.429688 3.81286E-10
-0.00890625 0.148438 3.74701E-10
0.00046875 0.0078125 3.8227E-10
-0.00234375 0.0390625 3.69572E-10
-0.00609375 0.101563 3.7561E-10
-0.00609375 0.101563 3.81182E-10
-0.00890625 0.148438 3.80411E-10
-0.00234375 0.0390625 3.785E-10
0.00890625 0.148438 3.80734E-10
-0.00421875 0.0703125 3.70385E-10
-0.00796875 0.132812 3.83521E-10
-0.0117188 0.195312 3.73541E-10
0.00609375 0.101563 3.75779E-10
-0.00609375 0.101563 3.7761E-10
0.00046875 0.0078125 3.78446E-10
0.00234375 0.0390625 3.76511E-10
-0.00984375 0.164062 3.797E-10
0.00984375 0.164062 3.8044E-10
0.00890625 0.148438 3.82054E-10
0.00796875 0.132812 3.73741E-10
-0.00796875 0.132812 3.76804E-10
-0.00703125 0.117188 3.79475E-10
-0.0107812 0.179688 3.79554E-10
-0.00796875 0.132812 3.8089E-10
0.0145312 0.242188 3.81846E-10
-0.00328125 0.0546875 3.74792E-10
0.0164062 0.273437 3.76432E-10
0.00515625 0.0859375 3.77567E-10
0.0107812 0.179688 3.78955E-10
-0.00234375 0.0390625 3.78567E-10
-0.0126562 0.210938 3.77689E-10
0.0154687 0.257812 3.82487E-10
0.00796875 0.132812 3.7918E-10
0.00046875 0.0078125 3.74691E-10
0.00140625 0.0234375 3.78157E-10
0.0107812 0.179688 3.75031E-10
0.00234375 0.0390625 3.78176E-10
-0.00703125 0.117188 3.80558E-10
0.00796875 0.132812 3.82918E-10
0.00328125 0.0546875 3.79591E-10
-0.00421875 0.0703125 3.80938E-10
0.00421875 0.0703125 3.7895E-10
-0.00890625 0.148438 3.8289E-10
-0.0154687 0.257812 3.74836E-10
-0.00984375 0.164062 3.82535E-10
0.00515625 0.0859375 3.80806E-10
-0.00328125 0.0546875 3.75305E-10
0.00515625 0.0859375 3.70842E-10
0.0107812 0.179688 3.76708E-10
-0.00140625 0.0234375 3.82225E-10
0.0107812 0.179688 3.80405E-10
0.00234375 0.0390625 3.81276E-10
-0.0107812 0.179688 3.73722E-10
-0.00046875 0.0078125 3.85493E-10
-0.0126562 0.210938 3.79685E-10
-0.00328125 0.0546875 3.77364E-10
0.00515625 0.0859375 3.79005E-10
0.00515625 0.0859375 3.83016E-10
-0.00609375 0.101563 3.85428E-10
-0.00046875 0.0078125 3.75321E-10
0.00328125 0.0546875 3.8158E-10
0.00703125 0.117188 3.77492E-10
-0.0117188 0.195312 3.78174E-10
0.0135937 0.226562 3.77687E-10
-0.0182812 0.304688 3.86894E-10
0.00609375 0.101563 3.78993E-10
0.0192187 0.320312 3.78298E-10
0.0107812 0.179688 3.7781E-10
-0.00984375 0.164062 3.86991E-10
-0.00421875 0.0703125 3.81545E-10
-0.00609375 0.101563 3.84437E-10
0.00046875 0.0078125 3.78139E-10
0.00421875 0.0703125 3.7742E-10
0.0145312 0.242188 3.81341E-10
0.00984375 0.164062 3.75828E-10
-0.00703125 0.117188 3.80066E-10
0.0239062 0.398437 3.8064E-10
0.00328125 0.0546875 3.73343E-10
0.00328125 0.0546875 3.80652E-10
0.00890625 0.148438 3.83582E-10
0.00046875 0.0078125 3.77472E-10
0.00515625 0.0859375 3.85212E-10
-0.0126562 0.210938 3.83443E-10
-0.0117188 0.195312 3.7568E-10
-0.0107812 0.179688 3.82875E-10
-0.0117188 0.195312 3.83645E-10
0.0164062 0.273437 3.82898E-10
-0.00796875 0.132812 3.84743E-10
0.0201563 0.335938 3.84004E-10
-0.0107812 0.179688 3.81024E-10
0.00140625 0.0234375 3.83724E-10
-0.00140625 0.0234375 3.81281E-10
0.00515625 0.0859375 3.77559E-10
-0.0107812 0.179688 3.8178E-10
-0.00515625 0.0859375 3.74436E-10
-0.00421875 0.0703125 3.78119E-10
0.00046875 0.0078125 3.84274E-10
-0.00421875 0.0703125 3.77257E-10
-0.00234375 0.0390625 3.88511E-10
-0.00421875 0.0703125 3.68622E-10
0.0145312 0.242188 3.78709E-10
-0.0145312 0.242188 3.80122E-10
0.0126562 0.210938 3.81861E-10
-0.0107812 0.179688 3.84855E-10
-0.00984375 0.164062 3.69514E-10
0.00796875 0.132812 3.69812E-10
-0.00421875 0.0703125 3.79907E-10
0.00328125 0.0546875 3.75314E-10
0.00984375 0.164062 3.78391E-10
-0.00328125 0.0546875 3.82327E-10
-0.00703125 0.117188 3.79852E-10
-0.0126562 0.210938 3.82132E-10
-0.00609375 0.101563 3.79715E-10
-0.0135937 0.226562 3.78097E-10
-0.00984375 0.164062 3.81652E-10
-0.0117188 0.195312 3.74478E-10
0.00984375 0.164062 3.75841E-10
-0.0126562 0.210938 3.81382E-10
0.00234375 0.0390625 3.81582E-10
-0.0107812 0.179688 3.83392E-10
0.00609375 0.101563 3.7335E-10
0.00609375 0.101563 3.74438E-10
0.00234375 0.0390625 3.81117E-10
-0.00046875 0.0078125 3.8098E-10
0.0117188 0.195312 3.81994E-10
0.00703125 0.117188 3.80654E-10
0.00609375 0.101563 3.78188E-10
-0.00890625 0.148438 3.83901E-10
-0.00328125 0.0546875 3.77288E-10
0.00796875 0.132812 3.85089E-10
0.00609375 0.101563 3.77489E-10
0.00515625 0.0859375 3.8096E-10
0.00046875 0.0078125 3.85506E-10
0.00515625 0.0859375 3.87909E-10
0.00234375 0.0390625 3.74942E-10
0.0126562 0.210938 3.74967E-10
-0.00140625 0.0234375 3.82973E-10
0.00046875 0.0078125 3.79753E-10
0.0220313 0.367188 3.81014E-10
0.00515625 0.0859375 3.83708E-10
-0.0135937 0.226562 3.81592E-10
0.00984375 0.164062 3.75934E-10
-0.00140625 0.0234375 3.81916E-10
0.00796875 0.132812 3.74924E-10
-0.00328125 0.0546875 3.7268E-10
-0.00515625 0.0859375 3.76162E-10
0.0192187 0.320312 3.82301E-10
0.00796875 0.132812 3.77827E-10
-0.00609375 0.101563 3.74572E-10
-0.0126562 0.210938 3.80724E-10
-0.00046875 0.0078125 3.82385E-10
0.00140625 0.0234375 3.80961E-10
-0.0145312 0.242188 3.81536E-10
0.0145312 0.242188 3.73512E-10
0.00328125 0.0546875 3.7758E-10
0.0107812 0.179688 3.83677E-10
-0.00984375 0.164062 3.76688E-10
-0.00234375 0.0390625 3.76372E-10
-0.00984375 0.164062 3.79281E-10
-0.00140625 0.0234375 3.75495E-10
0.00328125 0.0546875 3.81589E-10
-0.00234375 0.0390625 3.76422E-10
-0.00984375 0.164062 3.87521E-10
0.00515625 0.0859375 3.81311E-10
0.0182812 0.304688 3.77669E-10
-0.0117188 0.195312 3.77685E-10
-0.00234375 0.0390625 3.7511E-10
0.00796875 0.132812 3.80099E-10
-0.0164062 0.273437 3.7776E-10
0.00421875 0.0703125 3.76947E-10
0.0126562 0.210938 3.80269E-10
-0.00234375 0.0390625 3.73088E-10
-0.0154687 0.257812 3.72829E-10
0.00140625 0.0234375 3.84302E-10
-0.0117188 0.195312 3.83698E-10
0.0229688 0.382813 3.84458E-10
-0.0164062 0.273437 3.77896E-10
-0.00421875 0.0703125 3.78175E-10
-0.00890625 0.148438 3.83068E-10
-0.0201563 0.335938 3.82671E-10
-0.00703125 0.117188 3.81602E-10
0.00234375 0.0390625 3.7676E-10
-0.0117188 0.195312 3.80092E-10
0.0154687 0.257812 3.73561E-10
-0.00328125 0.0546875 3.80056E-10
0.00703125 0.117188 3.78525E-10
0.00515625 0.0859375 3.76667E-10
-0.0117188 0.195312 3.81229E-10
0.0145312 0.242188 3.75429E-10
0.00796875 0.132812 3.74532E-10
-0.00421875 0.0703125 3.76054E-10
0.0145312 0.242188 3.87442E-10
0.00046875 0.0078125 3.85085E-10
-0.00515625 0.0859375 3.80474E-10
-0.00609375 0.101563 3.83355E-10
0.00421875 0.0703125 3.7528E-10
0.0117188 0.195312 3.83896E-10
-0.00046875 0.0078125 3.83152E-10
-0.00328125 0.0546875 3.74759E-10
0.00140625 0.0234375 3.81296E-10
-0.0107812 0.179688 3.74806E-10
-0.0154687 0.257812 3.74894E-10
-0.0173437 0.289062 3.80312E-10
0.00328125 0.0546875 3.77749E-10
-0.00609375 0.101563 3.76948E-10
0.00703125 0.117188 3.83638E-10
0.00046875 0.0078125 3.80331E-10
0.00890625 0.148438 3.80319E-10
-0.0126562 0.210938 3.76262E-10
0.00328125 0.0546875 3.76994E-10
-0.0117188 0.195312 3.77441E-10
-0.0192187 0.320312 3.82568E-10
-0.00609375 0.101563 3.81582E-10
-0.00328125 0.0546875 3.77113E-10
-0.00421875 0.0703125 3.81875E-10
0.00140625 0.0234375 3.78269E-10
0.00703125 0.117188 3.81018E-10
-0.00515625 0.0859375 3.79174E-10
-0.00140625 0.0234375 3.82356E-10
-0.00703125 0.117188 3.8367E-10
-0.00984375 0.164062 3.81762E-10
-0.0126562 0.210938 3.82246E-10
0.0135937 0.226562 3.7525E-10
0.0107812 0.179688 3.76034E-10
0.0107812 0.179688 3.69882E-10
0.00234375 0.0390625 3.81474E-10
0.0173437 0.289062 3.84376E-10
0.00515625 0.0859375 3.81343E-10
0.00703125 0.117188 3.75106E-10
-0.0182812 0.304688 3.84468E-10
-0.00046875 0.0078125 3.78334E-10
0.0126562 0.210938 3.76321E-10
0.00703125 0.117188 3.82576E-10
-0.00890625 0.148438 3.76428E-10
-0.00234375 0.0390625 3.77621E-10
-0.00609375 0.101563 3.74694E-10
0.0117188 0.195312 3.76644E-10
-0.00421875 0.0703125 3.83226E-10
0.00234375 0.0390625 3.82648E-10
-0.00703125 0.117188 3.82149E-10
0.00421875 0.0703125 3.8318E-10
-0.00421875 0.0703125 3.73682E-10
0.0314062 0.523438 3.74893E-10
0.00984375 0.164062 3.81632E-10
0.00890625 0.148438 3.85739E-10
0.00234375 0.0390625 3.80416E-10
-0.00609375 0.101563 3.83799E-10
-0.00515625 0.0859375 3.83698E-10
0.00703125 0.117188 3.81702E-10
0.00046875 0.0078125 3.84564E-10
-0.00046875 0.0078125 3.80522E-10
-0.00703125 0.117188 3.82501E-10
-0.00890625 0.148438 3.75234E-10
0.00515625 0.0859375 3.80387E-10
0.00140625 0.0234375 3.84266E-10
-0.00609375 0.101563 3.81537E-10
-0.0164062 0.273437 3.8123E-10
-0.0107812 0.179688 3.78439E-10
-0.0192187 0.320312 3.82999E-10
-0.0107812 0.179688 3.85633E-10
0.00328125 0.0546875 3.69411E-10
-0.00796875 0.132812 3.79052E-10
-0.00046875 0.0078125 3.79649E-10
0.00703125 0.117188 3.92337E-10
