-0.0164062 0.273437 7.86155E-11
0.0126562 0.210938 7.96117E-11
-0.0126562 0.210938 7.99856E-11
0.00796875 0.132812 8.00815E-11
-0.0135937 0.226562 7.96439E-11
0.0257812 0.429688 7.78436E-11
-0.00046875 0.0078125 7.9079E-11
-0.0154687 0.257812 8.08938E-11
0.0117188 0.195312 7.98759E-11
0.0126562 0.210938 7.99559E-11
-0.00328125 0.0546875 8.02475E-11
0.00046875 0.0078125 7.8094E-11
0.00796875 0.132812 8.00925E-11
0.0107812 0.179688 7.81904E-11
-0.0154687 0.257812 8.03859E-11
0.00796875 0.132812 8.05347E-11
-0.00984375 0.164062 7.99843E-11
-0.00421875 0.0703125 7.99469E-11
0.0201563 0.335938 7.82327E-11
0.00703125 0.117188 8.00588E-11
-0.00421875 0.0703125 7.81517E-11
-0.00421875 0.0703125 7.85854E-11
0.00140625 0.0234375 7.97462E-11
-0.00796875 0.132812 7.95492E-11
0.0117188 0.195312 8.03178E-11
0.00046875 0.0078125 8.18927E-11
0.00140625 0.0234375 8.02421E-11
-0.00140625 0.0234375 7.93641E-11
-0.0220313 0.367188 8.15426E-11
-0.00609375 0.101563 7.93853E-11
-0.0126562 0.210938 7.82198E-11
-0.00984375 0.164062 8.0132E-11
0.0145312 0.242188 7.99758E-11
-0.00140625 0.0234375 7.93442E-11
0.0192187 0.320312 8.13123E-11
-0.0117188 0.195312 8.05598E-11
-0.00609375 0.101563 7.97561E-11
0.00609375 0.101563 7.93165E-11
0.0145312 0.242188 8.04945E-11
-0.00609375 0.101563 7.91908E-11
-0.0145312 0.242188 8.01475E-11
0.0182812 0.304688 7.84618E-11
0.00703125 0.117188 7.96216E-11
-0.00796875 0.132812 8.03607E-11
-0.0107812 0.179688 8.02289E-11
0.00703125 0.117188 8.05557E-11
-0.00140625 0.0234375 7.85002E-11
0.00796875 0.132812 8.0639E-11
-0.00328125 0.0546875 8.01771E-11
0.0257812 0.429688 7.76082E-11
0.00328125 0.0546875 7.99286E-11
0.0107812 0.179688 8.03246E-11
0.00609375 0.101563 8.05604E-11
-0.0117188 0.195312 8.07188E-11
-0.00234375 0.0390625 8.03859E-11
0.0126562 0.210938 8.02451E-11
0.00703125 0.117188 7.88023E-11
-0.00234375 0.0390625 7.95169E-11
-0.0135937 0.226562 8.03747E-11
-0.0126562 0.210938 8.00407E-11
0.00703125 0.117188 8.03984E-11
-0.00046875 0.0078125 8.03829E-11
-0.00796875 0.132812 8.04268E-11
0.0145312 0.242188 8.05763E-11
0.00609375 0.101563 7.80207E-11
0.00328125 0.0546875 7.99854E-11
0.00421875 0.0703125 7.82207E-11
0.00515625 0.0859375 8.0455E-11
0.00703125 0.117188 8.134E-11
0.00609375 0.101563 7.80027E-11
0.00609375 0.101563 8.168E-11
-0.00515625 0.0859375 7.85785E-11
-0.00421875 0.0703125 7.8052E-11
-0.00421875 0.0703125 7.99094E-11
0.00984375 0.164062 7.86387E-11
0.0164062 0.273437 7.95991E-11
-0.0154687 0.257812 8.11331E-11
-0.0201563 0.335938 7.97423E-11
-0.0201563 0.335938 8.00494E-11
-0.0107812 0.179688 7.81208E-11
-0.0182812 0.304688 8.04445E-11
-0.00234375 0.0390625 8.01044E-11
-0.0173437 0.289062 8.01816E-11
-0.00609375 0.101563 7.81569E-11
0.0182812 0.304688 8.0038E-11
0.0164062 0.273437 7.80486E-11
0.0192187 0.320312 7.91854E-11
0.00421875 0.0703125 8.05662E-11
-0.00234375 0.0390625 8.07604E-11
-0.00984375 0.164062 8.02239E-11
-0.00328125 0.0546875 7.9458E-11
0.00140625 0.0234375 8.0044E-11
-0.00046875 0.0078125 8.08174E-11
-0.00421875 0.0703125 8.00808E-11
-0.00140625 0.0234375 7.77678E-11
0.00890625 0.148438 8.04664E-11
0.00703125 0.117188 8.04202E-11
0.0229688 0.382813 7.83333E-11
-0.0154687 0.257812 7.99284E-11
-0.00796875 0.132812 7.87404E-11
-0.0201563 0.335938 8.04689E-11
0.00046875 0.0078125 7.93798E-11
0.00890625 0.148438 8.01839E-11
0.00421875 0.0703125 7.95355E-11
0.0164062 0.273437 7.98396E-11
-0.0182812 0.304688 7.95983E-11
0.0210937 0.351562 8.08979E-11
-0.0154687 0.257812 8.00251E-11
0.0182812 0.304688 7.91228E-11
-0.00140625 0.0234375 8.04682E-11
-0.00609375 0.101563 8.0076E-11
-0.0332812 0.554688 8.03464E-11
-0.0117188 0.195312 8.02019E-11
-0.00046875 0.0078125 8.01068E-11
-0.00703125 0.117188 8.03037E-11
-0.0164062 0.273437 7.96843E-11
-0.0248437 0.414062 8.02225E-11
-0.00609375 0.101563 7.96257E-11
0.00984375 0.164062 8.01784E-11
-0.00515625 0.0859375 7.96182E-11
0.00609375 0.101563 7.98451E-11
-0.0182812 0.304688 7.92242E-11
0.00515625 0.0859375 8.00472E-11
-0.00515625 0.0859375 8.07793E-11
0.00421875 0.0703125 7.96957E-11
0.0314062 0.523438 7.96603E-11
-0.0126562 0.210938 8.03979E-11
-0.00609375 0.101563 8.01292E-11
-0.00796875 0.132812 8.1724E-11
0.00234375 0.0390625 7.94266E-11
0.00328125 0.0546875 8.059E-11
-0.00796875 0.132812 7.99086E-11
0.0117188 0.195312 7.81624E-11
-0.00703125 0.117188 8.08749E-11
-0.00890625 0.148438 8.02347E-11
0.0182812 0.304688 7.89206E-11
0.0192187 0.320312 7.98692E-11
0.0173437 0.289062 7.97924E-11
-0.00140625 0.0234375 7.93267E-11
-0.0239062 0.398437 8.05632E-11
-0.00421875 0.0703125 7.85259E-11
0.00046875 0.0078125 7.96127E-11
0.00234375 0.0390625 7.97124E-11
0.00796875 0.132812 7.95646E-11
0.0295312 0.492188 7.94492E-11
-0.0257812 0.429688 7.8591E-11
-0.00234375 0.0390625 7.93906E-11
-0.00796875 0.132812 8.07331E-11
-0.00234375 0.0390625 7.80894E-11
0.00515625 0.0859375 8.02085E-11
-0.0192187 0.320312 8.03915E-11
-0.00609375 0.101563 8.01357E-11
-0.00984375 0.164062 7.9626E-11
-0.0220313 0.367188 8.00062E-11
-0.00703125 0.117188 7.92516E-11
-0.0295312 0.492188 8.08914E-11
0.00515625 0.0859375 7.98733E-11
0.0276563 0.460938 8.00858E-11
-0.00328125 0.0546875 8.049E-11
0.0220313 0.367188 8.01888E-11
0.00140625 0.0234375 7.94563E-11
0.0192187 0.320312 8.05659E-11
0.00609375 0.101563 7.90309E-11
-0.00234375 0.0390625 8.04887E-11
0.00890625 0.148438 7.95524E-11
0.00515625 0.0859375 7.90475E-11
-0.0201563 0.335938 7.96135E-11
-0.00984375 0.164062 7.92495E-11
-0.0201563 0.335938 8.01334E-11
-0.00140625 0.0234375 8.0875E-11
-0.00890625 0.148438 7.98106E-11
-0.00703125 0.117188 7.83128E-11
-0.00046875 0.0078125 7.96271E-11
-0.00046875 0.0078125 7.97393E-11
-0.00890625 0.148438 7.99351E-11
-0.00890625 0.148438 8.08425E-11
0.0145312 0.242188 8.00942E-11
0.00140625 0.0234375 8.08468E-11
0.00890625 0.148438 8.04464E-11
-0.00515625 0.0859375 8.00842E-11
-0.00703125 0.117188 8.01406E-11
0.00140625 0.0234375 8.02038E-11
-0.00140625 0.0234375 7.86858E-11
0.00984375 0.164062 7.79966E-11
0.00609375 0.101563 8.07607E-11
0.00046875 0.0078125 8.10235E-11
0.0164062 0.273437 7.97175E-11
0.0257812 0.429688 7.80711E-11
0.0342187 0.570312 7.76814E-11
0.00234375 0.0390625 7.78372E-11
-0.0107812 0.179688 8.05651E-11
-0.00421875 0.0703125 7.80877E-11
-0.0154687 0.257812 8.05265E-11
0.0173437 0.289062 7.91115E-11
-0.00890625 0.148438 8.05695E-11
-0.00890625 0.148438 7.9403E-11
-0.0164062 0.273437 7.81106E-11
0.00984375 0.164062 8.08253E-11
-0.0126562 0.210938 7.98394E-11
-0.00234375 0.0390625 8.15945E-11
0.00046875 0.0078125 7.9774E-11
-0.00421875 0.0703125 7.96223E-11
-0.00234375 0.0390625 7.92235E-11
0.0145312 0.242188 7.84832E-11
0.0135937 0.226562 7.99179E-11
0.00515625 0.0859375 8.03713E-11
0.00421875 0.0703125 7.81218E-11
0.00890625 0.148438 7.79224E-11
0.0182812 0.304688 7.92916E-11
0.00140625 0.0234375 8.04597E-11
-0.00890625 0.148438 8.0992E-11
0.0107812 0.179688 7.87095E-11
-0.0135937 0.226562 7.95141E-11
-0.0135937 0.226562 7.95957E-11
-0.00046875 0.0078125 8.01599E-11
-0.00515625 0.0859375 7.81193E-11
-0.0107812 0.179688 7.94049E-11
-0.0182812 0.304688 8.02187E-11
-0.00421875 0.0703125 7.93845E-11
-0.00984375 0.164062 8.08365E-11
-0.00140625 0.0234375 7.98478E-11
-0.00796875 0.132812 7.79888E-11
-0.00703125 0.117188 7.90515E-11
0.00796875 0.132812 7.98323E-11
-0.00421875 0.0703125 8.08779E-11
0.0210937 0.351562 7.92584E-11
-0.0117188 0.195312 7.99629E-11
0.00328125 0.0546875 8.0879E-11
-0.0135937 0.226562 7.98701E-11
0.00609375 0.101563 8.00131E-11
-0.0164062 0.273437 7.9363E-11
-0.00890625 0.148438 8.07135E-11
0.00703125 0.117188 7.81437E-11
-0.00140625 0.0234375 8.03088E-11
-0.00703125 0.117188 8.06973E-11
-0.00796875 0.132812 8.01162E-11
-0.0276563 0.460938 8.01729E-11
0.00234375 0.0390625 8.05197E-11
0.00046875 0.0078125 8.14397E-11
0.0164062 0.273437 8.02008E-11
0.00140625 0.0234375 7.88411E-11
-0.0295312 0.492188 7.95062E-11
-0.00609375 0.101563 8.06625E-11
0.00609375 0.101563 7.99759E-11
-0.00796875 0.132812 7.98956E-11
0.00046875 0.0078125 7.86807E-11
0.00515625 0.0859375 7.93855E-11
0.0154687 0.257812 7.94575E-11
0.0145312 0.242188 8.07999E-11
-0.00515625 0.0859375 7.98811E-11
-0.00890625 0.148438 8.02869E-11
-0.0154687 0.257812 7.78127E-11
-0.0135937 0.226562 8.09218E-11
-0.0107812 0.179688 7.9304E-11
-0.0135937 0.226562 7.96684E-11
-0.0126562 0.210938 8.08925E-11
0.00984375 0.164062 8.09132E-11
0.00796875 0.132812 7.81793E-11
-0.00421875 0.0703125 8.04633E-11
-0.0239062 0.398437 7.92749E-11
0.0210937 0.351562 7.8215E-11
-0.00703125 0.117188 8.04468E-11
-0.0107812 0.179688 8.02728E-11
-0.00796875 0.132812 7.99229E-11
-0.0210937 0.351562 7.93968E-11
0.00234375 0.0390625 8.05878E-11
0.00984375 0.164062 7.82375E-11
0.00046875 0.0078125 8.01639E-11
0.00140625 0.0234375 7.83745E-11
-0.00515625 0.0859375 8.02791E-11
0.0295312 0.492188 8.07991E-11
-0.00703125 0.117188 7.96583E-11
-0.0107812 0.179688 8.0256E-11
-0.0267187 0.445312 8.03605E-11
0.0107812 0.179688 7.77999E-11
-0.0173437 0.289062 7.94065E-11
-0.00140625 0.0234375 8.16355E-11
-0.00140625 0.0234375 7.98581E-11
-0.0201563 0.335938 8.07567E-11
-0.00609375 0.101563 7.79744E-11
0.0126562 0.210938 8.06834E-11
-0.00140625 0.0234375 8.08159E-11
0.00890625 0.148438 7.97435E-11
0.0117188 0.195312 8.04021E-11
-0.00328125 0.0546875 8.01696E-11
0.00515625 0.0859375 7.77258E-11
0.00046875 0.0078125 8.04106E-11
-0.00140625 0.0234375 7.9885E-11
0.00421875 0.0703125 8.15557E-11
-0.00515625 0.0859375 7.8163E-11
0.0126562 0.210938 7.74032E-11
-0.0126562 0.210938 8.02593E-11
-0.0145312 0.242188 8.08829E-11
-0.0135937 0.226562 8.01234E-11
0.0107812 0.179688 8.04084E-11
0.00984375 0.164062 7.96716E-11
0.0182812 0.304688 8.0283E-11
-0.0145312 0.242188 8.00223E-11
-0.0145312 0.242188 8.02515E-11
0.00046875 0.0078125 7.97769E-11
0.00046875 0.0078125 8.0957E-11
0.0192187 0.320312 7.96767E-11
0.00234375 0.0390625 7.97608E-11
0.00421875 0.0703125 7.87324E-11
0.00140625 0.0234375 7.81709E-11
0.0145312 0.242188 8.08371E-11
0.00421875 0.0703125 8.07599E-11
0.0164062 0.273437 8.06621E-11
0.00328125 0.0546875 7.89052E-11
0.0145312 0.242188 8.00024E-11
-0.0154687 0.257812 8.01268E-11
0.0210937 0.351562 7.83119E-11
0.00796875 0.132812 8.03847E-11
0.00609375 0.101563 8.05313E-11
-0.0173437 0.289062 8.01583E-11
0.0117188 0.195312 8.00404E-11
0.0229688 0.382813 7.97482E-11
-0.0173437 0.289062 7.96193E-11
0.0192187 0.320312 7.90995E-11
0.00234375 0.0390625 8.01182E-11
0.0135937 0.226562 8.03925E-11
-0.00046875 0.0078125 8.0436E-11
0.00796875 0.132812 7.93506E-11
-0.00328125 0.0546875 8.03412E-11
0.00890625 0.148438 7.89507E-11
0.00328125 0.0546875 8.01472E-11
0.00046875 0.0078125 8.05804E-11
0.00046875 0.0078125 8.0664E-11
-0.00046875 0.0078125 8.06453E-11
0.0182812 0.304688 8.10648E-11
-0.0117188 0.195312 7.94137E-11
0.0107812 0.179688 8.101E-11
-0.00140625 0.0234375 8.03068E-11
0.0107812 0.179688 7.94367E-11
0.00046875 0.0078125 7.96586E-11
0.00796875 0.132812 8.02656E-11
-0.0164062 0.273437 8.04186E-11
0.00703125 0.117188 8.09499E-11
0.00421875 0.0703125 8.0291E-11
0.0126562 0.210938 8.08372E-11
0.00796875 0.132812 7.92407E-11
-0.00609375 0.101563 7.96281E-11
0.00046875 0.0078125 7.85351E-11
0.0164062 0.273437 8.05031E-11
-0.00328125 0.0546875 8.06791E-11
-0.00609375 0.101563 8.09757E-11
0.00328125 0.0546875 7.84965E-11
-0.00234375 0.0390625 8.11394E-11
-0.00984375 0.164062 8.08174E-11
0.00609375 0.101563 8.05972E-11
0.00328125 0.0546875 7.82462E-11
0.00046875 0.0078125 7.96297E-11
0.00140625 0.0234375 8.06942E-11
0.0154687 0.257812 8.00273E-11
0.0145312 0.242188 8.00299E-11
0.00046875 0.0078125 7.96888E-11
-0.0220313 0.367188 8.07782E-11
0.0201563 0.335938 7.93203E-11
0.00328125 0.0546875 7.88699E-11
-0.00515625 0.0859375 8.07525E-11
0.0135937 0.226562 7.84211E-11
-0.00421875 0.0703125 8.05345E-11
0.0229688 0.382813 7.94764E-11
-0.0135937 0.226562 8.0974E-11
0.00609375 0.101563 8.01306E-11
-0.00515625 0.0859375 7.7951E-11
0.00609375 0.101563 8.00472E-11
0.00234375 0.0390625 7.91089E-11
0.00796875 0.132812 8.03903E-11
0.00234375 0.0390625 7.99346E-11
0.0323438 0.539063 8.00272E-11
-0.00984375 0.164062 7.80881E-11
0.00421875 0.0703125 7.82224E-11
-0.0210937 0.351562 8.05761E-11
0.00796875 0.132812 7.93537E-11
-0.0117188 0.195312 7.96972E-11
0.0117188 0.195312 7.88865E-11
-0.0248437 0.414062 7.98521E-11
-0.00984375 0.164062 7.9352E-11
0.00796875 0.132812 8.0957E-11
-0.00703125 0.117188 7.95117E-11
-0.00515625 0.0859375 8.04501E-11
0.00890625 0.148438 8.06777E-11
-0.0135937 0.226562 7.95308E-11
-0.00984375 0.164062 7.97139E-11
-0.0154687 0.257812 8.11975E-11
-0.00328125 0.0546875 8.02167E-11
0.0173437 0.289062 7.82178E-11
-0.00234375 0.0390625 8.02818E-11
0.0229688 0.382813 7.93013E-11
-0.00328125 0.0546875 7.95876E-11
0.0107812 0.179688 7.97845E-11
0.00421875 0.0703125 8.06656E-11
0.00234375 0.0390625 8.02123E-11
-0.00796875 0.132812 7.99672E-11
0.0117188 0.195312 8.04043E-11
-0.0164062 0.273437 8.02034E-11
0.00890625 0.148438 7.95649E-11
0.00234375 0.0390625 7.95367E-11
0.0126562 0.210938 7.75207E-11
-0.0107812 0.179688 7.99898E-11
0.0107812 0.179688 7.76937E-11
0.0135937 0.226562 7.99621E-11
0.00140625 0.0234375 8.10377E-11
0.0192187 0.320312 7.9474E-11
-0.00515625 0.0859375 8.00872E-11
-0.00984375 0.164062 7.98076E-11
-0.00421875 0.0703125 7.94671E-11
-0.00609375 0.101563 8.00362E-11
0.0117188 0.195312 7.93252E-11
0.00421875 0.0703125 8.05928E-11
0.00234375 0.0390625 7.90083E-11
-0.0267187 0.445312 8.14945E-11
0.00703125 0.117188 7.90014E-11
-0.00890625 0.148438 8.06699E-11
0.00140625 0.0234375 7.95814E-11
0.00421875 0.0703125 7.81461E-11
0.00703125 0.117188 8.02677E-11
-0.00046875 0.0078125 7.80029E-11
0.00609375 0.101563 7.96593E-11
0.0192187 0.320312 7.87783E-11
0.00796875 0.132812 7.95289E-11
0.00515625 0.0859375 8.04616E-11
0.00234375 0.0390625 7.7906E-11
0.00328125 0.0546875 7.96155E-11
0.00234375 0.0390625 8.07385E-11
-0.00703125 0.117188 7.95922E-11
0.0295312 0.492188 7.94762E-11
-0.0126562 0.210938 7.99062E-11
-0.0135937 0.226562 7.79627E-11
-0.00140625 0.0234375 7.93352E-11
-0.00234375 0.0390625 7.85769E-11
0.00421875 0.0703125 8.03222E-11
-0.00140625 0.0234375 8.0826E-11
-0.0164062 0.273437 8.11044E-11
-0.00703125 0.117188 7.97953E-11
0.0173437 0.289062 7.81241E-11
-0.00609375 0.101563 7.97249E-11
-0.00234375 0.0390625 8.0589E-11
0.0182812 0.304688 7.99512E-11
-0.00609375 0.101563 7.94313E-11
0.00890625 0.148438 8.04897E-11
0.0267187 0.445312 7.90242E-11
-0.00234375 0.0390625 8.07714E-11
0.00796875 0.132812 7.94221E-11
0.0117188 0.195312 7.80093E-11
0.00515625 0.0859375 7.78999E-11
-0.00140625 0.0234375 8.17107E-11
-0.00796875 0.132812 8.07216E-11
0.00421875 0.0703125 8.04522E-11
0.00890625 0.148438 7.95818E-11
-0.00609375 0.101563 7.79957E-11
-0.00796875 0.132812 7.80289E-11
-0.00140625 0.0234375 8.08083E-11
0.00140625 0.0234375 7.91574E-11
-0.00328125 0.0546875 8.09703E-11
0.0154687 0.257812 8.06748E-11
0.00421875 0.0703125 8.04065E-11
-0.00140625 0.0234375 8.06864E-11
-0.0173437 0.289062 8.054E-11
-0.0276563 0.460938 8.04393E-11
0.0154687 0.257812 7.99893E-11
0.00046875 0.0078125 7.89124E-11
0.0145312 0.242188 8.04048E-11
0.0107812 0.179688 8.00726E-11
0.00046875 0.0078125 7.97891E-11
0.0220313 0.367188 7.95882E-11
0.00328125 0.0546875 7.93701E-11
0.0107812 0.179688 8.15681E-11
0.0164062 0.273437 7.99046E-11
0.0126562 0.210938 7.97452E-11
-0.00796875 0.132812 8.04555E-11
-0.00796875 0.132812 8.08681E-11
0.00609375 0.101563 7.82932E-11
0.0117188 0.195312 8.02345E-11
0.00796875 0.132812 8.03087E-11
-0.00515625 0.0859375 7.80919E-11
-0.00984375 0.164062 7.9237E-11
-0.00328125 0.0546875 7.8065E-11
0.00421875 0.0703125 7.9359E-11
0.00515625 0.0859375 7.8808E-11
0.00328125 0.0546875 7.94655E-11
-0.0201563 0.335938 8.03839E-11
-0.00515625 0.0859375 7.95951E-11
0.00515625 0.0859375 7.97774E-11
0.00609375 0.101563 7.76621E-11
-0.00140625 0.0234375 8.00869E-11
-0.00796875 0.132812 7.964E-11
-0.00421875 0.0703125 7.92967E-11
0.0164062 0.273437 7.99307E-11
-0.0126562 0.210938 8.02268E-11
-0.00234375 0.0390625 7.94551E-11
0.0135937 0.226562 8.05581E-11
-0.00140625 0.0234375 8.0657E-11
0.0192187 0.320312 8.0512E-11
-0.00609375 0.101563 7.82348E-11
0.0201563 0.335938 8.00846E-11
-0.00046875 0.0078125 8.16975E-11
-0.0107812 0.179688 7.89748E-11
0.0173437 0.289062 8.01715E-11
