0.0145312 0.242188 5.563E-10
-0.0145312 0.242188 5.64172E-10
0.00515625 0.0859375 5.35925E-10
-0.00234375 0.0390625 5.76719E-10
0.0107812 0.179688 5.59617E-10
-0.00515625 0.0859375 5.67715E-10
0.00890625 0.148438 5.8363E-10
-0.00609375 0.101563 5.44073E-10
0.00234375 0.0390625 5.58587E-10
-0.00796875 0.132812 5.77346E-10
-0.0145312 0.242188 5.67009E-10
-0.00140625 0.0234375 5.46896E-10
0.00609375 0.101563 5.54294E-10
-0.00046875 0.0078125 5.3439E-10
-0.0164062 0.273437 5.7026E-10
0.00046875 0.0078125 5.62855E-10
0.00515625 0.0859375 5.42926E-10
0.0164062 0.273437 5.34984E-10
0.00328125 0.0546875 5.53167E-10
0.00703125 0.117188 5.54837E-10
-0.0135937 0.226562 5.44351E-10
0.0173437 0.289062 5.74749E-10
-0.0126562 0.210938 5.95481E-10
-0.0220313 0.367188 5.68476E-10
0.0229688 0.382813 5.64428E-10
-0.00890625 0.148438 5.54847E-10
-0.00234375 0.0390625 5.67787E-10
-0.00234375 0.0390625 5.73745E-10
0.00515625 0.0859375 5.67611E-10
-0.00328125 0.0546875 5.59378E-10
-0.00421875 0.0703125 5.44405E-10
0.00984375 0.164062 5.55058E-10
-0.00609375 0.101563 5.83189E-10
0.0107812 0.179688 5.37313E-10
0.0117188 0.195312 5.55963E-10
-0.00796875 0.132812 5.56578E-10
-0.00984375 0.164062 5.7287E-10
-0.00515625 0.0859375 5.51252E-10
-0.00796875 0.132812 5.56382E-10
0.00234375 0.0390625 5.76827E-10
-0.0173437 0.289062 5.65741E-10
-0.0164062 0.273437 5.68985E-10
0.00515625 0.0859375 5.5574E-10
0.00890625 0.148438 5.31454E-10
0.00515625 0.0859375 5.66918E-10
-0.0276563 0.460938 5.62438E-10
-0.0126562 0.210938 5.46611E-10
-0.00140625 0.0234375 5.67188E-10
-0.00234375 0.0390625 5.5583E-10
-0.0145312 0.242188 5.59678E-10
-0.00703125 0.117188 5.62872E-10
-0.00046875 0.0078125 5.54948E-10
0.00609375 0.101563 5.57681E-10
0.00515625 0.0859375 5.40857E-10
-0.00984375 0.164062 5.45541E-10
0.0173437 0.289062 5.79484E-10
0.00140625 0.0234375 5.69369E-10
-0.0248437 0.414062 5.56367E-10
0.00328125 0.0546875 5.44987E-10
0.0107812 0.179688 5.56933E-10
-0.00140625 0.0234375 5.62857E-10
-0.0126562 0.210938 5.56227E-10
0.00421875 0.0703125 5.66782E-10
-0.00609375 0.101563 5.45148E-10
-0.00796875 0.132812 5.66178E-10
0.00609375 0.101563 5.81615E-10
-0.00796875 0.132812 5.75625E-10
0.00421875 0.0703125 5.55422E-10
0.00421875 0.0703125 5.76782E-10
-0.00703125 0.117188 5.76923E-10
0.00421875 0.0703125 5.52114E-10
0.00515625 0.0859375 5.67378E-10
0.00234375 0.0390625 5.56078E-10
-0.00234375 0.0390625 5.67064E-10
-0.00046875 0.0078125 5.33104E-10
-0.00609375 0.101563 5.74501E-10
-0.00328125 0.0546875 5.74017E-10
-0.00703125 0.117188 5.61437E-10
0.00609375 0.101563 5.55986E-10
0.00234375 0.0390625 5.73065E-10
-0.0107812 0.179688 5.8898E-10
-0.0182812 0.304688 5.67218E-10
0.00234375 0.0390625 5.41164E-10
-0.00515625 0.0859375 5.50515E-10
-0.0210937 0.351562 5.52821E-10
-0.00140625 0.0234375 5.66017E-10
0.00890625 0.148438 5.56102E-10
0.0107812 0.179688 5.49078E-10
-0.00796875 0.132812 5.87843E-10
-0.0145312 0.242188 5.56708E-10
0.00515625 0.0859375 5.15789E-10
0.00609375 0.101563 5.63723E-10
-0.00609375 0.101563 5.55846E-10
0.00328125 0.0546875 5.43117E-10
0.00421875 0.0703125 5.66654E-10
0.00984375 0.164062 5.33211E-10
0.00046875 0.0078125 5.35744E-10
0.0182812 0.304688 5.68563E-10
0.00796875 0.132812 5.46202E-10
0.00234375 0.0390625 5.5135E-10
0.00421875 0.0703125 5.489E-10
0.0117188 0.195312 5.65157E-10
-0.00609375 0.101563 5.65345E-10
0.00234375 0.0390625 5.58366E-10
0.0220313 0.367188 5.85176E-10
-0.0117188 0.195312 5.54684E-10
-0.00046875 0.0078125 5.77311E-10
0.00609375 0.101563 5.90094E-10
0.00703125 0.117188 5.97205E-10
0.0126562 0.210938 5.86208E-10
0.00328125 0.0546875 5.66272E-10
0.00234375 0.0390625 5.53438E-10
-0.00515625 0.0859375 5.4294E-10
0.0192187 0.320312 5.55204E-10
-0.0107812 0.179688 5.56049E-10
-0.00609375 0.101563 5.62311E-10
0.00046875 0.0078125 5.44233E-10
-0.0117188 0.195312 5.33222E-10
-0.00046875 0.0078125 5.64039E-10
-0.00328125 0.0546875 5.43623E-10
-0.00421875 0.0703125 5.78878E-10
-0.00328125 0.0546875 5.86837E-10
-0.00421875 0.0703125 5.4265E-10
-0.0117188 0.195312 5.71568E-10
0.00140625 0.0234375 5.81884E-10
-0.00703125 0.117188 5.52081E-10
-0.00046875 0.0078125 5.84384E-10
0.00515625 0.0859375 5.79563E-10
-0.00703125 0.117188 5.59583E-10
-0.0145312 0.242188 5.79343E-10
0.0154687 0.257812 5.72015E-10
0.00984375 0.164062 5.76122E-10
0.00890625 0.148438 5.53481E-10
0.00703125 0.117188 5.68352E-10
-0.00140625 0.0234375 5.55961E-10
-0.00234375 0.0390625 5.77479E-10
-0.00140625 0.0234375 5.56884E-10
0.0107812 0.179688 5.44634E-10
0.00046875 0.0078125 5.74151E-10
-0.0164062 0.273437 5.55958E-10
0.0145312 0.242188 5.53724E-10
-0.0145312 0.242188 5.6916E-10
0.0107812 0.179688 5.635E-10
0.00328125 0.0546875 5.7926E-10
-0.00328125 0.0546875 5.6257E-10
-0.00421875 0.0703125 5.66407E-10
-0.00140625 0.0234375 5.57924E-10
0.0117188 0.195312 5.75253E-10
-0.00609375 0.101563 5.56058E-10
-0.00234375 0.0390625 5.50296E-10
-0.00890625 0.148438 5.6757E-10
-0.0229688 0.382813 5.77576E-10
-0.0145312 0.242188 5.6722E-10
-0.00984375 0.164062 5.5777E-10
0.00421875 0.0703125 5.41232E-10
-0.00796875 0.132812 5.63277E-10
-0.0126562 0.210938 5.6906E-10
-0.00140625 0.0234375 5.60525E-10
-0.00328125 0.0546875 5.58091E-10
-0.00421875 0.0703125 5.75931E-10
0.0117188 0.195312 5.72004E-10
0.00796875 0.132812 5.6248E-10
0.0210937 0.351562 5.66778E-10
-0.00234375 0.0390625 5.55391E-10
0.00140625 0.0234375 5.64146E-10
0.00328125 0.0546875 5.50418E-10
0.00046875 0.0078125 5.81568E-10
0.0126562 0.210938 5.56265E-10
0.00796875 0.132812 5.44696E-10
-0.00140625 0.0234375 5.64758E-10
0.0145312 0.242188 5.50824E-10
0.00046875 0.0078125 5.75221E-10
0.00328125 0.0546875 5.65426E-10
-0.0164062 0.273437 5.76743E-10
0.00796875 0.132812 5.67232E-10
-0.00703125 0.117188 5.73895E-10
-0.0285937 0.476562 5.74017E-10
0.00890625 0.148438 5.88575E-10
-0.00890625 0.148438 5.44134E-10
-0.00515625 0.0859375 5.76256E-10
0.00140625 0.0234375 5.76448E-10
0.00234375 0.0390625 5.68991E-10
-0.00890625 0.148438 5.95241E-10
0.00046875 0.0078125 5.6789E-10
-0.00328125 0.0546875 5.54155E-10
0.00328125 0.0546875 5.41336E-10
0.00890625 0.148438 5.57518E-10
0.00703125 0.117188 5.60406E-10
-0.00515625 0.0859375 5.72293E-10
0.00890625 0.148438 5.5204E-10
0.00046875 0.0078125 5.72773E-10
0.00328125 0.0546875 5.56877E-10
0.0182812 0.304688 5.35063E-10
0.00421875 0.0703125 5.53466E-10
0.00609375 0.101563 5.77685E-10
-0.00890625 0.148438 5.5554E-10
-0.0117188 0.195312 5.86651E-10
0.00328125 0.0546875 5.69886E-10
0.00703125 0.117188 5.58981E-10
-0.00984375 0.164062 5.52241E-10
-0.00046875 0.0078125 5.74348E-10
-0.00234375 0.0390625 5.55989E-10
0.00703125 0.117188 5.45589E-10
0.00609375 0.101563 5.54359E-10
-0.00890625 0.148438 5.57856E-10
0.0107812 0.179688 5.34573E-10
0.00421875 0.0703125 5.65988E-10
-0.00046875 0.0078125 5.57384E-10
-0.00796875 0.132812 5.66321E-10
-0.00703125 0.117188 5.6424E-10
0.00515625 0.0859375 5.76647E-10
-0.00046875 0.0078125 5.65333E-10
0.0154687 0.257812 5.62088E-10
0.0126562 0.210938 5.76198E-10
-0.00234375 0.0390625 5.52244E-10
-0.00609375 0.101563 5.51255E-10
-0.00890625 0.148438 5.52791E-10
-0.0182812 0.304688 5.56794E-10
0.00046875 0.0078125 5.88573E-10
0.00234375 0.0390625 5.67128E-10
-0.00234375 0.0390625 5.53141E-10
-0.00046875 0.0078125 5.95017E-10
0.0164062 0.273437 5.54167E-10
0.00984375 0.164062 5.57155E-10
-0.0154687 0.257812 5.74557E-10
-0.00703125 0.117188 5.75958E-10
-0.0126562 0.210938 5.61766E-10
0.00984375 0.164062 5.71058E-10
-0.0248437 0.414062 5.51934E-10
-0.00234375 0.0390625 5.76958E-10
0.00703125 0.117188 5.45801E-10
-0.0145312 0.242188 5.57112E-10
-0.00046875 0.0078125 5.58845E-10
0.00609375 0.101563 5.56365E-10
0.00796875 0.132812 5.52916E-10
-0.00140625 0.0234375 5.59421E-10
-0.00421875 0.0703125 5.59015E-10
0.00890625 0.148438 5.65319E-10
0.00234375 0.0390625 5.55785E-10
0.00140625 0.0234375 5.67079E-10
0.00234375 0.0390625 5.69955E-10
0.00609375 0.101563 5.5608E-10
0.00515625 0.0859375 5.6862E-10
0.00984375 0.164062 5.9447E-10
0.00140625 0.0234375 5.54701E-10
-0.00984375 0.164062 5.57217E-10
0.00328125 0.0546875 5.69053E-10
0.00328125 0.0546875 5.56624E-10
0.00328125 0.0546875 5.65693E-10
0.0192187 0.320312 5.41416E-10
0.00609375 0.101563 5.56668E-10
0.00140625 0.0234375 5.88772E-10
-0.00328125 0.0546875 5.52385E-10
0.00234375 0.0390625 5.73056E-10
0.00609375 0.101563 5.52769E-10
-0.00328125 0.0546875 5.56612E-10
0.0164062 0.273437 5.69401E-10
0.00515625 0.0859375 5.87233E-10
-0.0154687 0.257812 5.35486E-10
-0.0164062 0.273437 5.78181E-10
-0.00140625 0.0234375 5.55357E-10
-0.0154687 0.257812 5.77747E-10
-0.00609375 0.101563 5.74971E-10
0.00515625 0.0859375 5.5787E-10
0.0135937 0.226562 5.66626E-10
0.0117188 0.195312 5.56058E-10
-0.00140625 0.0234375 5.52369E-10
0.00609375 0.101563 5.45672E-10
-0.0117188 0.195312 5.45621E-10
0.00796875 0.132812 5.68459E-10
0.00890625 0.148438 5.65992E-10
0.00421875 0.0703125 5.54431E-10
0.00515625 0.0859375 5.76237E-10
0.00515625 0.0859375 5.67968E-10
0.00703125 0.117188 5.65745E-10
-0.00046875 0.0078125 5.5389E-10
-0.00140625 0.0234375 5.74398E-10
0.00703125 0.117188 5.66212E-10
-0.00328125 0.0546875 5.72325E-10
0.0117188 0.195312 5.63992E-10
-0.00140625 0.0234375 5.72166E-10
0.00609375 0.101563 5.64486E-10
0.00046875 0.0078125 5.72986E-10
-0.00046875 0.0078125 5.44456E-10
0.00890625 0.148438 5.6746E-10
-0.0135937 0.226562 5.53066E-10
0.0154687 0.257812 5.72792E-10
-0.00703125 0.117188 5.69172E-10
0.0164062 0.273437 5.61914E-10
-0.0182812 0.304688 5.65054E-10
0.00515625 0.0859375 5.44321E-10
0.0154687 0.257812 5.6839E-10
-0.00421875 0.0703125 5.72696E-10
0.0107812 0.179688 5.55552E-10
-0.00609375 0.101563 5.8522E-10
0.00234375 0.0390625 5.67659E-10
0.0107812 0.179688 5.59923E-10
-0.0126562 0.210938 5.56658E-10
0.00703125 0.117188 5.75465E-10
-0.00796875 0.132812 5.61602E-10
0.00234375 0.0390625 5.86416E-10
-0.0107812 0.179688 5.57843E-10
0.00890625 0.148438 5.67547E-10
0.0117188 0.195312 5.4979E-10
0.00796875 0.132812 5.56003E-10
0.00796875 0.132812 5.97196E-10
-0.00796875 0.132812 5.51808E-10
-0.00984375 0.164062 5.65121E-10
0.00140625 0.0234375 5.77232E-10
-0.0192187 0.320312 5.71561E-10
-0.00421875 0.0703125 5.64663E-10
-0.00796875 0.132812 5.67975E-10
0.00984375 0.164062 5.74997E-10
0.0164062 0.273437 5.47689E-10
-0.0182812 0.304688 5.76896E-10
0.00046875 0.0078125 5.54848E-10
0.00515625 0.0859375 5.73062E-10
-0.00328125 0.0546875 5.83646E-10
0.0126562 0.210938 5.72211E-10
-0.0126562 0.210938 5.72451E-10
-0.00140625 0.0234375 5.57276E-10
0.00515625 0.0859375 5.88257E-10
-0.0145312 0.242188 5.60372E-10
0.0145312 0.242188 5.74301E-10
0.00421875 0.0703125 5.77143E-10
-0.00515625 0.0859375 5.51363E-10
-0.00890625 0.148438 5.74845E-10
-0.00796875 0.132812 5.84043E-10
-0.00421875 0.0703125 5.59735E-10
0.00703125 0.117188 5.47985E-10
0.00140625 0.0234375 5.64441E-10
0.00703125 0.117188 5.54337E-10
0.0154687 0.257812 5.61081E-10
-0.00984375 0.164062 5.81349E-10
-0.0154687 0.257812 5.68535E-10
-0.0220313 0.367188 5.74549E-10
-0.0135937 0.226562 5.64694E-10
0.00796875 0.132812 5.8581E-10
0.00234375 0.0390625 5.53734E-10
0.00234375 0.0390625 5.54359E-10
0.00609375 0.101563 5.5758E-10
-0.00515625 0.0859375 5.51345E-10
-0.00609375 0.101563 5.80334E-10
-0.00328125 0.0546875 5.67958E-10
-0.00796875 0.132812 5.83184E-10
0.00328125 0.0546875 5.71736E-10
0.00703125 0.117188 5.58387E-10
0.00890625 0.148438 5.57889E-10
0.00796875 0.132812 5.43423E-10
-0.00609375 0.101563 5.66411E-10
-0.00046875 0.0078125 5.50749E-10
0.00421875 0.0703125 5.76354E-10
0.00703125 0.117188 5.71959E-10
0.00234375 0.0390625 5.66128E-10
-0.00046875 0.0078125 5.75369E-10
-0.0135937 0.226562 5.55552E-10
-0.00984375 0.164062 5.53461E-10
0.00421875 0.0703125 5.45721E-10
0.00140625 0.0234375 5.64928E-10
0.0126562 0.210938 5.57496E-10
-0.0117188 0.195312 5.95203E-10
0.00796875 0.132812 5.736E-10
0.00609375 0.101563 5.59083E-10
-0.00515625 0.0859375 5.56236E-10
-0.00609375 0.101563 6.01853E-10
-0.00890625 0.148438 5.89408E-10
-0.00046875 0.0078125 5.68895E-10
-0.00140625 0.0234375 5.74198E-10
-0.00328125 0.0546875 5.54535E-10
0.0229688 0.382813 5.79478E-10
0.00984375 0.164062 5.66109E-10
0.0126562 0.210938 5.55819E-10
-0.00140625 0.0234375 5.68452E-10
0.00515625 0.0859375 5.73704E-10
-0.00984375 0.164062 5.58327E-10
-0.00984375 0.164062 5.40754E-10
0.00515625 0.0859375 5.671E-10
0.00609375 0.101563 5.76042E-10
0.00328125 0.0546875 5.59075E-10
-0.0117188 0.195312 5.70187E-10
0.00703125 0.117188 5.33412E-10
-0.00703125 0.117188 5.56627E-10
-0.0164062 0.273437 5.44619E-10
0.00328125 0.0546875 5.76745E-10
-0.00046875 0.0078125 5.78709E-10
-0.00140625 0.0234375 5.8767E-10
0.00140625 0.0234375 5.66599E-10
-0.00328125 0.0546875 5.65881E-10
0.00328125 0.0546875 5.56424E-10
0.00421875 0.0703125 5.66336E-10
-0.00515625 0.0859375 5.56232E-10
0.00328125 0.0546875 5.84742E-10
0.0182812 0.304688 5.62988E-10
-0.0126562 0.210938 5.5822E-10
0.00796875 0.132812 5.42461E-10
0.00890625 0.148438 5.90123E-10
0.00140625 0.0234375 5.76946E-10
0.00515625 0.0859375 5.77417E-10
-0.00046875 0.0078125 5.76655E-10
0.00140625 0.0234375 5.54319E-10
0.00703125 0.117188 5.40224E-10
0.00609375 0.101563 5.5588E-10
-0.00421875 0.0703125 5.66221E-10
0.0117188 0.195312 5.32506E-10
0.0257812 0.429688 5.61621E-10
-0.00609375 0.101563 5.37707E-10
-0.00703125 0.117188 5.62471E-10
-0.00984375 0.164062 5.88377E-10
0.00421875 0.0703125 5.5578E-10
-0.00796875 0.132812 5.83018E-10
-0.00796875 0.132812 5.64883E-10
-0.00140625 0.0234375 5.71646E-10
-0.0107812 0.179688 5.66278E-10
0.0182812 0.304688 5.7641E-10
0.00234375 0.0390625 5.77335E-10
-0.00234375 0.0390625 5.65825E-10
-0.00234375 0.0390625 5.78134E-10
0.00328125 0.0546875 5.63825E-10
0.00421875 0.0703125 5.62316E-10
0.00140625 0.0234375 5.57063E-10
-0.00328125 0.0546875 5.88284E-10
0.00609375 0.101563 5.91771E-10
-0.0192187 0.320312 5.81753E-10
-0.00703125 0.117188 5.64694E-10
0.00890625 0.148438 6.08249E-10
0.00703125 0.117188 5.75934E-10
-0.0164062 0.273437 5.61428E-10
0.00328125 0.0546875 5.69434E-10
-0.00703125 0.117188 5.70844E-10
-0.00703125 0.117188 5.57031E-10
0.00140625 0.0234375 5.76361E-10
-0.00234375 0.0390625 5.86404E-10
0.00796875 0.132812 5.76966E-10
-0.00140625 0.0234375 5.55857E-10
-0.00421875 0.0703125 5.55848E-10
0.00328125 0.0546875 5.44592E-10
-0.00140625 0.0234375 5.58372E-10
0.00796875 0.132812 5.82366E-10
-0.0154687 0.257812 5.84894E-10
0.00515625 0.0859375 5.56643E-10
0.00046875 0.0078125 5.5623E-10
-0.0173437 0.289062 5.57032E-10
0.00703125 0.117188 5.79183E-10
0.00234375 0.0390625 6.02595E-10
0.00046875 0.0078125 5.48239E-10
0.00515625 0.0859375 5.3495E-10
0.00234375 0.0390625 5.4333E-10
-0.00140625 0.0234375 5.52073E-10
0.00515625 0.0859375 5.61009E-10
0.00234375 0.0390625 5.57538E-10
0.0145312 0.242188 5.53168E-10
-0.0107812 0.179688 5.5784E-10
-0.00046875 0.0078125 5.55983E-10
-0.00140625 0.0234375 5.96001E-10
0.00515625 0.0859375 5.73204E-10
0.00890625 0.148438 5.62451E-10
0.00796875 0.132812 5.50824E-10
-0.00421875 0.0703125 5.78593E-10
-0.00609375 0.101563 5.59322E-10
0.00328125 0.0546875 5.57632E-10
-0.00328125 0.0546875 5.43053E-10
-0.0182812 0.304688 5.59286E-10
0.00328125 0.0546875 5.83375E-10
0.00328125 0.0546875 5.55822E-10
0.00609375 0.101563 5.62329E-10
0.00703125 0.117188 5.44997E-10
0.0107812 0.179688 5.4506E-10
0.00234375 0.0390625 5.52279E-10
-0.00703125 0.117188 5.66488E-10
-0.00046875 0.0078125 5.57844E-10
0.00890625 0.148438 5.66497E-10
-0.00515625 0.0859375 5.74961E-10
0.00140625 0.0234375 5.35336E-10
0.0117188 0.195312 5.55924E-10
-0.00421875 0.0703125 5.55523E-10
0.00328125 0.0546875 5.73798E-10
0.00140625 0.0234375 5.55936E-10
0.00609375 0.101563 5.54307E-10
-0.00984375 0.164062 5.76461E-10
0.00328125 0.0546875 5.65084E-10
-0.0126562 0.210938 5.95811E-10
0.00328125 0.0546875 5.57362E-10
0.00609375 0.101563 5.56147E-10
0.00796875 0.132812 5.57245E-10
0.00984375 0.164062 5.44668E-10
-0.00140625 0.0234375 5.69813E-10
0.00234375 0.0390625 5.99307E-10
0.00140625 0.0234375 5.818E-10
-0.00515625 0.0859375 5.55824E-10
0.00046875 0.0078125 5.76928E-10
-0.0201563 0.335938 5.56615E-10
-0.0107812 0.179688 5.45888E-10
0.00515625 0.0859375 5.61472E-10
-0.00890625 0.148438 5.65419E-10
0.0107812 0.179688 5.70845E-10
-0.0135937 0.226562 5.68891E-10
-0.0173437 0.289062 5.34744E-10
-0.0248437 0.414062 5.55739E-10
-0.00328125 0.0546875 5.45449E-10
0.00515625 0.0859375 5.73349E-10
