0.0154687 0.257812 1.7072E-10
-0.00890625 0.148438 1.75751E-10
0.00421875 0.0703125 1.76296E-10
0.00890625 0.148438 1.67342E-10
-0.00609375 0.101563 1.72963E-10
0.00515625 0.0859375 1.70931E-10
0.00515625 0.0859375 1.67351E-10
0.0154687 0.257812 1.77605E-10
-0.00515625 0.0859375 1.72456E-10
-0.0107812 0.179688 1.68014E-10
-0.00234375 0.0390625 1.73397E-10
-0.00140625 0.0234375 1.72505E-10
-0.00234375 0.0390625 1.67305E-10
0.00421875 0.0703125 1.75628E-10
0.0145312 0.242188 1.76418E-10
0.00984375 0.164062 1.72917E-10
0.00046875 0.0078125 1.75889E-10
-0.0135937 0.226562 1.69026E-10
-0.0117188 0.195312 1.76386E-10
0.00703125 0.117188 1.7507E-10
0.00984375 0.164062 1.76708E-10
0.00328125 0.0546875 1.72647E-10
0.00984375 0.164062 1.6891E-10
0.00046875 0.0078125 1.6809E-10
-0.00234375 0.0390625 1.73712E-10
-0.00515625 0.0859375 1.7175E-10
0.00984375 0.164062 1.67526E-10
-0.00140625 0.0234375 1.72097E-10
0.0248437 0.414062 1.74196E-10
0.0117188 0.195312 1.67322E-10
-0.00984375 0.164062 1.74963E-10
-0.00609375 0.101563 1.75016E-10
0.00796875 0.132812 1.72432E-10
0.00234375 0.0390625 1.72898E-10
-0.00140625 0.0234375 1.78805E-10
-0.00234375 0.0390625 1.66982E-10
0.00328125 0.0546875 1.72709E-10
-0.00140625 0.0234375 1.72648E-10
-0.00328125 0.0546875 1.7375E-10
0.00140625 0.0234375 1.67521E-10
0.00890625 0.148438 1.67855E-10
0.00046875 0.0078125 1.70478E-10
-0.0145312 0.242188 1.72802E-10
0.00328125 0.0546875 1.71624E-10
-0.00609375 0.101563 1.75909E-10
0.00890625 0.148438 1.72617E-10
0.00140625 0.0234375 1.67423E-10
-0.00046875 0.0078125 1.76733E-10
-0.0154687 0.257812 1.7732E-10
-0.00328125 0.0546875 1.67749E-10
-0.00609375 0.101563 1.75257E-10
-0.00046875 0.0078125 1.76503E-10
0.0126562 0.210938 1.72734E-10
0.00328125 0.0546875 1.73118E-10
0.00796875 0.132812 1.73693E-10
-0.0107812 0.179688 1.73448E-10
-0.0145312 0.242188 1.75701E-10
-0.0304687 0.507812 1.69102E-10
0.0145312 0.242188 1.76778E-10
-0.00984375 0.164062 1.73667E-10
0.0192187 0.320312 1.7701E-10
-0.00515625 0.0859375 1.73852E-10
0.00140625 0.0234375 1.71297E-10
0.0126562 0.210938 1.82669E-10
-0.00890625 0.148438 1.7712E-10
0.00515625 0.0859375 1.7307E-10
-0.00984375 0.164062 1.68492E-10
-0.0145312 0.242188 1.73788E-10
-0.00234375 0.0390625 1.79168E-10
0.00140625 0.0234375 1.74978E-10
-0.00046875 0.0078125 1.74044E-10
-0.00140625 0.0234375 1.72904E-10
-0.0126562 0.210938 1.74589E-10
-0.0145312 0.242188 1.74153E-10
0.00796875 0.132812 1.7322E-10
0.0117188 0.195312 1.74627E-10
-0.00890625 0.148438 1.73721E-10
-0.0285937 0.476562 1.76969E-10
0.0135937 0.226562 1.73773E-10
0.00046875 0.0078125 1.76211E-10
0.00421875 0.0703125 1.67087E-10
0.00140625 0.0234375 1.73714E-10
-0.00046875 0.0078125 1.76412E-10
0.00328125 0.0546875 1.68314E-10
-0.0135937 0.226562 1.67825E-10
0.00234375 0.0390625 1.76655E-10
-0.00046875 0.0078125 1.74394E-10
0.00703125 0.117188 1.74567E-10
-0.00046875 0.0078125 1.67632E-10
-0.0126562 0.210938 1.76488E-10
-0.0135937 0.226562 1.7313E-10
-0.0145312 0.242188 1.73375E-10
0.00515625 0.0859375 1.75789E-10
0.00890625 0.148438 1.67179E-10
-0.00140625 0.0234375 1.75909E-10
0.00515625 0.0859375 1.76624E-10
-0.00703125 0.117188 1.68702E-10
-0.00234375 0.0390625 1.73608E-10
0.0107812 0.179688 1.7187E-10
0.00703125 0.117188 1.66759E-10
-0.00140625 0.0234375 1.73952E-10
0.00609375 0.101563 1.71918E-10
-0.00609375 0.101563 1.74894E-10
-0.00515625 0.0859375 1.73482E-10
-0.0117188 0.195312 1.76252E-10
0.00515625 0.0859375 1.767E-10
0.0107812 0.179688 1.71117E-10
-0.00703125 0.117188 1.75814E-10
-0.0210937 0.351562 1.73884E-10
-0.0126562 0.210938 1.7264E-10
-0.00234375 0.0390625 1.74607E-10
-0.0323438 0.539063 1.73649E-10
0.00046875 0.0078125 1.71396E-10
0.00140625 0.0234375 1.72425E-10
-0.00140625 0.0234375 1.67948E-10
-0.00140625 0.0234375 1.67459E-10
-0.00515625 0.0859375 1.72988E-10
-0.0107812 0.179688 1.74698E-10
0.00328125 0.0546875 1.7251E-10
0.0154687 0.257812 1.67544E-10
-0.00703125 0.117188 1.74711E-10
-0.00890625 0.148438 1.76331E-10
0.00703125 0.117188 1.72632E-10
-0.00609375 0.101563 1.72802E-10
0.00140625 0.0234375 1.68903E-10
-0.0173437 0.289062 1.67213E-10
-0.00421875 0.0703125 1.72872E-10
0.0304687 0.507812 1.74253E-10
-0.00328125 0.0546875 1.669E-10
-0.0154687 0.257812 1.73673E-10
0.00890625 0.148438 1.73609E-10
-0.00234375 0.0390625 1.75922E-10
-0.00515625 0.0859375 1.7423E-10
0.00234375 0.0390625 1.72018E-10
-0.00046875 0.0078125 1.7325E-10
-0.00515625 0.0859375 1.77032E-10
-0.00328125 0.0546875 1.74163E-10
-0.00234375 0.0390625 1.6744E-10
-0.00046875 0.0078125 1.72528E-10
0.0145312 0.242188 1.73082E-10
-0.00984375 0.164062 1.7372E-10
0.0135937 0.226562 1.73705E-10
-0.00421875 0.0703125 1.69767E-10
-0.00421875 0.0703125 1.77277E-10
-0.00421875 0.0703125 1.7357E-10
0.00515625 0.0859375 1.66967E-10
-0.0117188 0.195312 1.73147E-10
-0.00140625 0.0234375 1.68961E-10
0.0164062 0.273437 1.73936E-10
0.00703125 0.117188 1.73833E-10
0.00421875 0.0703125 1.71492E-10
-0.00046875 0.0078125 1.73995E-10
0.00328125 0.0546875 1.66432E-10
0.00796875 0.132812 1.76029E-10
0.0107812 0.179688 1.73886E-10
-0.00234375 0.0390625 1.72103E-10
0.00796875 0.132812 1.73618E-10
0.0182812 0.304688 1.73227E-10
0.00140625 0.0234375 1.68999E-10
-0.00421875 0.0703125 1.72675E-10
0.00140625 0.0234375 1.7022E-10
-0.0164062 0.273437 1.73082E-10
-0.00515625 0.0859375 1.72451E-10
0.00609375 0.101563 1.75863E-10
-0.00046875 0.0078125 1.66422E-10
0.0164062 0.273437 1.73543E-10
-0.00515625 0.0859375 1.72382E-10
0.0117188 0.195312 1.67868E-10
-0.00328125 0.0546875 1.67539E-10
0.0192187 0.320312 1.79042E-10
0.00328125 0.0546875 1.75546E-10
-0.00140625 0.0234375 1.71404E-10
0.00421875 0.0703125 1.66286E-10
0.00796875 0.132812 1.77395E-10
-0.0126562 0.210938 1.76016E-10
0.00328125 0.0546875 1.76598E-10
0.00234375 0.0390625 1.74431E-10
-0.00796875 0.132812 1.75876E-10
-0.0239062 0.398437 1.74425E-10
0.00140625 0.0234375 1.72845E-10
-0.00796875 0.132812 1.75992E-10
-0.00234375 0.0390625 1.68063E-10
-0.00140625 0.0234375 1.69356E-10
0.00328125 0.0546875 1.76627E-10
-0.00234375 0.0390625 1.75845E-10
0.00421875 0.0703125 1.73632E-10
-0.00515625 0.0859375 1.67556E-10
-0.00703125 0.117188 1.8058E-10
-0.00421875 0.0703125 1.68186E-10
0.00328125 0.0546875 1.77005E-10
-0.00328125 0.0546875 1.71915E-10
0.0145312 0.242188 1.7587E-10
-0.00046875 0.0078125 1.68963E-10
-0.00328125 0.0546875 1.66685E-10
-0.00421875 0.0703125 1.72871E-10
0.0117188 0.195312 1.75093E-10
-0.00703125 0.117188 1.68591E-10
0.00140625 0.0234375 1.74817E-10
0.00234375 0.0390625 1.73658E-10
0.0145312 0.242188 1.77322E-10
-0.00703125 0.117188 1.72058E-10
0.00609375 0.101563 1.66281E-10
0.00609375 0.101563 1.67421E-10
-0.00328125 0.0546875 1.74262E-10
-0.0117188 0.195312 1.67904E-10
0.00234375 0.0390625 1.73519E-10
0.00421875 0.0703125 1.73791E-10
-0.00984375 0.164062 1.76513E-10
-0.00515625 0.0859375 1.72245E-10
-0.00140625 0.0234375 1.66861E-10
0.00796875 0.132812 1.71092E-10
-0.00890625 0.148438 1.74746E-10
0.0126562 0.210938 1.76299E-10
-0.00328125 0.0546875 1.70672E-10
-0.00328125 0.0546875 1.72524E-10
0.0154687 0.257812 1.73396E-10
-0.00328125 0.0546875 1.73895E-10
-0.00515625 0.0859375 1.77399E-10
-0.00328125 0.0546875 1.7274E-10
-0.00984375 0.164062 1.77276E-10
-0.00046875 0.0078125 1.72659E-10
0.00328125 0.0546875 1.7307E-10
-0.00328125 0.0546875 1.66945E-10
-0.00140625 0.0234375 1.68448E-10
0.00703125 0.117188 1.74754E-10
0.0126562 0.210938 1.69116E-10
-0.00234375 0.0390625 1.65807E-10
-0.00046875 0.0078125 1.73506E-10
0.00234375 0.0390625 1.73175E-10
-0.00421875 0.0703125 1.73667E-10
-0.00234375 0.0390625 1.7078E-10
0.00140625 0.0234375 1.7436E-10
-0.00421875 0.0703125 1.73982E-10
-0.0126562 0.210938 1.75375E-10
0.00703125 0.117188 1.68704E-10
-0.00796875 0.132812 1.72636E-10
-0.00796875 0.132812 1.77885E-10
0.00234375 0.0390625 1.71059E-10
0.00421875 0.0703125 1.76825E-10
-0.00046875 0.0078125 1.75189E-10
0.00046875 0.0078125 1.77772E-10
0.00140625 0.0234375 1.74744E-10
-0.00140625 0.0234375 1.72705E-10
0.00328125 0.0546875 1.70152E-10
0.0164062 0.273437 1.7312E-10
-0.0126562 0.210938 1.71916E-10
0.00609375 0.101563 1.74881E-10
0.0154687 0.257812 1.74464E-10
-0.00890625 0.148438 1.77809E-10
0.00984375 0.164062 1.73794E-10
-0.00234375 0.0390625 1.73419E-10
-0.00421875 0.0703125 1.67753E-10
0.00515625 0.0859375 1.74283E-10
-0.00234375 0.0390625 1.76853E-10
-0.0220313 0.367188 1.68082E-10
0.00890625 0.148438 1.72429E-10
-0.00703125 0.117188 1.73156E-10
-0.00140625 0.0234375 1.76473E-10
0.00703125 0.117188 1.70457E-10
-0.00421875 0.0703125 1.67591E-10
-0.00421875 0.0703125 1.71924E-10
0.00796875 0.132812 1.72979E-10
-0.00796875 0.132812 1.76804E-10
0.0126562 0.210938 1.71129E-10
-0.0154687 0.257812 1.67087E-10
0.00515625 0.0859375 1.68527E-10
-0.00328125 0.0546875 1.79806E-10
-0.00515625 0.0859375 1.76996E-10
0.00609375 0.101563 1.70557E-10
0.00046875 0.0078125 1.71314E-10
-0.00796875 0.132812 1.73023E-10
-0.00328125 0.0546875 1.74089E-10
0.0229688 0.382813 1.74164E-10
0.00234375 0.0390625 1.77175E-10
-0.00234375 0.0390625 1.73378E-10
-0.0126562 0.210938 1.74239E-10
-0.00703125 0.117188 1.73881E-10
-0.00328125 0.0546875 1.70258E-10
0.0145312 0.242188 1.74022E-10
-0.00609375 0.101563 1.73559E-10
0.00703125 0.117188 1.76011E-10
-0.00609375 0.101563 1.72866E-10
-0.00515625 0.0859375 1.7309E-10
-0.00140625 0.0234375 1.67356E-10
0.00421875 0.0703125 1.72841E-10
0.00421875 0.0703125 1.69353E-10
0.00515625 0.0859375 1.76891E-10
-0.00984375 0.164062 1.73976E-10
-0.00703125 0.117188 1.7342E-10
-0.0164062 0.273437 1.76011E-10
0.00703125 0.117188 1.7331E-10
0.00609375 0.101563 1.68873E-10
-0.00234375 0.0390625 1.75316E-10
0.00140625 0.0234375 1.7685E-10
0.0314062 0.523438 1.68275E-10
0.00328125 0.0546875 1.79249E-10
0.00515625 0.0859375 1.73142E-10
0.00890625 0.148438 1.72163E-10
0.0107812 0.179688 1.77131E-10
-0.00890625 0.148438 1.72596E-10
0.00703125 0.117188 1.73004E-10
0.00703125 0.117188 1.71078E-10
-0.00234375 0.0390625 1.66231E-10
-0.0182812 0.304688 1.75759E-10
0.00234375 0.0390625 1.77682E-10
-0.00046875 0.0078125 1.68577E-10
0.0126562 0.210938 1.75633E-10
-0.00046875 0.0078125 1.75905E-10
-0.0126562 0.210938 1.76137E-10
0.00515625 0.0859375 1.78979E-10
-0.00234375 0.0390625 1.73081E-10
-0.00421875 0.0703125 1.73186E-10
-0.00234375 0.0390625 1.74547E-10
0.00140625 0.0234375 1.66846E-10
0.00046875 0.0078125 1.67879E-10
-0.00328125 0.0546875 1.68061E-10
0.00890625 0.148438 1.76174E-10
-0.00515625 0.0859375 1.77951E-10
-0.00140625 0.0234375 1.77671E-10
-0.00796875 0.132812 1.74819E-10
-0.00140625 0.0234375 1.76458E-10
-0.00046875 0.0078125 1.70547E-10
-0.00234375 0.0390625 1.76317E-10
0.00890625 0.148438 1.76724E-10
0.00796875 0.132812 1.70115E-10
-0.00421875 0.0703125 1.75196E-10
0.00046875 0.0078125 1.74806E-10
0.00703125 0.117188 1.72911E-10
-0.00328125 0.0546875 1.80229E-10
0.00421875 0.0703125 1.776E-10
-0.00796875 0.132812 1.78273E-10
0.0117188 0.195312 1.66997E-10
0.00140625 0.0234375 1.67646E-10
0.00328125 0.0546875 1.7561E-10
0.0145312 0.242188 1.73779E-10
0.00328125 0.0546875 1.73218E-10
0.00140625 0.0234375 1.73843E-10
0.00140625 0.0234375 1.77669E-10
-0.0201563 0.335938 1.78084E-10
0.00703125 0.117188 1.75837E-10
0.00328125 0.0546875 1.70177E-10
0.0117188 0.195312 1.73709E-10
0.00140625 0.0234375 1.6618E-10
-0.00046875 0.0078125 1.7451E-10
-0.00328125 0.0546875 1.75336E-10
-0.00328125 0.0546875 1.76863E-10
0.0257812 0.429688 1.72646E-10
-0.00890625 0.148438 1.74697E-10
0.00140625 0.0234375 1.73989E-10
0.00234375 0.0390625 1.74174E-10
0.00328125 0.0546875 1.73898E-10
-0.0192187 0.320312 1.7323E-10
-0.00984375 0.164062 1.73554E-10
-0.00703125 0.117188 1.78195E-10
-0.0107812 0.179688 1.77139E-10
0.0135937 0.226562 1.7326E-10
-0.0210937 0.351562 1.74397E-10
0.00890625 0.148438 1.74189E-10
-0.00984375 0.164062 1.67774E-10
0.0267187 0.445312 1.77436E-10
-0.0145312 0.242188 1.74514E-10
-0.00609375 0.101563 1.73339E-10
0.0164062 0.273437 1.74292E-10
0.00234375 0.0390625 1.67134E-10
-0.00421875 0.0703125 1.67923E-10
0.00140625 0.0234375 1.75245E-10
-0.00609375 0.101563 1.73417E-10
-0.00140625 0.0234375 1.75445E-10
0.0164062 0.273437 1.73607E-10
-0.00609375 0.101563 1.77382E-10
-0.00140625 0.0234375 1.73731E-10
0.0154687 0.257812 1.76135E-10
-0.00515625 0.0859375 1.75479E-10
-0.00046875 0.0078125 1.70398E-10
0.00046875 0.0078125 1.73653E-10
-0.00421875 0.0703125 1.68773E-10
-0.00328125 0.0546875 1.78386E-10
-0.00609375 0.101563 1.77125E-10
-0.00515625 0.0859375 1.68724E-10
0.0145312 0.242188 1.7274E-10
-0.00328125 0.0546875 1.7477E-10
0.00046875 0.0078125 1.73819E-10
-0.00515625 0.0859375 1.70235E-10
0.00515625 0.0859375 1.67205E-10
0.00703125 0.117188 1.79328E-10
-0.00890625 0.148438 1.72995E-10
-0.00515625 0.0859375 1.69998E-10
-0.00046875 0.0078125 1.70198E-10
0.00140625 0.0234375 1.74822E-10
0.0117188 0.195312 1.73362E-10
-0.00515625 0.0859375 1.72099E-10
0.00328125 0.0546875 1.74202E-10
-0.00046875 0.0078125 1.76337E-10
-0.0117188 0.195312 1.73544E-10
0.0107812 0.179688 1.73498E-10
-0.00046875 0.0078125 1.7395E-10
0.00046875 0.0078125 1.75377E-10
0.00140625 0.0234375 1.73973E-10
0.0164062 0.273437 1.77569E-10
0.0117188 0.195312 1.65696E-10
0.00140625 0.0234375 1.74503E-10
0.00984375 0.164062 1.73894E-10
0.00046875 0.0078125 1.67444E-10
0.00609375 0.101563 1.71839E-10
-0.00328125 0.0546875 1.77279E-10
-0.00421875 0.0703125 1.76259E-10
0.00984375 0.164062 1.74559E-10
0.00140625 0.0234375 1.76755E-10
-0.0145312 0.242188 1.73041E-10
0.00421875 0.0703125 1.73483E-10
-0.00234375 0.0390625 1.72386E-10
0.00328125 0.0546875 1.73002E-10
-0.00609375 0.101563 1.67976E-10
0.0154687 0.257812 1.75237E-10
-0.0173437 0.289062 1.7766E-10
-0.00140625 0.0234375 1.74927E-10
0.00515625 0.0859375 1.6842E-10
0.0107812 0.179688 1.75607E-10
0.00515625 0.0859375 1.6803E-10
-0.00890625 0.148438 1.66901E-10
-0.00140625 0.0234375 1.73588E-10
-0.0135937 0.226562 1.68488E-10
-0.00515625 0.0859375 1.7348E-10
-0.00140625 0.0234375 1.78757E-10
-0.00046875 0.0078125 1.76134E-10
-0.00984375 0.164062 1.68469E-10
-0.0126562 0.210938 1.69346E-10
-0.00609375 0.101563 1.75905E-10
0.00046875 0.0078125 1.77027E-10
-0.0117188 0.195312 1.71229E-10
0.00515625 0.0859375 1.70794E-10
0.0173437 0.289062 1.75829E-10
0.00234375 0.0390625 1.68502E-10
-0.00234375 0.0390625 1.77322E-10
-0.0117188 0.195312 1.75861E-10
0.00328125 0.0546875 1.74319E-10
0.0117188 0.195312 1.75235E-10
-0.00234375 0.0390625 1.71105E-10
-0.00796875 0.132812 1.77856E-10
-0.00796875 0.132812 1.77271E-10
0.0107812 0.179688 1.76491E-10
0.0145312 0.242188 1.72631E-10
-0.00421875 0.0703125 1.74735E-10
0.00796875 0.132812 1.678E-10
0.0135937 0.226562 1.74548E-10
-0.00421875 0.0703125 1.73935E-10
0.00515625 0.0859375 1.75737E-10
0.00140625 0.0234375 1.76353E-10
-0.00890625 0.148438 1.73143E-10
0.00515625 0.0859375 1.76262E-10
-0.00796875 0.132812 1.76559E-10
-0.00515625 0.0859375 1.75899E-10
-0.00796875 0.132812 1.73681E-10
0.00234375 0.0390625 1.75851E-10
0.00140625 0.0234375 1.73801E-10
0.0107812 0.179688 1.68007E-10
-0.00703125 0.117188 1.76991E-10
-0.00796875 0.132812 1.76792E-10
0.0107812 0.179688 1.75608E-10
0.00328125 0.0546875 1.67288E-10
-0.00609375 0.101563 1.73335E-10
-0.00328125 0.0546875 1.7593E-10
-0.0107812 0.179688 1.77723E-10
-0.0154687 0.257812 1.76151E-10
-0.00984375 0.164062 1.77686E-10
-0.00796875 0.132812 1.74435E-10
-0.00515625 0.0859375 1.76968E-10
0.00703125 0.117188 1.72601E-10
-0.00890625 0.148438 1.7849E-10
0.00234375 0.0390625 1.77268E-10
-0.0154687 0.257812 1.75739E-10
0.0145312 0.242188 1.68046E-10
0.00140625 0.0234375 1.74062E-10
-0.00609375 0.101563 1.76464E-10
0.0164062 0.273437 1.6805E-10
-0.00984375 0.164062 1.74464E-10
0.0182812 0.304688 1.69928E-10
-0.00796875 0.132812 1.76421E-10
-0.00421875 0.0703125 1.77312E-10
0.00984375 0.164062 1.74675E-10
-0.00140625 0.0234375 1.77196E-10
0.00421875 0.0703125 1.73406E-10
0.00234375 0.0390625 1.71114E-10
-0.00140625 0.0234375 1.72924E-10
0.0117188 0.195312 1.74668E-10
0.0173437 0.289062 1.71992E-10
0.0145312 0.242188 1.68087E-10
-0.00140625 0.0234375 1.75095E-10
0.0126562 0.210938 1.71817E-10
-0.00046875 0.0078125 1.67936E-10
0.00890625 0.148438 1.72665E-10
-0.00609375 0.101563 1.73058E-10
0.00703125 0.117188 1.7499E-10
0.00703125 0.117188 1.73904E-10
-0.0117188 0.195312 1.71447E-10
-0.0126562 0.210938 1.76538E-10
0.00796875 0.132812 1.68096E-10
-0.00609375 0.101563 1.73587E-10
-0.00234375 0.0390625 1.78582E-10
-0.0126562 0.210938 1.75133E-10
