-0.00234375 0.0390625 1.00913E-10
-0.00046875 0.0078125 1.01114E-10
0.00796875 0.132812 1.0051E-10
0.00328125 0.0546875 1.00932E-10
0.0154687 0.257812 1.00481E-10
0.0201563 0.335938 1.00561E-10
0.0276563 0.460938 1.01647E-10
0.00140625 0.0234375 1.00616E-10
0.0145312 0.242188 1.00553E-10
0.00796875 0.132812 1.00567E-10
0.00609375 0.101563 1.00456E-10
-0.00046875 0.0078125 1.01381E-10
0.00984375 0.164062 1.01547E-10
0.0192187 0.320312 1.02752E-10
0.00703125 0.117188 1.00687E-10
-0.00984375 0.164062 1.00446E-10
-0.0173437 0.289062 1.02655E-10
-0.0107812 0.179688 1.00635E-10
0.00328125 0.0546875 1.01209E-10
0.0192187 0.320312 1.02177E-10
-0.00609375 0.101563 1.01039E-10
0.00421875 0.0703125 1.0117E-10
0.00421875 0.0703125 1.00854E-10
0.00328125 0.0546875 1.03264E-10
-0.0182812 0.304688 1.00238E-10
0.00046875 0.0078125 9.9049E-11
-0.00796875 0.132812 1.00626E-10
-0.00703125 0.117188 1.01198E-10
-0.00234375 0.0390625 1.00333E-10
-0.0154687 0.257812 1.00952E-10
0.00796875 0.132812 1.01172E-10
0.00609375 0.101563 1.01104E-10
0.00703125 0.117188 1.00963E-10
-0.00328125 0.0546875 1.00434E-10
-0.00515625 0.0859375 1.02564E-10
0.00046875 0.0078125 1.02545E-10
-0.00515625 0.0859375 1.02589E-10
-0.00703125 0.117188 1.00607E-10
0.00140625 0.0234375 1.00789E-10
-0.00328125 0.0546875 1.00747E-10
-0.00703125 0.117188 1.02819E-10
0.0145312 0.242188 1.00723E-10
-0.00046875 0.0078125 1.00832E-10
-0.00984375 0.164062 1.00301E-10
-0.00328125 0.0546875 1.01124E-10
-0.00234375 0.0390625 1.03045E-10
0.00515625 0.0859375 1.01411E-10
0.0126562 0.210938 1.01101E-10
-0.0126562 0.210938 1.00491E-10
0.0173437 0.289062 1.02026E-10
0.0192187 0.320312 1.00931E-10
-0.00796875 0.132812 9.97023E-11
0.00046875 0.0078125 1.00315E-10
0.0145312 0.242188 1.01571E-10
-0.0117188 0.195312 1.02922E-10
0.0107812 0.179688 1.00475E-10
0.0201563 0.335938 1.00788E-10
-0.00515625 0.0859375 1.00612E-10
0.00140625 0.0234375 1.00947E-10
-0.00046875 0.0078125 1.00805E-10
-0.00140625 0.0234375 1.01389E-10
0.0164062 0.273437 1.00945E-10
-0.00984375 0.164062 1.02142E-10
-0.0135937 0.226562 1.01069E-10
0.0107812 0.179688 1.01224E-10
-0.0267187 0.445312 1.01174E-10
0.00046875 0.0078125 1.01817E-10
0.00515625 0.0859375 1.00493E-10
-0.00234375 0.0390625 1.01971E-10
0.00890625 0.148438 1.01399E-10
-0.00703125 0.117188 1.00699E-10
-0.00515625 0.0859375 1.01221E-10
0.00703125 0.117188 1.02128E-10
0.0135937 0.226562 1.01357E-10
-0.00234375 0.0390625 1.03074E-10
-0.0164062 0.273437 1.00643E-10
0.0257812 0.429688 1.0141E-10
-0.00421875 0.0703125 1.00992E-10
-0.0145312 0.242188 1.00779E-10
0.00328125 0.0546875 1.00917E-10
0.0248437 0.414062 9.95707E-11
0.0126562 0.210938 1.00957E-10
-0.00234375 0.0390625 1.00805E-10
0.00515625 0.0859375 1.0025E-10
-0.0117188 0.195312 1.01967E-10
-0.0164062 0.273437 1.00982E-10
0.00421875 0.0703125 1.01257E-10
-0.00890625 0.148438 1.01084E-10
0.00328125 0.0546875 1.0088E-10
0.0107812 0.179688 1.01352E-10
-0.00234375 0.0390625 1.00984E-10
-0.00421875 0.0703125 1.00766E-10
0.00328125 0.0546875 1.03201E-10
0.0201563 0.335938 1.00858E-10
0.00234375 0.0390625 1.01471E-10
-0.0126562 0.210938 1.00391E-10
-0.00890625 0.148438 1.00331E-10
0.00984375 0.164062 9.99989E-11
0.0182812 0.304688 1.01204E-10
-0.00328125 0.0546875 1.00317E-10
0.0154687 0.257812 1.01054E-10
-0.00515625 0.0859375 1.02068E-10
-0.00984375 0.164062 1.03328E-10
0.00328125 0.0546875 1.01813E-10
-0.00234375 0.0390625 1.0046E-10
0.00984375 0.164062 1.01383E-10
0.00890625 0.148438 1.01394E-10
0.0332812 0.554688 1.00718E-10
-0.00796875 0.132812 1.01882E-10
-0.00046875 0.0078125 1.01061E-10
0.00234375 0.0390625 1.00794E-10
0.00703125 0.117188 1.01082E-10
0.00140625 0.0234375 1.01214E-10
-0.00984375 0.164062 9.94493E-11
0.00515625 0.0859375 1.02188E-10
-0.00140625 0.0234375 1.02651E-10
0.00984375 0.164062 1.00235E-10
0.0126562 0.210938 1.01252E-10
-0.0220313 0.367188 1.03323E-10
0.00703125 0.117188 1.01782E-10
0.00234375 0.0390625 1.02646E-10
-0.00515625 0.0859375 1.01103E-10
-0.00046875 0.0078125 1.00254E-10
0.0107812 0.179688 1.01774E-10
-0.0135937 0.226562 1.00771E-10
0.00609375 0.101563 1.02547E-10
0.00046875 0.0078125 1.0045E-10
-0.0164062 0.273437 1.00675E-10
-0.00140625 0.0234375 1.01733E-10
-0.00984375 0.164062 1.00605E-10
-0.00328125 0.0546875 1.00257E-10
-0.00515625 0.0859375 1.00129E-10
-0.00984375 0.164062 9.99428E-11
-0.00234375 0.0390625 1.00882E-10
-0.00234375 0.0390625 1.00963E-10
0.00984375 0.164062 1.00549E-10
-0.00046875 0.0078125 1.00646E-10
-0.00234375 0.0390625 1.03459E-10
-0.00515625 0.0859375 1.01437E-10
0.0135937 0.226562 1.0085E-10
0.00609375 0.101563 9.95927E-11
0.00140625 0.0234375 1.00575E-10
0.00234375 0.0390625 1.01144E-10
0.0154687 0.257812 1.00776E-10
0.00890625 0.148438 9.87508E-11
0.00421875 0.0703125 1.01785E-10
-0.00328125 0.0546875 1.02256E-10
0.00703125 0.117188 1.00566E-10
0.00140625 0.0234375 1.01936E-10
-0.00234375 0.0390625 1.01353E-10
-0.00421875 0.0703125 1.01591E-10
-0.00046875 0.0078125 1.00391E-10
-0.0164062 0.273437 1.01459E-10
-0.00515625 0.0859375 1.01292E-10
-0.00046875 0.0078125 1.01069E-10
0.00234375 0.0390625 1.02185E-10
-0.00703125 0.117188 1.03043E-10
-0.00703125 0.117188 1.02115E-10
0.00890625 0.148438 9.91136E-11
0.00140625 0.0234375 1.01292E-10
-0.00703125 0.117188 1.00826E-10
-0.00234375 0.0390625 1.02491E-10
0.00515625 0.0859375 9.99741E-11
0.0182812 0.304688 1.00774E-10
0.00703125 0.117188 1.00821E-10
0.00703125 0.117188 1.012E-10
-0.0201563 0.335938 1.01908E-10
-0.00234375 0.0390625 1.00445E-10
0.00796875 0.132812 1.00855E-10
0.00703125 0.117188 1.01062E-10
-0.0154687 0.257812 1.02244E-10
0.00140625 0.0234375 1.01163E-10
-0.00515625 0.0859375 1.00172E-10
0.00984375 0.164062 1.00259E-10
0.00515625 0.0859375 1.02332E-10
-0.00421875 0.0703125 1.00775E-10
-0.00515625 0.0859375 1.02671E-10
0.00046875 0.0078125 1.00543E-10
-0.00046875 0.0078125 1.00973E-10
-0.00609375 0.101563 1.02395E-10
0.0126562 0.210938 1.00664E-10
0.00703125 0.117188 1.00999E-10
0.00984375 0.164062 1.00326E-10
0.00328125 0.0546875 1.02417E-10
-0.0107812 0.179688 1.00891E-10
0.0154687 0.257812 1.00619E-10
0.0107812 0.179688 1.01109E-10
0.0126562 0.210938 1.01017E-10
-0.00515625 0.0859375 1.0193E-10
-0.0135937 0.226562 1.01963E-10
-0.00421875 0.0703125 1.03181E-10
-0.00421875 0.0703125 1.02929E-10
-0.00328125 0.0546875 1.01496E-10
0.0107812 0.179688 9.9703E-11
-0.00328125 0.0546875 1.00348E-10
-0.0145312 0.242188 1.00708E-10
0.00703125 0.117188 1.00566E-10
0.00328125 0.0546875 1.0081E-10
-0.00609375 0.101563 1.01916E-10
-0.0126562 0.210938 9.96953E-11
-0.00421875 0.0703125 9.96423E-11
-0.00515625 0.0859375 1.00785E-10
-0.0239062 0.398437 1.01384E-10
-0.00609375 0.101563 1.00376E-10
0.00984375 0.164062 1.02424E-10
-0.0164062 0.273437 1.02339E-10
0.00703125 0.117188 1.01003E-10
0.00515625 0.0859375 1.01108E-10
0.00234375 0.0390625 1.01003E-10
0.00609375 0.101563 1.00515E-10
-0.00421875 0.0703125 1.00824E-10
0.00421875 0.0703125 1.01001E-10
-0.00046875 0.0078125 1.00444E-10
0.00515625 0.0859375 1.01715E-10
0.0126562 0.210938 1.00675E-10
-0.00609375 0.101563 1.00157E-10
-0.0126562 0.210938 1.00302E-10
0.00421875 0.0703125 1.00316E-10
-0.00609375 0.101563 1.00595E-10
-0.0107812 0.179688 1.02165E-10
-0.00984375 0.164062 1.00403E-10
-0.00703125 0.117188 1.01582E-10
-0.0126562 0.210938 1.01792E-10
-0.00984375 0.164062 1.00365E-10
0.00421875 0.0703125 1.00539E-10
0.00796875 0.132812 1.00879E-10
0.0107812 0.179688 1.01913E-10
-0.00234375 0.0390625 1.02919E-10
0.00234375 0.0390625 1.0032E-10
0.00234375 0.0390625 1.00509E-10
-0.0154687 0.257812 1.00979E-10
0.00515625 0.0859375 1.03798E-10
-0.00515625 0.0859375 1.02374E-10
0.0192187 0.320312 1.01253E-10
-0.0201563 0.335938 1.01094E-10
0.00421875 0.0703125 1.00566E-10
0.00046875 0.0078125 1.00076E-10
0.00796875 0.132812 1.00791E-10
0.00984375 0.164062 1.03401E-10
0.0145312 0.242188 1.00892E-10
-0.00328125 0.0546875 1.00886E-10
-0.00609375 0.101563 1.00647E-10
-0.00890625 0.148438 1.00526E-10
0.0107812 0.179688 1.00543E-10
-0.00140625 0.0234375 1.00326E-10
0.0182812 0.304688 1.00383E-10
-0.0145312 0.242188 1.00389E-10
-0.00234375 0.0390625 1.01827E-10
0.0135937 0.226562 1.0066E-10
0.0117188 0.195312 1.0084E-10
-0.00140625 0.0234375 1.00511E-10
0.0117188 0.195312 1.0079E-10
0.00421875 0.0703125 1.02305E-10
-0.00796875 0.132812 1.00862E-10
-0.00515625 0.0859375 1.00711E-10
0.00515625 0.0859375 1.00839E-10
0.00703125 0.117188 1.02214E-10
0.00234375 0.0390625 1.02691E-10
-0.00046875 0.0078125 1.00576E-10
-0.00140625 0.0234375 1.0025E-10
0.00515625 0.0859375 1.01371E-10
0.0267187 0.445312 1.00094E-10
0.00234375 0.0390625 1.00759E-10
-0.0107812 0.179688 1.00655E-10
-0.0248437 0.414062 1.0019E-10
-0.00703125 0.117188 9.99052E-11
0.0117188 0.195312 1.01057E-10
0.0145312 0.242188 1.01088E-10
0.00890625 0.148438 9.8863E-11
0.0145312 0.242188 1.00956E-10
-0.0126562 0.210938 1.00374E-10
0.00703125 0.117188 1.00323E-10
0.00515625 0.0859375 1.01852E-10
0.00421875 0.0703125 1.0053E-10
0.0126562 0.210938 1.00357E-10
-0.0210937 0.351562 1.02592E-10
-0.0107812 0.179688 1.03428E-10
0.00515625 0.0859375 1.01035E-10
-0.00515625 0.0859375 1.02127E-10
-0.00515625 0.0859375 1.00704E-10
-0.00796875 0.132812 1.01839E-10
0.00140625 0.0234375 1.02137E-10
0.0107812 0.179688 1.01615E-10
0.00609375 0.101563 1.01152E-10
0.0126562 0.210938 1.02852E-10
-0.0107812 0.179688 1.00555E-10
-0.0154687 0.257812 1.01708E-10
-0.00703125 0.117188 9.94839E-11
-0.00515625 0.0859375 1.01314E-10
-0.00796875 0.132812 1.00549E-10
-0.00328125 0.0546875 1.01324E-10
0.0220313 0.367188 1.01291E-10
-0.00046875 0.0078125 1.00484E-10
-0.0117188 0.195312 1.0186E-10
-0.00515625 0.0859375 1.00835E-10
-0.0285937 0.476562 1.02522E-10
0.00609375 0.101563 1.00569E-10
0.00421875 0.0703125 1.02242E-10
-0.00890625 0.148438 1.00636E-10
-0.00984375 0.164062 1.00861E-10
0.00984375 0.164062 1.02499E-10
0.00703125 0.117188 9.99101E-11
0.00703125 0.117188 1.00336E-10
-0.0182812 0.304688 1.00687E-10
-0.00421875 0.0703125 1.00643E-10
0.00890625 0.148438 1.03065E-10
0.00703125 0.117188 1.00949E-10
0.00984375 0.164062 1.02131E-10
-0.00703125 0.117188 1.00705E-10
-0.00046875 0.0078125 9.99211E-11
0.00984375 0.164062 1.02115E-10
0.00515625 0.0859375 1.01353E-10
-0.0164062 0.273437 1.01825E-10
-0.00234375 0.0390625 1.01067E-10
0.00046875 0.0078125 1.00966E-10
0.00140625 0.0234375 1.0073E-10
0.00609375 0.101563 1.00743E-10
-0.0135937 0.226562 1.00453E-10
-0.00421875 0.0703125 1.00737E-10
-0.0117188 0.195312 1.0055E-10
0.00421875 0.0703125 1.00524E-10
-0.00140625 0.0234375 1.01284E-10
-0.00140625 0.0234375 1.01793E-10
0.00421875 0.0703125 1.02499E-10
-0.00234375 0.0390625 1.01517E-10
-0.00703125 0.117188 1.00623E-10
-0.0173437 0.289062 1.01016E-10
0.0164062 0.273437 1.005E-10
-0.0257812 0.429688 1.01649E-10
0.0145312 0.242188 1.01054E-10
0.00421875 0.0703125 9.98497E-11
-0.0164062 0.273437 1.02325E-10
-0.00515625 0.0859375 1.01828E-10
-0.0154687 0.257812 1.01422E-10
0.00703125 0.117188 1.00811E-10
0.00328125 0.0546875 1.02318E-10
-0.0164062 0.273437 1.00887E-10
0.0107812 0.179688 1.02066E-10
-0.0117188 0.195312 1.00813E-10
-0.00046875 0.0078125 1.00678E-10
0.00234375 0.0390625 1.00979E-10
-0.00984375 0.164062 1.00564E-10
-0.0107812 0.179688 1.01316E-10
-0.00515625 0.0859375 1.00488E-10
0.0126562 0.210938 1.0073E-10
0.00609375 0.101563 1.01067E-10
-0.00328125 0.0546875 1.0341E-10
-0.00140625 0.0234375 1.00295E-10
0.0248437 0.414062 1.01046E-10
0.0210937 0.351562 1.02033E-10
-0.00046875 0.0078125 1.00569E-10
-0.00609375 0.101563 1.00685E-10
0.00140625 0.0234375 1.01429E-10
-0.00328125 0.0546875 1.01067E-10
-0.00046875 0.0078125 1.03148E-10
0.00421875 0.0703125 1.01057E-10
0.0154687 0.257812 1.00783E-10
-0.0135937 0.226562 1.00587E-10
-0.00515625 0.0859375 1.00195E-10
0.0107812 0.179688 1.01714E-10
0.00140625 0.0234375 1.01024E-10
0.00609375 0.101563 1.00703E-10
-0.00140625 0.0234375 1.02139E-10
-0.00234375 0.0390625 1.01421E-10
-0.00890625 0.148438 1.00756E-10
-0.0107812 0.179688 1.02221E-10
-0.00890625 0.148438 1.03622E-10
0.00515625 0.0859375 1.00767E-10
0.00046875 0.0078125 1.03064E-10
0.0117188 0.195312 1.00796E-10
-0.0182812 0.304688 1.00818E-10
-0.00046875 0.0078125 1.01712E-10
-0.00515625 0.0859375 9.93689E-11
0.00703125 0.117188 1.00346E-10
0.00328125 0.0546875 9.97956E-11
0.0145312 0.242188 1.00915E-10
-0.00796875 0.132812 1.03505E-10
0.00796875 0.132812 1.02453E-10
-0.00515625 0.0859375 1.00862E-10
-0.00140625 0.0234375 1.03071E-10
-0.0145312 0.242188 1.0255E-10
-0.00421875 0.0703125 1.02487E-10
0.00515625 0.0859375 9.99478E-11
0.0164062 0.273437 1.02248E-10
-0.00515625 0.0859375 1.00771E-10
-0.0126562 0.210938 1.00407E-10
-0.0145312 0.242188 1.0095E-10
-0.0201563 0.335938 1.01676E-10
0.00328125 0.0546875 1.01184E-10
-0.00609375 0.101563 1.0175E-10
0.00234375 0.0390625 1.0059E-10
0.00046875 0.0078125 1.00358E-10
-0.0107812 0.179688 1.00707E-10
-0.00421875 0.0703125 1.00925E-10
-0.00140625 0.0234375 1.01284E-10
-0.00609375 0.101563 1.01113E-10
0.00984375 0.164062 1.00017E-10
0.00515625 0.0859375 1.00118E-10
-0.00328125 0.0546875 1.00533E-10
-0.0126562 0.210938 1.0081E-10
-0.0173437 0.289062 1.00127E-10
0.0154687 0.257812 1.01777E-10
0.0126562 0.210938 1.01445E-10
0.00234375 0.0390625 1.01994E-10
0.00046875 0.0078125 1.02418E-10
-0.00140625 0.0234375 1.02652E-10
0.00703125 0.117188 1.02251E-10
-0.00234375 0.0390625 1.01094E-10
-0.00609375 0.101563 1.00798E-10
0.00796875 0.132812 1.00984E-10
-0.00140625 0.0234375 1.0233E-10
0.00328125 0.0546875 1.02902E-10
-0.00046875 0.0078125 1.00585E-10
0.0107812 0.179688 1.01063E-10
0.00515625 0.0859375 1.01925E-10
-0.00890625 0.148438 1.00971E-10
0.00796875 0.132812 1.03121E-10
-0.00796875 0.132812 1.01209E-10
0.00609375 0.101563 1.02229E-10
0.00328125 0.0546875 1.01276E-10
-0.00421875 0.0703125 1.02049E-10
0.00890625 0.148438 1.0219E-10
-0.0192187 0.320312 1.02395E-10
0.0220313 0.367188 1.02082E-10
-0.00421875 0.0703125 1.00373E-10
0.0135937 0.226562 1.00561E-10
0.00140625 0.0234375 1.01938E-10
0.0164062 0.273437 9.99232E-11
-0.00234375 0.0390625 1.0342E-10
0.00421875 0.0703125 1.00859E-10
0.00984375 0.164062 1.00573E-10
0.0304687 0.507812 1.01181E-10
0.00421875 0.0703125 1.02786E-10
0.00984375 0.164062 1.01034E-10
-0.0192187 0.320312 1.00545E-10
-0.00046875 0.0078125 1.03874E-10
0.00609375 0.101563 1.00547E-10
0.00703125 0.117188 1.01271E-10
0.00796875 0.132812 1.00794E-10
0.00703125 0.117188 1.0268E-10
-0.00140625 0.0234375 1.00866E-10
-0.00328125 0.0546875 1.02241E-10
0.00140625 0.0234375 9.98607E-11
-0.0173437 0.289062 1.00542E-10
0.00140625 0.0234375 1.00195E-10
-0.00515625 0.0859375 1.01272E-10
-0.00140625 0.0234375 1.02606E-10
-0.0135937 0.226562 1.00936E-10
0.00609375 0.101563 1.0127E-10
0.00140625 0.0234375 1.00284E-10
-0.00515625 0.0859375 1.02206E-10
0.00046875 0.0078125 1.01015E-10
0.00890625 0.148438 1.02027E-10
-0.00046875 0.0078125 1.00899E-10
-0.00046875 0.0078125 1.01968E-10
-0.00046875 0.0078125 1.01311E-10
-0.00703125 0.117188 1.00915E-10
0.00984375 0.164062 1.02185E-10
0.00421875 0.0703125 1.01014E-10
-0.00046875 0.0078125 1.00093E-10
-0.00703125 0.117188 1.01834E-10
-0.00703125 0.117188 1.01483E-10
-0.00984375 0.164062 9.95521E-11
0.00046875 0.0078125 1.01923E-10
0.00046875 0.0078125 1.00624E-10
0.00890625 0.148438 1.01037E-10
-0.00515625 0.0859375 1.01592E-10
0.0173437 0.289062 1.00844E-10
-0.0107812 0.179688 1.00332E-10
0.00609375 0.101563 1.01914E-10
0.00984375 0.164062 1.02765E-10
-0.0173437 0.289062 1.01184E-10
0.00046875 0.0078125 1.00786E-10
-0.0126562 0.210938 1.00544E-10
0.0126562 0.210938 1.01799E-10
-0.0173437 0.289062 1.03351E-10
-0.00984375 0.164062 1.02881E-10
0.00234375 0.0390625 1.02754E-10
0.00421875 0.0703125 1.00103E-10
0.00703125 0.117188 1.00938E-10
-0.00890625 0.148438 1.01243E-10
0.00890625 0.148438 1.02702E-10
0.00609375 0.101563 1.0071E-10
-0.0126562 0.210938 1.01382E-10
-0.00515625 0.0859375 1.02546E-10
-0.00515625 0.0859375 1.00221E-10
-0.0276563 0.460938 1.02604E-10
-0.0117188 0.195312 1.03416E-10
0.0135937 0.226562 1.01422E-10
-0.00703125 0.117188 1.02525E-10
-0.00046875 0.0078125 1.01007E-10
-0.00796875 0.132812 1.01058E-10
0.00515625 0.0859375 1.00675E-10
-0.0107812 0.179688 1.02877E-10
0.0126562 0.210938 1.01425E-10
0.00140625 0.0234375 1.01949E-10
0.00421875 0.0703125 1.0102E-10
0.00328125 0.0546875 1.00486E-10
-0.00609375 0.101563 1.01443E-10
-0.0154687 0.257812 1.02775E-10
