0.0126562 0.210938 8.52332E-11
0.00890625 0.148438 8.40947E-11
0.00234375 0.0390625 8.40854E-11
-0.00796875 0.132812 8.40759E-11
-0.00421875 0.0703125 8.37475E-11
0.0145312 0.242188 8.50851E-11
-0.0126562 0.210938 8.50633E-11
0.00234375 0.0390625 8.33312E-11
0.00890625 0.148438 8.65148E-11
0.0126562 0.210938 8.39964E-11
-0.00046875 0.0078125 8.55252E-11
-0.0145312 0.242188 8.45688E-11
-0.00703125 0.117188 8.42626E-11
0.00046875 0.0078125 8.55803E-11
-0.00515625 0.0859375 8.3274E-11
0.00796875 0.132812 8.30479E-11
-0.00421875 0.0703125 8.54304E-11
0.00234375 0.0390625 8.41854E-11
-0.00890625 0.148438 8.47241E-11
0.00515625 0.0859375 8.39548E-11
-0.00140625 0.0234375 8.36668E-11
0.00703125 0.117188 8.56158E-11
0.00703125 0.117188 8.5601E-11
-0.0135937 0.226562 8.45061E-11
0.00046875 0.0078125 8.54407E-11
0.0154687 0.257812 8.56952E-11
0.00890625 0.148438 8.37484E-11
-0.00703125 0.117188 8.5516E-11
0.0107812 0.179688 8.57922E-11
-0.00796875 0.132812 8.33024E-11
0.00890625 0.148438 8.52042E-11
0.0248437 0.414062 8.38897E-11
-0.00796875 0.132812 8.3623E-11
0.00140625 0.0234375 8.2904E-11
0.00890625 0.148438 8.48478E-11
-0.0145312 0.242188 8.5797E-11
0.0126562 0.210938 8.54317E-11
0.0360937 0.601562 8.53245E-11
-0.0173437 0.289062 8.54307E-11
0.00796875 0.132812 8.3743E-11
0.0164062 0.273437 8.56221E-11
0.00515625 0.0859375 8.40477E-11
0.0164062 0.273437 8.47883E-11
-0.00234375 0.0390625 8.35043E-11
0.0117188 0.195312 8.44414E-11
-0.0239062 0.398437 8.53772E-11
-0.0117188 0.195312 8.53388E-11
-0.00984375 0.164062 8.48739E-11
-0.00140625 0.0234375 8.44478E-11
-0.00703125 0.117188 8.44944E-11
0.00890625 0.148438 8.37961E-11
0.00328125 0.0546875 8.62743E-11
0.00703125 0.117188 8.54982E-11
-0.00234375 0.0390625 8.50752E-11
-0.0117188 0.195312 8.53185E-11
-0.00703125 0.117188 8.59081E-11
0.00984375 0.164062 8.52E-11
0.00703125 0.117188 8.53428E-11
-0.00046875 0.0078125 8.57092E-11
0.0154687 0.257812 8.43694E-11
0.00515625 0.0859375 8.36108E-11
-0.00515625 0.0859375 8.3563E-11
0.0126562 0.210938 8.38709E-11
0.00421875 0.0703125 8.47649E-11
-0.00703125 0.117188 8.55578E-11
-0.00421875 0.0703125 8.54158E-11
-0.0173437 0.289062 8.49599E-11
-0.0135937 0.226562 8.53388E-11
-0.0229688 0.382813 8.35169E-11
-0.0126562 0.210938 8.57592E-11
-0.00328125 0.0546875 8.57048E-11
-0.00703125 0.117188 8.56628E-11
-0.00515625 0.0859375 8.59338E-11
-0.0145312 0.242188 8.53654E-11
0.0117188 0.195312 8.58912E-11
0.00046875 0.0078125 8.38949E-11
-0.00515625 0.0859375 8.38074E-11
-0.00890625 0.148438 8.60299E-11
-0.00421875 0.0703125 8.38033E-11
0.00609375 0.101563 8.43561E-11
-0.00515625 0.0859375 8.40598E-11
0.00796875 0.132812 8.37105E-11
-0.0210937 0.351562 8.42764E-11
0.00140625 0.0234375 8.37491E-11
-0.00890625 0.148438 8.5617E-11
-0.0135937 0.226562 8.49615E-11
-0.00046875 0.0078125 8.30921E-11
-0.00984375 0.164062 8.26374E-11
-0.0126562 0.210938 8.56662E-11
-0.00140625 0.0234375 8.45173E-11
0.0126562 0.210938 8.53659E-11
0.00328125 0.0546875 8.24693E-11
0.00609375 0.101563 8.55957E-11
-0.0135937 0.226562 8.58226E-11
-0.00421875 0.0703125 8.34718E-11
-0.00328125 0.0546875 8.34711E-11
-0.00046875 0.0078125 8.48999E-11
-0.00796875 0.132812 8.39599E-11
0.00890625 0.148438 8.34476E-11
0.00609375 0.101563 8.34609E-11
-0.00328125 0.0546875 8.46889E-11
-0.00046875 0.0078125 8.47517E-11
-0.0117188 0.195312 8.58096E-11
-0.00984375 0.164062 8.55318E-11
-0.00890625 0.148438 8.52538E-11
-0.0107812 0.179688 8.3025E-11
0.0145312 0.242188 8.5427E-11
-0.0126562 0.210938 8.56994E-11
-0.0107812 0.179688 8.57983E-11
-0.00140625 0.0234375 8.39778E-11
-0.0135937 0.226562 8.36731E-11
-0.0135937 0.226562 8.52577E-11
0.00328125 0.0546875 8.55403E-11
0.0126562 0.210938 8.34213E-11
-0.0154687 0.257812 8.33021E-11
0.00515625 0.0859375 8.5798E-11
0.0201563 0.335938 8.59677E-11
-0.00328125 0.0546875 8.54966E-11
-0.0117188 0.195312 8.56488E-11
-0.00328125 0.0546875 8.56585E-11
0.00609375 0.101563 8.38363E-11
0.00515625 0.0859375 8.47923E-11
0.00515625 0.0859375 8.39289E-11
0.00234375 0.0390625 8.37794E-11
-0.00703125 0.117188 8.65437E-11
-0.00046875 0.0078125 8.5486E-11
0.0192187 0.320312 8.48961E-11
-0.0154687 0.257812 8.35584E-11
0.0201563 0.335938 8.37695E-11
0.0145312 0.242188 8.56074E-11
-0.00703125 0.117188 8.3596E-11
0.00609375 0.101563 8.61975E-11
-0.00234375 0.0390625 8.30949E-11
0.00234375 0.0390625 8.64106E-11
-0.00984375 0.164062 8.33444E-11
0.00609375 0.101563 8.47646E-11
-0.0201563 0.335938 8.38745E-11
0.00421875 0.0703125 8.57244E-11
-0.00890625 0.148438 8.45236E-11
0.0182812 0.304688 8.61162E-11
0.00703125 0.117188 8.49876E-11
-0.0107812 0.179688 8.37327E-11
0.0145312 0.242188 8.362E-11
0.00984375 0.164062 8.49014E-11
0.0135937 0.226562 8.36769E-11
0.00328125 0.0546875 8.50307E-11
-0.0145312 0.242188 8.55383E-11
0.00984375 0.164062 8.52777E-11
0.0154687 0.257812 8.53597E-11
0.0210937 0.351562 8.55477E-11
0.00046875 0.0078125 8.47213E-11
0.00890625 0.148438 8.55388E-11
0.0154687 0.257812 8.37202E-11
-0.00609375 0.101563 8.34802E-11
0.0164062 0.273437 8.50857E-11
0.00046875 0.0078125 8.55559E-11
0.00890625 0.148438 8.39444E-11
0.00328125 0.0546875 8.37833E-11
-0.0220313 0.367188 8.32577E-11
0.00234375 0.0390625 8.57733E-11
0.00140625 0.0234375 8.5704E-11
-0.0229688 0.382813 8.57596E-11
-0.00140625 0.0234375 8.3318E-11
0.00890625 0.148438 8.54101E-11
0.0126562 0.210938 8.38044E-11
-0.00796875 0.132812 8.35443E-11
0.00421875 0.0703125 8.61864E-11
0.00140625 0.0234375 8.55014E-11
0.00515625 0.0859375 8.35E-11
0.00234375 0.0390625 8.50371E-11
-0.0154687 0.257812 8.51406E-11
-0.00046875 0.0078125 8.36152E-11
0.00328125 0.0546875 8.51262E-11
0.00609375 0.101563 8.55318E-11
0.00234375 0.0390625 8.50799E-11
0.0154687 0.257812 8.44187E-11
-0.0126562 0.210938 8.4863E-11
-0.00609375 0.101563 8.58248E-11
0.0154687 0.257812 8.56268E-11
-0.00703125 0.117188 8.53705E-11
-0.0201563 0.335938 8.48627E-11
-0.0182812 0.304688 8.36366E-11
-0.0192187 0.320312 8.50594E-11
-0.0126562 0.210938 8.53059E-11
-0.00421875 0.0703125 8.37665E-11
0.00046875 0.0078125 8.53607E-11
-0.0173437 0.289062 8.47279E-11
0.00890625 0.148438 8.56093E-11
-0.0135937 0.226562 8.35755E-11
0.00140625 0.0234375 8.40407E-11
0.0173437 0.289062 8.3926E-11
-0.00328125 0.0546875 8.39293E-11
-0.00984375 0.164062 8.34538E-11
0.0126562 0.210938 8.44145E-11
0.00234375 0.0390625 8.46244E-11
0.0117188 0.195312 8.33091E-11
0.00421875 0.0703125 8.46747E-11
-0.00984375 0.164062 8.42914E-11
0.0239062 0.398437 8.57889E-11
-0.0135937 0.226562 8.5866E-11
0.00609375 0.101563 8.38144E-11
-0.00890625 0.148438 8.58803E-11
0.00609375 0.101563 8.44686E-11
-0.0117188 0.195312 8.56442E-11
-0.00140625 0.0234375 8.58063E-11
-0.00234375 0.0390625 8.34782E-11
0.00421875 0.0703125 8.56936E-11
-0.0182812 0.304688 8.54346E-11
-0.00140625 0.0234375 8.34252E-11
-0.00703125 0.117188 8.54483E-11
0.00890625 0.148438 8.42858E-11
-0.00421875 0.0703125 8.41408E-11
-0.0117188 0.195312 8.32053E-11
0.0135937 0.226562 8.40679E-11
-0.00046875 0.0078125 8.52217E-11
0.00796875 0.132812 8.39492E-11
-0.0173437 0.289062 8.57971E-11
0.00703125 0.117188 8.33555E-11
-0.00328125 0.0546875 8.35061E-11
-0.0126562 0.210938 8.31765E-11
-0.00796875 0.132812 8.33867E-11
0.00140625 0.0234375 8.39676E-11
0.00046875 0.0078125 8.60956E-11
-0.00609375 0.101563 8.593E-11
-0.00890625 0.148438 8.58058E-11
0.00609375 0.101563 8.55344E-11
-0.00796875 0.132812 8.43055E-11
0.0117188 0.195312 8.42903E-11
-0.0164062 0.273437 8.3449E-11
0.00890625 0.148438 8.53504E-11
0.00140625 0.0234375 8.58749E-11
-0.00515625 0.0859375 8.3627E-11
0.0182812 0.304688 8.564E-11
-0.00515625 0.0859375 8.55255E-11
0.00703125 0.117188 8.4419E-11
0.00234375 0.0390625 8.61944E-11
0.0267187 0.445312 8.56762E-11
0.00703125 0.117188 8.56437E-11
-0.00140625 0.0234375 8.45938E-11
0.00421875 0.0703125 8.58836E-11
-0.0145312 0.242188 8.57779E-11
-0.00796875 0.132812 8.49754E-11
-0.00046875 0.0078125 8.51356E-11
0.00609375 0.101563 8.58513E-11
0.00796875 0.132812 8.35908E-11
-0.0182812 0.304688 8.41088E-11
0.0210937 0.351562 8.55323E-11
-0.00046875 0.0078125 8.39303E-11
-0.00421875 0.0703125 8.554E-11
-0.0220313 0.367188 8.55694E-11
-0.00703125 0.117188 8.40023E-11
0.00234375 0.0390625 8.55874E-11
0.00609375 0.101563 8.35145E-11
0.00234375 0.0390625 8.5657E-11
-0.0164062 0.273437 8.33195E-11
-0.00984375 0.164062 8.38392E-11
-0.00140625 0.0234375 8.56839E-11
-0.00890625 0.148438 8.55923E-11
-0.0154687 0.257812 8.41372E-11
0.00609375 0.101563 8.56998E-11
-0.00703125 0.117188 8.58688E-11
-0.00515625 0.0859375 8.53324E-11
-0.0145312 0.242188 8.55853E-11
0.00328125 0.0546875 8.57641E-11
0.0135937 0.226562 8.56577E-11
0.00609375 0.101563 8.49205E-11
0.00234375 0.0390625 8.60475E-11
0.00890625 0.148438 8.57036E-11
-0.0154687 0.257812 8.55999E-11
-0.0192187 0.320312 8.58352E-11
0.0107812 0.179688 8.38892E-11
-0.00328125 0.0546875 8.56272E-11
0.0107812 0.179688 8.54252E-11
0.0135937 0.226562 8.5092E-11
-0.00703125 0.117188 8.55463E-11
0.00796875 0.132812 8.58862E-11
0.00890625 0.148438 8.56114E-11
0.0126562 0.210938 8.34229E-11
-0.00609375 0.101563 8.57893E-11
0.00515625 0.0859375 8.37199E-11
0.0173437 0.289062 8.30806E-11
0.0154687 0.257812 8.47654E-11
-0.00140625 0.0234375 8.54575E-11
0.0192187 0.320312 8.55163E-11
0.00515625 0.0859375 8.55221E-11
-0.00796875 0.132812 8.42429E-11
-0.00140625 0.0234375 8.58358E-11
-0.00140625 0.0234375 8.44257E-11
0.00796875 0.132812 8.4859E-11
-0.00421875 0.0703125 8.55537E-11
0.00421875 0.0703125 8.34707E-11
-0.00796875 0.132812 8.51488E-11
-0.00609375 0.101563 8.39015E-11
-0.00328125 0.0546875 8.69597E-11
0.00703125 0.117188 8.56853E-11
0.0117188 0.195312 8.44013E-11
-0.00796875 0.132812 8.36305E-11
-0.00890625 0.148438 8.56249E-11
0.00515625 0.0859375 8.34893E-11
-0.0107812 0.179688 8.51776E-11
0.00328125 0.0546875 8.55218E-11
-0.00515625 0.0859375 8.63088E-11
-0.0192187 0.320312 8.51179E-11
-0.0126562 0.210938 8.43512E-11
-0.0164062 0.273437 8.49108E-11
0.00796875 0.132812 8.4465E-11
-0.00046875 0.0078125 8.4864E-11
0.00890625 0.148438 8.38768E-11
-0.0135937 0.226562 8.3814E-11
-0.00140625 0.0234375 8.59846E-11
0.00234375 0.0390625 8.30014E-11
0.00140625 0.0234375 8.43836E-11
-0.00140625 0.0234375 8.32877E-11
0.0107812 0.179688 8.37099E-11
0.0145312 0.242188 8.38976E-11
0.00515625 0.0859375 8.49092E-11
-0.00515625 0.0859375 8.32946E-11
0.0201563 0.335938 8.52049E-11
-0.0145312 0.242188 8.55054E-11
-0.00890625 0.148438 8.575E-11
0.00703125 0.117188 8.55469E-11
0.0154687 0.257812 8.42892E-11
-0.00046875 0.0078125 8.44446E-11
-0.00796875 0.132812 8.36809E-11
0.0135937 0.226562 8.54963E-11
0.00890625 0.148438 8.43701E-11
0.00140625 0.0234375 8.5289E-11
0.00421875 0.0703125 8.33376E-11
0.0107812 0.179688 8.32425E-11
-0.00796875 0.132812 8.38549E-11
-0.0201563 0.335938 8.58152E-11
-0.0173437 0.289062 8.47E-11
0.0239062 0.398437 8.4287E-11
0.00796875 0.132812 8.39673E-11
-0.00328125 0.0546875 8.5578E-11
-0.00609375 0.101563 8.52787E-11
0.00234375 0.0390625 8.56453E-11
0.0201563 0.335938 8.57329E-11
0.00421875 0.0703125 8.51009E-11
0.00984375 0.164062 8.50993E-11
0.0117188 0.195312 8.35113E-11
-0.00234375 0.0390625 8.6041E-11
-0.00796875 0.132812 8.53857E-11
0.0192187 0.320312 8.53196E-11
-0.00328125 0.0546875 8.58697E-11
-0.0126562 0.210938 8.52687E-11
0.00984375 0.164062 8.55944E-11
0.00328125 0.0546875 8.56924E-11
-0.00515625 0.0859375 8.38834E-11
-0.0107812 0.179688 8.59134E-11
0.00703125 0.117188 8.48591E-11
0.0182812 0.304688 8.39882E-11
0.00328125 0.0546875 8.37451E-11
-0.00046875 0.0078125 8.55376E-11
0.00703125 0.117188 8.65954E-11
-0.00890625 0.148438 8.56986E-11
0.00140625 0.0234375 8.54028E-11
0.00984375 0.164062 8.42836E-11
-0.00515625 0.0859375 8.38253E-11
0.00234375 0.0390625 8.32006E-11
-0.0192187 0.320312 8.41988E-11
-0.00890625 0.148438 8.5607E-11
-0.00890625 0.148438 8.37749E-11
-0.00515625 0.0859375 8.53294E-11
0.00421875 0.0703125 8.49078E-11
-0.0117188 0.195312 8.49266E-11
-0.00609375 0.101563 8.61602E-11
0.00234375 0.0390625 8.5474E-11
-0.0145312 0.242188 8.46071E-11
0.00234375 0.0390625 8.47744E-11
0.00421875 0.0703125 8.36454E-11
0.00703125 0.117188 8.51113E-11
0.00046875 0.0078125 8.38831E-11
-0.0126562 0.210938 8.33364E-11
0.00515625 0.0859375 8.37243E-11
0.00046875 0.0078125 8.4045E-11
-0.0117188 0.195312 8.54794E-11
-0.00046875 0.0078125 8.59004E-11
-0.00328125 0.0546875 8.36918E-11
-0.00984375 0.164062 8.58326E-11
0.00796875 0.132812 8.59421E-11
-0.0154687 0.257812 8.43123E-11
-0.0145312 0.242188 8.58869E-11
-0.0210937 0.351562 8.5627E-11
0.00984375 0.164062 8.35068E-11
-0.0154687 0.257812 8.606E-11
0.00421875 0.0703125 8.46762E-11
0.00796875 0.132812 8.56503E-11
-0.00796875 0.132812 8.35952E-11
-0.00421875 0.0703125 8.52838E-11
-0.00140625 0.0234375 8.3505E-11
0.00234375 0.0390625 8.48706E-11
0.0145312 0.242188 8.44799E-11
0.0192187 0.320312 8.37595E-11
0.00515625 0.0859375 8.36754E-11
-0.0220313 0.367188 8.51114E-11
0.00234375 0.0390625 8.39547E-11
-0.00796875 0.132812 8.58462E-11
-0.00609375 0.101563 8.56761E-11
-0.00234375 0.0390625 8.55924E-11
-0.0126562 0.210938 8.58977E-11
0.00140625 0.0234375 8.52499E-11
0.00890625 0.148438 8.48626E-11
-0.00796875 0.132812 8.50309E-11
0.00890625 0.148438 8.53609E-11
0.00046875 0.0078125 8.4057E-11
0.00890625 0.148438 8.38134E-11
0.00703125 0.117188 8.58577E-11
0.00703125 0.117188 8.47302E-11
0.00421875 0.0703125 8.51607E-11
0.00984375 0.164062 8.49013E-11
0.0117188 0.195312 8.42442E-11
-0.00421875 0.0703125 8.50527E-11
0.00890625 0.148438 8.50729E-11
-0.00703125 0.117188 8.30336E-11
0.00046875 0.0078125 8.65907E-11
0.0210937 0.351562 8.64606E-11
-0.0285937 0.476562 8.50159E-11
0.00515625 0.0859375 8.44193E-11
0.00703125 0.117188 8.6089E-11
0.0126562 0.210938 8.27993E-11
0.00515625 0.0859375 8.38367E-11
0.0145312 0.242188 8.51754E-11
0.00984375 0.164062 8.5241E-11
0.00515625 0.0859375 8.60154E-11
0.00703125 0.117188 8.32681E-11
0.00515625 0.0859375 8.54353E-11
0.00421875 0.0703125 8.64348E-11
-0.00609375 0.101563 8.42045E-11
0.00796875 0.132812 8.57097E-11
-0.00421875 0.0703125 8.57682E-11
-0.00890625 0.148438 8.49978E-11
0.00140625 0.0234375 8.56761E-11
0.0154687 0.257812 8.4929E-11
-0.0145312 0.242188 8.39976E-11
-0.00890625 0.148438 8.55689E-11
-0.0276563 0.460938 8.52235E-11
-0.00328125 0.0546875 8.41372E-11
-0.0107812 0.179688 8.58229E-11
-0.00515625 0.0859375 8.41829E-11
-0.00234375 0.0390625 8.58302E-11
-0.0107812 0.179688 8.54591E-11
-0.0182812 0.304688 8.56324E-11
-0.00140625 0.0234375 8.52783E-11
-0.00140625 0.0234375 8.64952E-11
-0.00046875 0.0078125 8.54194E-11
0.00046875 0.0078125 8.57165E-11
0.00609375 0.101563 8.4791E-11
-0.0220313 0.367188 8.46973E-11
0.0210937 0.351562 8.49602E-11
0.0107812 0.179688 8.50521E-11
0.00140625 0.0234375 8.33253E-11
0.00421875 0.0703125 8.52291E-11
-0.0126562 0.210938 8.32047E-11
0.00609375 0.101563 8.43903E-11
0.00046875 0.0078125 8.35444E-11
-0.00328125 0.0546875 8.57312E-11
-0.00421875 0.0703125 8.41137E-11
0.0107812 0.179688 8.50003E-11
-0.00515625 0.0859375 8.56991E-11
-0.00515625 0.0859375 8.55911E-11
0.00234375 0.0390625 8.45947E-11
-0.00234375 0.0390625 8.56606E-11
-0.00890625 0.148438 8.52373E-11
-0.0135937 0.226562 8.43226E-11
0.00140625 0.0234375 8.39365E-11
-0.00515625 0.0859375 8.34937E-11
-0.00609375 0.101563 8.6055E-11
0.00421875 0.0703125 8.58171E-11
-0.00984375 0.164062 8.38645E-11
0.00703125 0.117188 8.54605E-11
-0.0135937 0.226562 8.39373E-11
-0.00328125 0.0546875 8.5635E-11
0.0154687 0.257812 8.52235E-11
-0.00046875 0.0078125 8.5743E-11
-0.0117188 0.195312 8.49128E-11
-0.0145312 0.242188 8.35201E-11
-0.00515625 0.0859375 8.44867E-11
0.00328125 0.0546875 8.29455E-11
-0.00984375 0.164062 8.34458E-11
-0.00328125 0.0546875 8.53493E-11
-0.00328125 0.0546875 8.51792E-11
0.0107812 0.179688 8.46139E-11
-0.00890625 0.148438 8.34184E-11
0.00890625 0.148438 8.5121E-11
-0.00515625 0.0859375 8.39218E-11
-0.00140625 0.0234375 8.38307E-11
-0.00140625 0.0234375 8.33004E-11
0.0145312 0.242188 8.52256E-11
0.00140625 0.0234375 8.51338E-11
0.00609375 0.101563 8.59058E-11
-0.0201563 0.335938 8.55029E-11
0.00046875 0.0078125 8.54655E-11
-0.00046875 0.0078125 8.54656E-11
0.00140625 0.0234375 8.36687E-11
0.00890625 0.148438 8.3694E-11
0.0192187 0.320312 8.33725E-11
0.00046875 0.0078125 8.54052E-11
-0.00890625 0.148438 8.40133E-11
-0.00140625 0.0234375 8.53473E-11
