-0.00328125 0.0546875 8.27154E-11
-0.00890625 0.148438 8.26764E-11
-0.00234375 0.0390625 8.24069E-11
0.00703125 0.117188 8.1879E-11
-0.00140625 0.0234375 8.1786E-11
-0.00234375 0.0390625 8.25638E-11
0.00421875 0.0703125 8.26602E-11
-0.00046875 0.0078125 8.26888E-11
0.00234375 0.0390625 8.3503E-11
0.00609375 0.101563 8.3016E-11
-0.0126562 0.210938 8.37098E-11
-0.0192187 0.320312 8.38733E-11
-0.00421875 0.0703125 8.39495E-11
-0.00890625 0.148438 8.21795E-11
0.00046875 0.0078125 8.2027E-11
-0.0239062 0.398437 8.32991E-11
0.00328125 0.0546875 8.04807E-11
0.00140625 0.0234375 8.25479E-11
0.0107812 0.179688 8.31829E-11
-0.00046875 0.0078125 8.28438E-11
-0.00140625 0.0234375 8.24709E-11
0.00421875 0.0703125 8.2729E-11
0.00140625 0.0234375 8.3159E-11
0.0154687 0.257812 8.19866E-11
-0.00046875 0.0078125 8.08357E-11
-0.0126562 0.210938 8.3E-11
-0.00328125 0.0546875 8.17179E-11
-0.00890625 0.148438 8.28206E-11
0.00421875 0.0703125 8.06428E-11
0.00328125 0.0546875 8.29171E-11
-0.00984375 0.164062 8.32506E-11
-0.00421875 0.0703125 8.25797E-11
-0.0126562 0.210938 8.23497E-11
0.0164062 0.273437 8.3006E-11
0.0117188 0.195312 8.20978E-11
-0.00515625 0.0859375 8.4155E-11
-0.00234375 0.0390625 8.30665E-11
0.00140625 0.0234375 8.24765E-11
0.0145312 0.242188 8.38273E-11
0.00984375 0.164062 8.2865E-11
0.00796875 0.132812 8.29969E-11
0.0154687 0.257812 8.29998E-11
0.00703125 0.117188 8.28873E-11
0.00421875 0.0703125 8.41614E-11
0.0126562 0.210938 8.23192E-11
0.00609375 0.101563 8.24339E-11
0.00046875 0.0078125 8.36579E-11
-0.00046875 0.0078125 8.27914E-11
-0.00703125 0.117188 8.37303E-11
0.0135937 0.226562 8.3183E-11
-0.00609375 0.101563 8.40937E-11
0.00046875 0.0078125 8.28362E-11
-0.00140625 0.0234375 8.29525E-11
-0.00046875 0.0078125 8.43476E-11
-0.0164062 0.273437 8.40612E-11
0.00984375 0.164062 8.32645E-11
-0.00890625 0.148438 8.11991E-11
0.00328125 0.0546875 8.22712E-11
-0.00515625 0.0859375 8.29464E-11
-0.0145312 0.242188 8.20872E-11
0.0154687 0.257812 8.27899E-11
-0.0126562 0.210938 8.26475E-11
-0.00890625 0.148438 8.2823E-11
0.00046875 0.0078125 8.30332E-11
0.00140625 0.0234375 8.39197E-11
0.00890625 0.148438 8.30164E-11
-0.00328125 0.0546875 8.26445E-11
0.00234375 0.0390625 8.30198E-11
-0.00515625 0.0859375 8.17634E-11
0.0126562 0.210938 8.34384E-11
-0.00796875 0.132812 8.18659E-11
-0.00609375 0.101563 8.25813E-11
-0.00421875 0.0703125 8.26535E-11
-0.00046875 0.0078125 8.31096E-11
0.0117188 0.195312 8.28444E-11
0.00140625 0.0234375 8.29013E-11
-0.00046875 0.0078125 8.30672E-11
0.00703125 0.117188 8.31949E-11
-0.00046875 0.0078125 8.27493E-11
0.00609375 0.101563 8.2062E-11
-0.00609375 0.101563 8.32751E-11
0.00140625 0.0234375 8.18521E-11
0.00984375 0.164062 8.4046E-11
0.00890625 0.148438 8.25219E-11
0.0154687 0.257812 8.30472E-11
0.00984375 0.164062 8.27219E-11
0.0239062 0.398437 8.10086E-11
0.0107812 0.179688 8.08183E-11
0.00890625 0.148438 8.08264E-11
0.0135937 0.226562 8.13758E-11
-0.00328125 0.0546875 8.26096E-11
0.00796875 0.132812 8.35045E-11
0.00328125 0.0546875 8.25484E-11
0.0117188 0.195312 8.36277E-11
0.0276563 0.460938 8.2909E-11
0.00984375 0.164062 8.32545E-11
0.0107812 0.179688 8.35048E-11
0.0173437 0.289062 8.24291E-11
-0.00890625 0.148438 8.28832E-11
-0.00046875 0.0078125 8.4112E-11
0.00984375 0.164062 8.22725E-11
0.00703125 0.117188 8.14293E-11
0.00140625 0.0234375 8.35268E-11
-0.0276563 0.460938 8.26526E-11
-0.00234375 0.0390625 8.24927E-11
0.00328125 0.0546875 8.26644E-11
0.00421875 0.0703125 8.29246E-11
-0.00890625 0.148438 8.26878E-11
-0.00515625 0.0859375 8.37513E-11
0.00140625 0.0234375 8.28609E-11
-0.0229688 0.382813 8.07694E-11
-0.00328125 0.0546875 8.26588E-11
-0.0201563 0.335938 8.16155E-11
0.00703125 0.117188 8.39328E-11
-0.0107812 0.179688 8.34417E-11
-0.00515625 0.0859375 8.23331E-11
-0.00140625 0.0234375 8.26163E-11
-0.00703125 0.117188 8.41553E-11
-0.00890625 0.148438 8.29877E-11
0.00515625 0.0859375 8.32019E-11
-0.0182812 0.304688 8.26702E-11
-0.00515625 0.0859375 8.35342E-11
-0.00046875 0.0078125 8.35033E-11
0.0173437 0.289062 8.31498E-11
0.00421875 0.0703125 8.28373E-11
0.00609375 0.101563 8.23569E-11
-0.00234375 0.0390625 8.082E-11
0.00046875 0.0078125 8.26138E-11
0.00796875 0.132812 8.22485E-11
-0.0164062 0.273437 8.28266E-11
-0.00890625 0.148438 8.33278E-11
0.0107812 0.179688 8.25592E-11
0.0107812 0.179688 8.27258E-11
0.00984375 0.164062 8.32209E-11
-0.00421875 0.0703125 8.2784E-11
-0.00234375 0.0390625 8.42346E-11
-0.00421875 0.0703125 8.29721E-11
-0.00421875 0.0703125 8.36153E-11
0.00515625 0.0859375 8.22942E-11
-0.00328125 0.0546875 8.17049E-11
0.00796875 0.132812 8.17427E-11
-0.00046875 0.0078125 8.32287E-11
-0.0154687 0.257812 8.15389E-11
0.00890625 0.148438 8.40802E-11
0.0220313 0.367188 8.13558E-11
-0.00796875 0.132812 8.30776E-11
-0.0154687 0.257812 8.2542E-11
-0.0107812 0.179688 8.3631E-11
-0.0173437 0.289062 8.2908E-11
-0.0164062 0.273437 8.42423E-11
0.00796875 0.132812 8.18036E-11
-0.0126562 0.210938 8.32239E-11
-0.00515625 0.0859375 8.30243E-11
-0.0182812 0.304688 8.26443E-11
0.0126562 0.210938 8.1038E-11
-0.00890625 0.148438 8.33135E-11
0.00515625 0.0859375 8.3064E-11
-0.00140625 0.0234375 8.28984E-11
-0.00703125 0.117188 8.26832E-11
-0.0107812 0.179688 8.28907E-11
-0.00796875 0.132812 8.28852E-11
-0.00703125 0.117188 8.28248E-11
-0.00140625 0.0234375 8.14617E-11
-0.00046875 0.0078125 8.19424E-11
-0.00609375 0.101563 8.37643E-11
-0.0135937 0.226562 8.20294E-11
0.00140625 0.0234375 8.35536E-11
-0.00890625 0.148438 8.3311E-11
-0.00984375 0.164062 8.3257E-11
0.00796875 0.132812 8.37509E-11
0.0117188 0.195312 8.12144E-11
-0.0126562 0.210938 8.22455E-11
0.0210937 0.351562 8.28433E-11
0.00328125 0.0546875 8.14085E-11
0.0117188 0.195312 8.34795E-11
0.0135937 0.226562 8.26668E-11
0.0126562 0.210938 8.11714E-11
-0.00328125 0.0546875 8.40438E-11
0.0145312 0.242188 8.35339E-11
-0.00984375 0.164062 8.30656E-11
0.0145312 0.242188 8.3742E-11
0.00609375 0.101563 8.34687E-11
-0.00609375 0.101563 8.3408E-11
0.00140625 0.0234375 8.30032E-11
0.00609375 0.101563 8.25776E-11
0.0117188 0.195312 8.26133E-11
0.00515625 0.0859375 8.26296E-11
-0.0135937 0.226562 8.25074E-11
0.00515625 0.0859375 8.27023E-11
-0.00046875 0.0078125 8.44621E-11
-0.00046875 0.0078125 8.15929E-11
-0.00140625 0.0234375 8.27668E-11
-0.00046875 0.0078125 8.27526E-11
0.00890625 0.148438 8.3317E-11
0.00421875 0.0703125 8.41621E-11
0.0304687 0.507812 8.23559E-11
0.00046875 0.0078125 8.27809E-11
0.00234375 0.0390625 8.34949E-11
-0.00515625 0.0859375 8.27179E-11
-0.00140625 0.0234375 8.34519E-11
