0.0164062 0.273437 7.07555E-11
0.0342187 0.570312 7.11781E-11
0.0117188 0.195312 7.20698E-11
-0.00046875 0.0078125 7.2473E-11
0.00890625 0.148438 7.27079E-11
0.00890625 0.148438 7.21021E-11
0.00421875 0.0703125 7.2178E-11
0.0107812 0.179688 7.09165E-11
0.00609375 0.101563 7.11643E-11
0.0126562 0.210938 7.22961E-11
0.00796875 0.132812 7.31407E-11
0.0107812 0.179688 7.22958E-11
-0.00328125 0.0546875 7.08153E-11
-0.0107812 0.179688 7.20424E-11
0.00234375 0.0390625 7.2728E-11
-0.00890625 0.148438 7.09379E-11
0.00609375 0.101563 7.1768E-11
0.0135937 0.226562 7.12585E-11
0.00046875 0.0078125 7.23372E-11
-0.0192187 0.320312 7.22492E-11
-0.00984375 0.164062 7.30275E-11
0.0135937 0.226562 7.13293E-11
-0.00609375 0.101563 7.29171E-11
0.00796875 0.132812 7.19951E-11
-0.0126562 0.210938 7.33679E-11
0.00890625 0.148438 7.18158E-11
0.00328125 0.0546875 7.02356E-11
-0.00703125 0.117188 7.15619E-11
0.00515625 0.0859375 7.10827E-11
-0.00984375 0.164062 7.28478E-11
-0.00796875 0.132812 7.36175E-11
0.00515625 0.0859375 7.10077E-11
-0.00515625 0.0859375 7.28399E-11
0.00703125 0.117188 7.40313E-11
-0.0145312 0.242188 7.32029E-11
0.00328125 0.0546875 7.11553E-11
-0.0126562 0.210938 7.21707E-11
-0.00515625 0.0859375 7.17903E-11
-0.00046875 0.0078125 7.25067E-11
0.0126562 0.210938 7.12019E-11
0.0135937 0.226562 7.0392E-11
0.00890625 0.148438 7.16578E-11
-0.0285937 0.476562 7.25279E-11
-0.00703125 0.117188 7.10258E-11
-0.00328125 0.0546875 7.23694E-11
0.00703125 0.117188 7.10562E-11
-0.00890625 0.148438 7.19606E-11
0.0145312 0.242188 7.35781E-11
0.00328125 0.0546875 7.09542E-11
-0.00140625 0.0234375 7.25853E-11
0.00421875 0.0703125 7.12334E-11
-0.00046875 0.0078125 7.33246E-11
0.0201563 0.335938 7.17778E-11
0.0107812 0.179688 7.09628E-11
0.00046875 0.0078125 7.15106E-11
0.0182812 0.304688 7.33547E-11
0.0135937 0.226562 7.11288E-11
-0.00140625 0.0234375 7.09625E-11
-0.00046875 0.0078125 7.32387E-11
-0.00984375 0.164062 7.19947E-11
-0.0107812 0.179688 7.36626E-11
0.00328125 0.0546875 7.10251E-11
0.0154687 0.257812 7.08109E-11
0.00046875 0.0078125 7.2907E-11
-0.00046875 0.0078125 7.19914E-11
0.0154687 0.257812 7.15032E-11
0.00140625 0.0234375 7.11503E-11
0.0192187 0.320312 7.1923E-11
-0.0192187 0.320312 7.1965E-11
-0.0304687 0.507812 7.32543E-11
-0.00703125 0.117188 7.30728E-11
-0.00140625 0.0234375 7.25101E-11
-0.00328125 0.0546875 7.41406E-11
-0.0276563 0.460938 7.27615E-11
-0.0389063 0.648438 7.27904E-11
0.0117188 0.195312 7.17961E-11
0.0201563 0.335938 7.01136E-11
0.00890625 0.148438 7.25568E-11
-0.00703125 0.117188 7.23382E-11
-0.00890625 0.148438 7.21771E-11
-0.00421875 0.0703125 7.40124E-11
0.00140625 0.0234375 7.11183E-11
-0.00609375 0.101563 7.38071E-11
-0.00328125 0.0546875 7.1721E-11
0.0126562 0.210938 7.26695E-11
0.00703125 0.117188 7.18019E-11
0.00421875 0.0703125 7.13109E-11
-0.0126562 0.210938 7.11644E-11
-0.00796875 0.132812 7.28923E-11
0.00140625 0.0234375 7.18565E-11
0.00703125 0.117188 7.37372E-11
-0.0126562 0.210938 7.26819E-11
-0.00609375 0.101563 7.29606E-11
0.00328125 0.0546875 7.32713E-11
0.00515625 0.0859375 7.2414E-11
0.00328125 0.0546875 7.31286E-11
-0.00046875 0.0078125 7.21578E-11
-0.0182812 0.304688 7.28101E-11
-0.0192187 0.320312 7.30204E-11
-0.0182812 0.304688 7.04671E-11
0.0164062 0.273437 7.21597E-11
0.0257812 0.429688 7.14787E-11
0.0126562 0.210938 7.21866E-11
0.00609375 0.101563 7.09504E-11
0.0135937 0.226562 7.21244E-11
0.00796875 0.132812 7.11382E-11
-0.00328125 0.0546875 7.32145E-11
-0.0135937 0.226562 7.27008E-11
0.00609375 0.101563 7.35698E-11
-0.00421875 0.0703125 7.29311E-11
-0.00140625 0.0234375 7.30885E-11
-0.00609375 0.101563 7.25992E-11
-0.0210937 0.351562 7.28912E-11
0.00609375 0.101563 7.33916E-11
-0.00328125 0.0546875 7.16439E-11
-0.00515625 0.0859375 7.36831E-11
-0.00421875 0.0703125 7.0787E-11
-0.00234375 0.0390625 7.183E-11
0.00609375 0.101563 7.15956E-11
-0.0117188 0.195312 7.33408E-11
-0.00984375 0.164062 7.18078E-11
0.00421875 0.0703125 7.21411E-11
-0.0164062 0.273437 7.3882E-11
-0.0210937 0.351562 7.30015E-11
0.00328125 0.0546875 7.24999E-11
0.0342187 0.570312 7.27946E-11
-0.0135937 0.226562 7.1855E-11
-0.00515625 0.0859375 7.30918E-11
0.0145312 0.242188 7.27531E-11
0.00046875 0.0078125 7.26727E-11
0.0107812 0.179688 7.33248E-11
-0.00609375 0.101563 7.06096E-11
-0.00234375 0.0390625 7.16905E-11
0.00796875 0.132812 7.30143E-11
-0.00046875 0.0078125 7.10335E-11
-0.0117188 0.195312 7.32566E-11
0.0107812 0.179688 7.19861E-11
-0.00421875 0.0703125 7.20892E-11
-0.0107812 0.179688 7.31001E-11
-0.0126562 0.210938 7.19325E-11
0.0201563 0.335938 7.2012E-11
-0.0173437 0.289062 7.31729E-11
-0.0201563 0.335938 7.11931E-11
0.00328125 0.0546875 7.08368E-11
-0.0145312 0.242188 7.34901E-11
-0.00328125 0.0546875 7.29125E-11
0.0229688 0.382813 7.28309E-11
0.00984375 0.164062 7.11908E-11
-0.00703125 0.117188 7.32095E-11
-0.00515625 0.0859375 7.12573E-11
0.00796875 0.132812 7.32615E-11
-0.00609375 0.101563 7.32818E-11
-0.0182812 0.304688 7.34123E-11
-0.00046875 0.0078125 7.09978E-11
0.00140625 0.0234375 7.12411E-11
-0.0107812 0.179688 7.19207E-11
-0.00703125 0.117188 7.34801E-11
-0.00328125 0.0546875 7.31098E-11
0.00984375 0.164062 7.11271E-11
0.0117188 0.195312 7.23858E-11
-0.00984375 0.164062 7.18748E-11
0.00703125 0.117188 7.33066E-11
-0.0145312 0.242188 7.10216E-11
-0.00234375 0.0390625 7.17895E-11
0.0107812 0.179688 7.0591E-11
0.0164062 0.273437 7.17148E-11
-0.0220313 0.367188 7.18275E-11
-0.00140625 0.0234375 7.08837E-11
-0.00140625 0.0234375 7.17176E-11
-0.00609375 0.101563 7.31271E-11
0.00328125 0.0546875 7.2557E-11
0.0107812 0.179688 7.20253E-11
-0.00515625 0.0859375 7.11098E-11
-0.00046875 0.0078125 7.35599E-11
0.00140625 0.0234375 7.22609E-11
-0.00140625 0.0234375 7.30956E-11
0.00984375 0.164062 7.27278E-11
-0.00609375 0.101563 7.34719E-11
-0.00421875 0.0703125 7.29693E-11
0.00609375 0.101563 7.2969E-11
-0.0117188 0.195312 7.36067E-11
0.00234375 0.0390625 7.24962E-11
-0.0173437 0.289062 7.35322E-11
0.0126562 0.210938 7.14411E-11
-0.0182812 0.304688 7.25693E-11
0.0257812 0.429688 7.3E-11
-0.00703125 0.117188 7.33084E-11
-0.00609375 0.101563 7.21883E-11
-0.0164062 0.273437 7.17761E-11
-0.00046875 0.0078125 7.27365E-11
-0.00046875 0.0078125 7.21648E-11
-0.0154687 0.257812 7.37413E-11
0.00609375 0.101563 7.19788E-11
0.00796875 0.132812 7.28036E-11
-0.0239062 0.398437 7.36537E-11
-0.00140625 0.0234375 7.24781E-11
-0.0154687 0.257812 7.2008E-11
0.0210937 0.351562 7.05594E-11
-0.00703125 0.117188 7.18376E-11
0.00703125 0.117188 7.29615E-11
