0.00119385 0.0198974 8.37814E-11
-0.00809326 0.134888 8.39887E-11
0.00336182 0.0560304 8.33232E-11
-0.00101806 0.0169677 8.32106E-11
-0.00670165 0.111694 8.2871E-11
0.0054419 0.0906983 8.20596E-11
0.00828368 0.138061 8.32063E-11
-0.0011792 0.0196533 8.19479E-11
0.00941162 0.15686 8.3339E-11
-0.00601318 0.10022 8.33958E-11
-0.00283447 0.0472412 8.34101E-11
0.00277588 0.0462646 8.1648E-11
0.0119311 0.198852 8.31251E-11
-0.00624756 0.104126 8.2395E-11
0.00151612 0.0252686 8.35962E-11
-0.0109643 0.182738 8.28978E-11
0.00446046 0.0743409 8.31379E-11
0.00454836 0.0758059 8.38534E-11
-0.0165893 0.276488 8.26603E-11
0.00138428 0.0230713 8.27197E-11
-0.00361086 0.0601809 8.45572E-11
-0.0201343 0.335572 8.2804E-11
-0.0141283 0.235472 8.29384E-11
0.000402833 0.00671388 8.34989E-11
-0.0190502 0.317503 8.33997E-11
-0.00292237 0.0487061 8.38042E-11
-0.00580811 0.0968019 8.29004E-11
-0.00739014 0.123169 8.39717E-11
-0.00194092 0.0323486 8.33619E-11
-0.00929443 0.154907 8.45685E-11
0.0026001 0.0433349 8.27321E-11
-0.0016626 0.0277099 8.40731E-11
0.00863525 0.143921 8.43648E-11
-0.0067456 0.112427 8.32854E-11
0.00303956 0.0506593 8.42584E-11
0.00101806 0.0169677 8.31878E-11
0.00197021 0.0328369 8.25916E-11
-0.00614503 0.102417 8.39398E-11
-0.0135864 0.226439 8.30928E-11
0.0121655 0.202758 8.18152E-11
0.0104076 0.17346 8.2753E-11
0.0066577 0.110962 8.34679E-11
0.0115796 0.192993 8.27197E-11
-0.0107885 0.179808 8.33499E-11
0.000256348 0.00427247 8.25891E-11
-0.000871582 0.0145264 8.23325E-11
-0.00132569 0.0220948 8.34602E-11
0.0002417 0.00402833 8.28573E-11
-0.02198 0.366333 8.33312E-11
0.0040503 0.0675049 8.32491E-11
0.0074048 0.123413 8.20966E-11
0.00413818 0.0689697 8.34599E-11
0.00803466 0.133911 8.34964E-11
-0.000124513 0.00207521 8.39418E-11
-0.0104955 0.174925 8.39012E-11
-0.000212403 0.00354005 8.31246E-11
-0.00205812 0.0343019 8.39657E-11
-0.00431397 0.0718994 8.21571E-11
-0.00172119 0.0286864 8.35088E-11
-0.0141137 0.235228 8.32561E-11
0.00731691 0.121948 8.31615E-11
-0.00328858 0.0548096 8.32823E-11
0.0217895 0.363159 8.30916E-11
0.00416749 0.0694581 8.37855E-11
-0.00312745 0.0521241 8.27044E-11
-0.000754395 0.0125733 8.22971E-11
-0.000842286 0.0140381 8.347E-11
0.00415284 0.0692139 8.34359E-11
-0.00330322 0.0550537 8.38535E-11
-0.0059253 0.0987549 8.21375E-11
0.0105541 0.175903 8.34782E-11
0.00101806 0.0169677 8.31822E-11
0.0067749 0.112915 8.33739E-11
0.00243897 0.0406496 8.3099E-11
0.0182445 0.304076 8.27897E-11
-0.00793213 0.132202 8.2787E-11
0.0117261 0.195435 8.26644E-11
0.00869384 0.144897 8.1854E-11
-0.0133959 0.223265 8.27331E-11
0.000988771 0.0164795 8.28014E-11
0.00551514 0.0919189 8.32077E-11
0.0086792 0.144653 8.34175E-11
-0.00756592 0.126099 8.26295E-11
-0.0078003 0.130005 8.28758E-11
0.0111547 0.185913 8.32597E-11
0.00150147 0.0250244 8.33776E-11
-0.0108471 0.180785 8.19058E-11
0.00857665 0.142944 8.32325E-11
-0.00802002 0.133667 8.26395E-11
-0.00695068 0.115845 8.35062E-11
-0.00623292 0.103882 8.42244E-11
0.000256348 0.00427247 8.34879E-11
0.00289307 0.0482178 8.39354E-11
0.0140698 0.234497 8.34933E-11
-0.0120923 0.201538 8.38463E-11
0.00800537 0.133423 8.33927E-11
-0.00734619 0.122437 8.32129E-11
-0.00416749 0.0694581 8.27403E-11
0.00561767 0.0936279 8.31788E-11
0.00172119 0.0286864 8.35629E-11
0.0113452 0.189087 8.32635E-11
-0.00245362 0.0408937 8.30171E-11
-0.00484132 0.0806886 8.37241E-11
0.00457764 0.076294 8.27911E-11
0.00418213 0.0697022 8.33666E-11
0.00513429 0.0855714 8.33655E-11
-0.00557372 0.0928954 8.33021E-11
0.00369873 0.0616456 8.32975E-11
0.00554444 0.0924073 8.38593E-11
-0.019182 0.319701 8.2481E-11
-0.0076538 0.127563 8.25037E-11
0.00772705 0.128784 8.37487E-11
-0.00432862 0.0721436 8.33832E-11
0.0172338 0.28723 8.32847E-11
-0.00375733 0.0626221 8.19795E-11
-0.004021 0.0670166 8.32308E-11
0.00611573 0.101929 8.33696E-11
-0.0100707 0.167846 8.35304E-11
-0.00394777 0.0657961 8.38777E-11
0.00996824 0.166137 8.29826E-11
-0.00100342 0.0167236 8.35384E-11
-0.00223389 0.0372314 8.22779E-11
0.0045337 0.0755617 8.32633E-11
-0.0128246 0.213744 8.33303E-11
-0.00119385 0.0198974 8.37833E-11
-5.12697E-05 0.000854496 8.34197E-11
0.00148682 0.0247803 8.32698E-11
0.00564698 0.0941163 8.31178E-11
0.00328858 0.0548096 8.24558E-11
0.00457764 0.076294 8.30009E-11
-0.000827638 0.013794 8.28335E-11
-0.00712648 0.118775 8.26209E-11
-0.0118578 0.197631 8.21075E-11
0.0074048 0.123413 8.40078E-11
0.0036255 0.060425 8.29172E-11
0.00295167 0.0491944 8.34211E-11
0.0217163 0.361938 8.32698E-11
0.00238038 0.0396729 8.38952E-11
0.00265869 0.0443115 8.31964E-11
0.000549317 0.00915528 8.35433E-11
-0.0016919 0.0281983 8.24358E-11
0.00897217 0.149536 8.33241E-11
-0.00440185 0.0733642 8.37892E-11
0.00188233 0.0313721 8.27409E-11
0.000124513 0.00207521 8.20015E-11
-0.00207276 0.0345461 8.20502E-11
0.00167724 0.0279541 8.44437E-11
-0.0120629 0.201049 8.2774E-11
-0.00336182 0.0560304 8.30974E-11
-0.000578614 0.00964357 8.34421E-11
-0.010935 0.18225 8.37583E-11
-0.00103272 0.0172119 8.11475E-11
-0.00218994 0.0364991 8.40862E-11
-0.0118871 0.198119 8.25427E-11
0.0119897 0.199828 8.34912E-11
0.00450441 0.0750734 8.22137E-11
0.00667235 0.111206 8.32083E-11
-0.00818115 0.136352 8.33618E-11
0.00150147 0.0250244 8.35771E-11
-0.00413818 0.0689697 8.28001E-11
0.00246826 0.0411377 8.39077E-11
-0.0144067 0.240111 8.19701E-11
-0.00321533 0.0535889 8.24325E-11
-0.00139893 0.0233154 8.39695E-11
0.004563 0.07605 8.32317E-11
0.00136964 0.0228273 8.33944E-11
-0.00254151 0.0423584 8.23737E-11
-0.0137475 0.229125 8.29631E-11
0.00766846 0.127808 8.34742E-11
-0.0040503 0.0675049 8.27486E-11
0.000549317 0.00915528 8.23269E-11
0.0125609 0.209349 8.34409E-11
-0.0215405 0.359009 8.25557E-11
-0.000490723 0.00817872 8.39184E-11
0.00791749 0.131958 8.33323E-11
0.0108471 0.180785 8.32617E-11
-0.00274659 0.0457764 8.35197E-11
-0.000227051 0.00378418 8.29448E-11
-0.0115649 0.192749 8.38507E-11
0.0030542 0.0509034 8.30925E-11
3.66213E-05 0.000610354 8.33332E-11
0.00347901 0.0579834 8.31956E-11
0.00240968 0.0401613 8.34379E-11
0.00352296 0.0587159 8.19661E-11
0.00815185 0.135864 8.38915E-11
0.00403565 0.0672608 8.33604E-11
0.00485597 0.0809328 8.26239E-11
-0.0090747 0.151245 8.37781E-11
-0.0067749 0.112915 8.3885E-11
-0.000739747 0.0123291 8.35189E-11
-0.00760987 0.126831 8.30139E-11
0.0145971 0.243285 8.33508E-11
-0.00374268 0.062378 8.32316E-11
0.00454836 0.0758059 8.32173E-11
-0.0103783 0.172972 8.36446E-11
0.00774169 0.129028 8.35197E-11
-0.000300294 0.00500489 8.33287E-11
0.00201417 0.0335694 8.24963E-11
0.0104369 0.173948 8.30563E-11
0.00438721 0.0731202 8.35284E-11
