-0.00306886 0.0511476 1.00234E-10
0.00238038 0.0396729 9.84178E-11
0.00138428 0.0230713 9.91913E-11
0.00632081 0.105347 9.94293E-11
-0.00224854 0.0374756 1.00537E-10
-0.00457764 0.076294 1.00342E-10
0.00321533 0.0535889 9.88534E-11
0.00393312 0.0655519 9.94746E-11
8.05667E-05 0.00134278 9.83708E-11
0.000417481 0.00695803 9.97493E-11
0.00705322 0.117554 9.88967E-11
0.0129858 0.21643 9.89818E-11
0.000607911 0.0101319 9.87837E-11
0.00315674 0.0526123 9.93199E-11
-0.00639406 0.106568 9.99023E-11
0.00648194 0.108032 9.89938E-11
0.00412354 0.0687256 9.92873E-11
0.00724365 0.120728 9.9943E-11
0.00995359 0.165893 9.92931E-11
0.00976319 0.16272 9.9156E-11
0.00662842 0.110474 9.96155E-11
-0.00744873 0.124146 9.92673E-11
-0.00419677 0.0699463 9.83034E-11
-0.00519286 0.0865477 9.99602E-11
-0.000549317 0.00915528 9.85701E-11
-0.00371339 0.0618898 9.91201E-11
0.0129858 0.21643 9.97559E-11
-0.00567626 0.0946044 9.94743E-11
0.00265869 0.0443115 9.93157E-11
-0.00175048 0.0291747 9.9662E-11
0.00649659 0.108276 9.95465E-11
0.000549317 0.00915528 9.99612E-11
0.00878173 0.146362 9.90846E-11
-0.00194092 0.0323486 9.90856E-11
-0.00983642 0.16394 9.90491E-11
-0.00806396 0.134399 9.8729E-11
0.00150147 0.0250244 9.95402E-11
-0.0112866 0.188111 9.98987E-11
-0.00071045 0.0118408 9.95295E-11
0.0163109 0.271849 9.83097E-11
0.00797607 0.132935 9.93416E-11
-0.0164721 0.274535 9.96807E-11
-0.00393312 0.0655519 9.84251E-11
0.00388916 0.0648194 1.01369E-10
-0.00670165 0.111694 9.97917E-11
-0.00536865 0.0894775 9.86978E-11
0.00548583 0.0914306 9.85804E-11
-0.00614503 0.102417 9.95333E-11
-0.0091919 0.153198 9.86765E-11
0.00822509 0.137085 9.94892E-11
0.00336182 0.0560304 9.98138E-11
0.00334717 0.0557863 9.99491E-11
-0.00816649 0.136108 9.98492E-11
-0.0125756 0.209593 9.93812E-11
0.00507569 0.0845948 9.93677E-11
-0.00347901 0.0579834 9.97909E-11
0.000930176 0.0155029 1.00059E-10
-0.00134034 0.0223389 9.85825E-11
0.00645264 0.107544 1.00787E-10
0.00368409 0.0614015 9.94421E-11
-0.0146704 0.244507 9.8968E-11
-0.00497315 0.0828858 1.00078E-10
-0.0165893 0.276488 9.85928E-11
0.0103345 0.172242 9.93044E-11
-0.0120629 0.201049 9.88991E-11
-0.00173584 0.0289306 1.00624E-10
-0.000944824 0.0157471 9.9268E-11
-0.00520752 0.0867919 9.94482E-11
0.0120629 0.201049 9.89242E-11
0.00649659 0.108276 9.89804E-11
-0.00258545 0.0430908 9.92852E-11
-0.00245362 0.0408937 9.94544E-11
0.00339112 0.0565187 9.98003E-11
0.000446778 0.0074463 9.96813E-11
0.0116235 0.193726 9.92428E-11
-0.00506105 0.0843508 9.91323E-11
-0.00955811 0.159302 9.92256E-11
-0.00993895 0.165649 9.93861E-11
-0.00806396 0.134399 9.88102E-11
-0.0115503 0.192505 9.87684E-11
0.0146704 0.244507 9.89101E-11
-0.00558837 0.0931396 9.92818E-11
0.00194092 0.0323486 9.95346E-11
-0.00569092 0.0948486 9.96432E-11
0.00199952 0.0333253 9.94664E-11
-0.000681153 0.0113526 9.95269E-11
-0.0122095 0.203491 9.94931E-11
-0.00476807 0.0794678 9.87699E-11
-0.00397706 0.0662843 9.9367E-11
-0.0140258 0.233764 9.91671E-11
-0.00816649 0.136108 9.90072E-11
0.00819579 0.136597 9.93688E-11
0.000300294 0.00500489 9.92856E-11
0.00760987 0.126831 1.00015E-10
-0.00079834 0.0133057 9.93514E-11
-0.00204347 0.0340578 9.91249E-11
-0.00261474 0.0435791 9.91823E-11
0.012019 0.200317 9.93374E-11
0.0117846 0.19641 1.00583E-10
0.00240968 0.0401613 9.90427E-11
0.00976319 0.16272 1.00282E-10
0.00079834 0.0133057 9.97157E-11
-0.00488525 0.0814209 9.95504E-11
0.000256348 0.00427247 9.93442E-11
0.00198486 0.0330811 9.90589E-11
0.0052954 0.0882567 9.89149E-11
0.0114477 0.190796 9.8794E-11
-0.00636475 0.106079 9.89028E-11
0.00296631 0.0494386 9.98601E-11
-0.00434326 0.0723878 9.8795E-11
0.00173584 0.0289306 1.0053E-10
0.00286376 0.0477294 9.9424E-11
0.00510499 0.0850831 1.0037E-10
0.000783692 0.0130615 9.8188E-11
-0.004563 0.07605 9.85553E-11
0.0139379 0.232299 9.83746E-11
-0.00273194 0.0455323 9.90287E-11
0.0114477 0.190796 9.87116E-11
0.00598389 0.0997314 9.86285E-11
-0.00933837 0.15564 9.87253E-11
0.00182373 0.0303956 9.9271E-11
9.5215E-05 0.00158692 9.86046E-11
0.014934 0.248901 9.87545E-11
-0.00295167 0.0491944 9.83551E-11
0.00479736 0.0799561 1.00682E-10
-0.00661377 0.110229 9.91468E-11
-0.000329591 0.00549318 9.98878E-11
-0.00554444 0.0924073 9.88962E-11
0.0147582 0.245971 9.88772E-11
-0.00563233 0.0938721 9.94592E-11
0.00463623 0.0772706 9.94579E-11
-0.00295167 0.0491944 9.87056E-11
0.0118871 0.198119 9.98301E-11
-0.00279053 0.0465088 9.9424E-11
-0.00240968 0.0401613 9.99516E-11
-0.000388184 0.00646973 9.94032E-11
0.00566162 0.0943603 9.88182E-11
-0.00958741 0.15979 9.94407E-11
0.00771241 0.12854 9.91252E-11
-0.00900147 0.150024 9.8774E-11
0.00601318 0.10022 9.88952E-11
-0.00443115 0.0738526 9.84877E-11
0.00796143 0.13269 9.91176E-11
0.0161645 0.269409 9.96674E-11
0.00686278 0.11438 9.87231E-11
0.00337647 0.0562746 9.88131E-11
0.0111547 0.185913 9.91486E-11
0.00952881 0.158813 9.91971E-11
0.000139161 0.00231935 9.94202E-11
0.00448975 0.0748292 9.91597E-11
0.00903076 0.150513 9.90792E-11
-0.0194751 0.324584 9.88007E-11
-0.00563233 0.0938721 9.95097E-11
-0.00558837 0.0931396 9.85562E-11
0.00722901 0.120484 9.96051E-11
-0.00572021 0.0953369 9.99024E-11
0.00802002 0.133667 9.9294E-11
-0.00621827 0.103638 9.988E-11
0.0128246 0.213744 9.97638E-11
0.00646728 0.107788 1.00128E-10
0.00708252 0.118042 9.92082E-11
-0.0045337 0.0755617 9.92487E-11
0.00566162 0.0943603 1.00532E-10
-0.00409423 0.0682372 9.86873E-11
0.00948487 0.158081 9.90019E-11
0.0072876 0.12146 9.83207E-11
-0.0179955 0.299926 9.86564E-11
-0.00848876 0.141479 9.92438E-11
0.00336182 0.0560304 9.99606E-11
0.00412354 0.0687256 9.88836E-11
-0.00142822 0.0238037 1.00281E-10
0.0191088 0.31848 9.88598E-11
0.000783692 0.0130615 9.95956E-11
0.0126781 0.211303 9.89048E-11
0.00564698 0.0941163 9.87682E-11
-0.00254151 0.0423584 9.96523E-11
-0.0165747 0.276245 9.93927E-11
-0.00535401 0.0892334 9.90678E-11
-0.00815185 0.135864 9.90246E-11
0.00264405 0.0440674 9.90104E-11
-0.00954345 0.159058 9.91095E-11
-0.0144946 0.241577 9.92332E-11
0.00642336 0.107056 9.83123E-11
-0.00429931 0.0716553 9.8675E-11
-0.00369873 0.0616456 9.84738E-11
-0.0081079 0.135132 9.95952E-11
-0.00528075 0.0880126 9.87231E-11
0.00591064 0.0985108 9.94175E-11
0.0132787 0.221312 9.89034E-11
0.00147217 0.0245361 9.90964E-11
-0.00173584 0.0289306 9.83983E-11
-0.000988771 0.0164795 9.88742E-11
0.0141283 0.235472 9.99216E-11
-0.00618897 0.103149 9.91244E-11
-0.00223389 0.0372314 9.97777E-11
0.0214379 0.357299 9.96192E-11
0.0106859 0.178099 9.95144E-11
0.00731691 0.121948 9.98866E-11
0.00252685 0.0421142 9.94862E-11
-0.0107152 0.178587 9.9417E-11
