-0.00680419 0.113403 5.92233E-10
-0.000490723 0.00817872 5.67065E-10
-0.00104737 0.0174561 5.69567E-10
0.0130151 0.216918 5.74497E-10
0.00183839 0.0306398 5.91991E-10
0.00104737 0.0174561 5.84692E-10
-0.000739747 0.0123291 5.74838E-10
0.00857665 0.142944 5.72096E-10
-0.00355225 0.0592042 5.71954E-10
-0.010232 0.170533 5.8464E-10
-0.0101586 0.169311 5.92707E-10
0.00062256 0.010376 5.72341E-10
0.00857665 0.142944 5.83124E-10
-0.000256348 0.00427247 5.60903E-10
-0.00485597 0.0809328 5.79437E-10
-0.00784424 0.130737 5.69575E-10
0.00624756 0.104126 5.72421E-10
-0.00238038 0.0396729 5.8441E-10
-0.00100342 0.0167236 5.84947E-10
-0.0116235 0.193726 5.80673E-10
0.0127807 0.213012 5.72705E-10
0.0152856 0.25476 5.699E-10
-0.00523682 0.0872803 5.70259E-10
-0.00396242 0.0660403 5.72184E-10
-0.014685 0.24475 5.61496E-10
0.00454836 0.0758059 5.81205E-10
-0.00355225 0.0592042 5.70471E-10
-0.0031421 0.0523683 5.7488E-10
0.00243897 0.0406496 5.93535E-10
0.00545655 0.0909424 5.82949E-10
0.00387452 0.0645753 5.67844E-10
0.00879639 0.146606 5.60998E-10
0.0115943 0.193238 5.92421E-10
-0.000856934 0.0142822 5.73883E-10
-0.00632081 0.105347 5.68358E-10
-0.00334717 0.0557863 5.61138E-10
-0.00542725 0.0904541 5.5248E-10
0.0104076 0.17346 5.84812E-10
-0.000373536 0.0062256 5.74748E-10
0.0010913 0.0181884 5.74597E-10
-0.00268799 0.0447998 5.73842E-10
-0.00340576 0.0567628 5.73633E-10
0.00645264 0.107544 5.81286E-10
-0.00482666 0.0804444 5.81578E-10
0.00593995 0.0989991 5.91772E-10
-0.00889893 0.148315 5.71439E-10
0.00144287 0.0240478 5.71116E-10
0.000358888 0.00598146 5.46417E-10
-0.00447511 0.0745851 5.71231E-10
-0.000593263 0.00988771 5.82755E-10
0.00875243 0.145874 5.73696E-10
0.0102173 0.170288 5.81483E-10
0.00443115 0.0738526 5.7201E-10
0.00334717 0.0557863 5.74717E-10
-0.000168458 0.00280763 5.76539E-10
0.0149194 0.248657 5.81571E-10
-0.0126928 0.211547 5.8139E-10
-0.0122095 0.203491 5.81185E-10
0.00579347 0.0965578 5.5879E-10
-0.00478271 0.0797119 5.80498E-10
-0.00185303 0.0308838 5.67366E-10
0.0112573 0.187622 5.7453E-10
-0.00703858 0.11731 6.02941E-10
0.00129639 0.0216064 5.84308E-10
0.000988771 0.0164795 5.91408E-10
0.00303956 0.0506593 5.91585E-10
-0.0053247 0.0887451 5.74828E-10
0.00188233 0.0313721 5.61904E-10
0.00327392 0.0545654 5.73503E-10
-0.00718507 0.119751 5.89796E-10
0.00289307 0.0482178 5.63412E-10
-0.00409423 0.0682372 5.67266E-10
0.00330322 0.0550537 5.76654E-10
-0.00598389 0.0997314 5.6985E-10
0.00803466 0.133911 5.73326E-10
-0.00346436 0.0577393 5.62773E-10
-0.00388916 0.0648194 5.80253E-10
0.0208959 0.348265 5.84951E-10
0.00134034 0.0223389 5.80495E-10
-0.00753662 0.12561 5.61348E-10
0.00989501 0.164917 5.82322E-10
0.0050464 0.0841066 5.9034E-10
0.0053247 0.0887451 5.92749E-10
0.00925048 0.154175 5.81189E-10
0.00599854 0.0999756 5.81209E-10
-0.00333253 0.0555421 5.62387E-10
-0.0152564 0.254273 5.63299E-10
0.00604249 0.100708 5.73997E-10
-0.00318604 0.0531006 5.72845E-10
-0.0125902 0.209837 5.69117E-10
-0.00448975 0.0748292 5.92819E-10
-0.00432862 0.0721436 5.74975E-10
0.00933837 0.15564 5.91692E-10
-0.00687744 0.114624 5.92501E-10
0.00409423 0.0682372 5.71686E-10
-0.0111255 0.185425 5.63652E-10
0.00447511 0.0745851 5.74531E-10
0.00463623 0.0772706 5.74324E-10
0.00425537 0.0709229 5.70588E-10
0.00303956 0.0506593 5.60634E-10
0.00254151 0.0423584 5.61632E-10
0.00421142 0.0701904 5.84326E-10
0.00443115 0.0738526 5.71345E-10
-0.00409423 0.0682372 5.82177E-10
-0.00391847 0.0653078 5.60727E-10
-0.0106127 0.176878 5.80452E-10
0.00400634 0.0667724 5.92579E-10
-0.00863525 0.143921 5.81391E-10
0.00192626 0.0321044 5.84533E-10
-0.00749268 0.124878 5.61969E-10
-0.00585206 0.0975343 5.95114E-10
0.00642336 0.107056 5.74736E-10
-0.00249756 0.0416259 5.67557E-10
0.00119385 0.0198974 5.60777E-10
0.00607177 0.101196 5.84728E-10
0.00132569 0.0220948 5.81351E-10
0.00230713 0.0384522 5.82058E-10
-0.00714112 0.119019 5.95459E-10
-0.00936767 0.156128 5.74346E-10
-0.00706787 0.117798 5.61581E-10
0.00167724 0.0279541 5.61504E-10
-0.00400634 0.0667724 5.61358E-10
0.00497315 0.0828858 5.81347E-10
-0.0103198 0.171997 5.84188E-10
-0.00101806 0.0169677 5.85008E-10
0.0116822 0.194703 5.8452E-10
-0.00245362 0.0408937 5.82048E-10
-0.00391847 0.0653078 5.72053E-10
0.00415284 0.0692139 5.82384E-10
0.00759522 0.126587 6.10672E-10
-0.00306886 0.0511476 5.69048E-10
-0.00932372 0.155395 5.80462E-10
0.00355225 0.0592042 5.56544E-10
0.00687744 0.114624 5.69996E-10
-0.0128686 0.214477 5.72552E-10
0.00980712 0.163452 5.74422E-10
-0.00470948 0.0784913 5.93335E-10
0.00223389 0.0372314 5.9533E-10
0.012517 0.208617 5.72228E-10
0.00812255 0.135376 5.71352E-10
-0.00132569 0.0220948 5.93231E-10
0.000783692 0.0130615 5.91593E-10
-0.00771241 0.12854 6.04126E-10
0.00435792 0.0726319 5.8131E-10
-0.00617431 0.102905 5.74519E-10
0.00525147 0.0875244 5.92099E-10
-0.0030542 0.0509034 5.60999E-10
0.00368409 0.0614015 5.61663E-10
-0.00711183 0.11853 5.71968E-10
0.00192626 0.0321044 5.84896E-10
0.00520752 0.0867919 5.93373E-10
-0.00183839 0.0306398 5.84546E-10
-0.00573487 0.0955811 5.93713E-10
0.0183325 0.305541 5.91455E-10
-0.000930176 0.0155029 5.69036E-10
-0.000329591 0.00549318 5.91659E-10
0.00147217 0.0245361 5.91595E-10
-0.0054419 0.0906983 5.8089E-10
0.00939697 0.156616 5.74915E-10
0.000959473 0.0159912 5.61413E-10
0.00769776 0.128296 5.82042E-10
0.00843017 0.140503 5.78584E-10
0.00637941 0.106323 5.79944E-10
-0.00547119 0.0911865 5.6927E-10
0.00380127 0.0633546 5.84223E-10
0.0076831 0.128052 5.95167E-10
0.0104369 0.173948 5.71426E-10
0.000900879 0.0150147 5.93469E-10
-0.00158936 0.0264893 5.65983E-10
-0.00623292 0.103882 5.50289E-10
-0.000227051 0.00378418 5.81763E-10
0.00114991 0.0191651 5.73621E-10
0.00207276 0.0345461 5.73162E-10
0.0101586 0.169311 5.8198E-10
-0.00128173 0.0213622 5.61397E-10
-0.00194092 0.0323486 5.71085E-10
-8.05667E-05 0.00134278 5.84516E-10
0.0145531 0.242553 5.72107E-10
0.00444581 0.0740968 5.84546E-10
0.00296631 0.0494386 5.91464E-10
-0.00654053 0.109009 5.80628E-10
-0.0090747 0.151245 5.52309E-10
0.00145751 0.0242919 5.74906E-10
-0.00214601 0.0357668 5.81E-10
0.00718507 0.119751 5.71684E-10
-0.00927978 0.154663 5.79741E-10
-0.00131103 0.0218506 5.73822E-10
0.00324463 0.0540772 5.82663E-10
-0.00325927 0.0543213 5.80991E-10
-0.0035962 0.0599367 5.69641E-10
0.00216065 0.0360108 5.93565E-10
-0.00517822 0.0863037 5.62779E-10
0.00336182 0.0560304 5.81268E-10
0.00531006 0.0885009 6.02831E-10
0.000842286 0.0140381 5.74849E-10
-0.00107666 0.0179443 5.8259E-10
-0.00292237 0.0487061 5.74711E-10
-0.0110082 0.183471 5.80471E-10
-0.00615967 0.102661 5.71721E-10
-0.00659912 0.109985 5.71295E-10
