-0.00230713 0.0384522 7.73933E-11
0.00393312 0.0655519 7.77228E-11
0.00126709 0.0211181 7.74596E-11
0.00437257 0.0728761 7.69625E-11
0.00330322 0.0550537 7.7643E-11
-0.00917725 0.152954 7.73387E-11
0.00448975 0.0748292 7.72861E-11
-0.010598 0.176634 7.73498E-11
-0.00636475 0.106079 7.74702E-11
0.0108764 0.181273 7.75307E-11
-0.00447511 0.0745851 7.71025E-11
-0.00167724 0.0279541 7.72634E-11
-0.00879639 0.146606 7.73367E-11
0.0164867 0.274779 7.7302E-11
0.00177978 0.0296631 7.70908E-11
0.0141869 0.236448 7.76336E-11
0.00702393 0.117066 7.7455E-11
-0.0016626 0.0277099 7.77907E-11
-0.0144799 0.241332 7.70742E-11
0.00948487 0.158081 7.73406E-11
-0.00062256 0.010376 7.78518E-11
-0.00451906 0.0753176 7.75175E-11
0.00857665 0.142944 7.71075E-11
-0.00730226 0.121704 7.76689E-11
-0.00658448 0.109741 7.72098E-11
0.0054419 0.0906983 7.75403E-11
-0.00869384 0.144897 7.72966E-11
-0.00221924 0.0369873 7.69662E-11
0.0152856 0.25476 7.84539E-11
-0.000827638 0.013794 7.75309E-11
0.00062256 0.010376 7.72944E-11
0.00935303 0.155884 7.74939E-11
0.0167651 0.279419 7.70655E-11
-0.006438 0.1073 7.82504E-11
-0.00052002 0.008667 7.77898E-11
0.0108617 0.181029 7.73844E-11
0.000344239 0.00573732 7.74386E-11
0.00267333 0.0445556 7.72921E-11
-0.00555908 0.0926513 7.74703E-11
0.00135498 0.0225831 7.73917E-11
-0.00366945 0.0611574 7.72922E-11
-0.00473877 0.0789796 7.71847E-11
-0.00337647 0.0562746 7.73524E-11
-0.00287842 0.0479736 7.73494E-11
-0.0124291 0.207152 7.71249E-11
-0.00749268 0.124878 7.72303E-11
0.00974853 0.162476 7.72531E-11
0.00343507 0.0572511 7.71402E-11
-0.000651857 0.0108643 7.91394E-11
0.00878173 0.146362 7.76065E-11
-0.0110082 0.183471 7.72367E-11
-0.00286376 0.0477294 7.72992E-11
-0.00656982 0.109497 7.73232E-11
0.00336182 0.0560304 7.74988E-11
-0.00139893 0.0233154 7.7743E-11
0.0243823 0.406372 7.73958E-11
0.00233642 0.0389404 7.74966E-11
-0.0122387 0.203979 7.76387E-11
-0.00566162 0.0943603 7.73424E-11
0.000915527 0.0152588 7.76197E-11
-0.00491456 0.0819093 7.78529E-11
0.0104222 0.173704 7.77503E-11
-0.0136303 0.227172 7.75145E-11
0.0104076 0.17346 7.63588E-11
-0.000373536 0.0062256 7.73536E-11
-0.00548583 0.0914306 7.7252E-11
0.0099243 0.165405 7.71059E-11
0.00498779 0.0831299 7.76281E-11
-0.00223389 0.0372314 7.78971E-11
0.00658448 0.109741 7.7654E-11
-0.0151098 0.251831 7.73493E-11
-0.0134985 0.224975 7.77713E-11
0.00583742 0.0972903 7.73081E-11
0.00957275 0.159546 7.71819E-11
-0.00129639 0.0216064 7.74881E-11
-0.011975 0.199584 7.76865E-11
-0.00856201 0.1427 7.74555E-11
0.00920655 0.153442 7.75266E-11
-0.00473877 0.0789796 7.74451E-11
0.00378663 0.0631104 7.70643E-11
0.00755127 0.125855 7.72167E-11
-0.00637941 0.106323 7.76409E-11
-0.0162378 0.27063 7.7418E-11
-0.00129639 0.0216064 7.75243E-11
0.00802002 0.133667 7.71646E-11
0.0040503 0.0675049 7.75222E-11
0.00988037 0.164673 7.76954E-11
-0.00629151 0.104858 7.7352E-11
0.0106274 0.177123 7.76321E-11
0.00684814 0.114136 7.76622E-11
-0.0135131 0.225218 7.74649E-11
0.0139965 0.233276 7.79114E-11
0.0105248 0.175414 7.72358E-11
0.00812255 0.135376 7.77298E-11
-0.014641 0.244017 7.71188E-11
0.00176514 0.0294189 7.71658E-11
0.00771241 0.12854 7.71535E-11
-0.0096753 0.161255 7.7264E-11
0.000578614 0.00964357 7.73605E-11
0.0113745 0.189575 7.71021E-11
0.00202881 0.0338136 7.78312E-11
-0.00484132 0.0806886 7.74835E-11
0.00656982 0.109497 7.73569E-11
-0.0128686 0.214477 7.73696E-11
0.006438 0.1073 7.71508E-11
-0.0174096 0.290161 7.75578E-11
-0.00425537 0.0709229 7.75474E-11
-0.0109643 0.182738 7.75618E-11
-0.00927978 0.154663 7.77469E-11
0.00753662 0.12561 7.71464E-11
-0.00724365 0.120728 7.759E-11
0.0133959 0.223265 7.67385E-11
-0.0072876 0.12146 7.79358E-11
0.0074048 0.123413 7.77879E-11
-0.00633546 0.105591 7.73877E-11
-0.00623292 0.103882 7.7393E-11
-0.00930907 0.155151 7.92614E-11
-0.00593995 0.0989991 7.73341E-11
0.00425537 0.0709229 7.91496E-11
0.00218994 0.0364991 7.78059E-11
-0.0141722 0.236204 7.77696E-11
0.011228 0.187134 7.70618E-11
0.001604 0.0267334 7.73929E-11
-0.0048999 0.0816651 7.72644E-11
-0.00573487 0.0955811 7.73947E-11
0.00289307 0.0482178 7.73376E-11
-0.00344971 0.0574952 7.72553E-11
0.00528075 0.0880126 7.73334E-11
-0.000461426 0.00769043 7.74782E-11
-0.00664306 0.110718 7.93478E-11
-0.0129418 0.215697 7.71363E-11
0.00560302 0.0933837 7.7165E-11
0.00608642 0.10144 7.67877E-11
0.0165454 0.275756 7.74124E-11
-0.00615967 0.102661 7.7466E-11
0.00079834 0.0133057 7.7363E-11
-0.00281982 0.0469971 7.74352E-11
0.00488525 0.0814209 7.72021E-11
-0.00164795 0.0274658 7.77676E-11
0.00400634 0.0667724 7.7801E-11
0.00837157 0.139526 7.73552E-11
-0.00598389 0.0997314 7.76472E-11
0.00248291 0.0413818 7.70121E-11
0.000270996 0.00451661 7.74034E-11
0.0252759 0.421265 7.72571E-11
-0.011975 0.199584 7.8036E-11
0.00172119 0.0286864 7.75521E-11
0.00205812 0.0343019 7.74604E-11
-0.000827638 0.013794 7.70419E-11
-0.00739014 0.123169 7.72869E-11
0.00191162 0.0318603 7.80273E-11
-0.0242651 0.404419 7.7487E-11
0.017307 0.288451 7.75748E-11
0.00662842 0.110474 7.72136E-11
-0.00627685 0.104614 7.76471E-11
0.0193725 0.322875 7.70185E-11
-0.0059253 0.0987549 7.79116E-11
0.00043213 0.00720217 7.73325E-11
0.00390382 0.0650636 7.7736E-11
0.00267333 0.0445556 7.69326E-11
-0.00422608 0.0704346 7.7553E-11
-0.0016626 0.0277099 7.84178E-11
0.00542725 0.0904541 7.74311E-11
-0.000578614 0.00964357 7.77461E-11
0.0147289 0.245482 7.75576E-11
-0.00766846 0.127808 7.72288E-11
-0.0125609 0.209349 7.73783E-11
-0.0129272 0.215453 7.76618E-11
0.000651857 0.0108643 7.76494E-11
0.00197021 0.0328369 7.72857E-11
0.00897217 0.149536 7.77278E-11
0.00567626 0.0946044 7.73679E-11
0.0127954 0.213256 7.71998E-11
0.00859131 0.143188 7.76663E-11
-0.00347901 0.0579834 7.74947E-11
0.00813719 0.13562 7.83503E-11
0.0104222 0.173704 7.78828E-11
-0.0148022 0.246703 7.72092E-11
-0.004021 0.0670166 7.75367E-11
0.0129272 0.215453 7.75733E-11
-0.00834228 0.139038 7.74356E-11
0.00299562 0.0499269 7.76121E-11
-0.00985107 0.164185 7.78815E-11
-0.0102758 0.171264 7.78713E-11
-0.00126709 0.0211181 7.71075E-11
-0.00210206 0.0350343 7.74317E-11
-0.00236572 0.0394287 7.77063E-11
-0.0130297 0.217163 7.73193E-11
0.00687744 0.114624 7.77991E-11
-0.00889893 0.148315 7.73664E-11
-0.00257079 0.0428466 7.735E-11
-0.00183839 0.0306398 7.74305E-11
0.0121948 0.203247 7.77741E-11
-0.0030542 0.0509034 7.72152E-11
0.004563 0.07605 7.74018E-11
-0.00525147 0.0875244 7.72197E-11
-0.00142822 0.0238037 7.77296E-11
-0.00749268 0.124878 7.61862E-11
-0.0108031 0.180053 7.74627E-11
0.00147217 0.0245361 7.74552E-11
