0.000915527 0.0152588 1.73259E-10
-0.000930176 0.0155029 1.69815E-10
-0.00432862 0.0721436 1.70848E-10
-0.000651857 0.0108643 1.69916E-10
-0.00431397 0.0718994 1.64939E-10
-0.004021 0.0670166 1.70202E-10
0.0151098 0.251831 1.6528E-10
-0.00358156 0.0596926 1.70531E-10
0.0035962 0.0599367 1.66744E-10
0.0100122 0.16687 1.66024E-10
0.000256348 0.00427247 1.66482E-10
0.00218994 0.0364991 1.72377E-10
-0.00189697 0.0316162 1.76331E-10
0.00809326 0.134888 1.66948E-10
0.00569092 0.0948486 1.70522E-10
0.00567626 0.0946044 1.65333E-10
0.0175708 0.292847 1.69681E-10
0.0143627 0.239378 1.69387E-10
-0.00378663 0.0631104 1.6538E-10
0.000183106 0.00305178 1.7685E-10
-0.00387452 0.0645753 1.66054E-10
-0.0025122 0.0418701 1.66043E-10
0.00753662 0.12561 1.65278E-10
0.0049292 0.0821534 1.65417E-10
-0.00163329 0.0272216 1.70129E-10
-0.0108031 0.180053 1.70252E-10
0.00427003 0.0711671 1.67584E-10
0.00454836 0.0758059 1.7453E-10
-0.00287842 0.0479736 1.6953E-10
-0.000168458 0.00280763 1.67056E-10
0.00762452 0.127075 1.66995E-10
-0.000607911 0.0101319 1.70412E-10
0.000900879 0.0150147 1.64239E-10
-0.00791749 0.131958 1.72905E-10
-0.00522216 0.0870361 1.64328E-10
0.00246826 0.0411377 1.74484E-10
-0.0031421 0.0523683 1.69312E-10
7.32425E-06 0.000122071 1.70629E-10
0.00790284 0.131714 1.67706E-10
-0.00930907 0.155151 1.68754E-10
0.00062256 0.010376 1.71061E-10
-0.000344239 0.00573732 1.6979E-10
0.0114477 0.190796 1.68804E-10
0.000725098 0.012085 1.74877E-10
-0.00303956 0.0506593 1.69226E-10
0.0072583 0.120972 1.64902E-10
0.0190941 0.318236 1.66041E-10
-0.0132201 0.220335 1.64676E-10
0.0010913 0.0181884 1.66727E-10
0.00566162 0.0943603 1.6687E-10
0.00391847 0.0653078 1.67009E-10
-0.00243897 0.0406496 1.6977E-10
0.0109497 0.182494 1.66876E-10
0.00435792 0.0726319 1.66075E-10
-0.00831299 0.13855 1.66515E-10
-0.00317139 0.0528564 1.69454E-10
0.00717042 0.119507 1.68128E-10
0.0127075 0.211792 1.67823E-10
0.0101 0.168334 1.66772E-10
0.00574952 0.0958253 1.67342E-10
0.00309815 0.0516358 1.71086E-10
-0.00107666 0.0179443 1.72387E-10
0.0201489 0.335816 1.63735E-10
0.00655517 0.109253 1.65261E-10
0.00826904 0.137817 1.64314E-10
0.000754395 0.0125733 1.64434E-10
-0.00110596 0.0184326 1.70155E-10
-0.00156005 0.0260009 1.67238E-10
-0.0103198 0.171997 1.69955E-10
-0.00873779 0.14563 1.65009E-10
-0.00388916 0.0648194 1.74681E-10
-0.00147217 0.0245361 1.65469E-10
0.00232177 0.0386963 1.72922E-10
0.00403565 0.0672608 1.70671E-10
0.00752198 0.125366 1.64775E-10
-0.00557372 0.0928954 1.69393E-10
0.00447511 0.0745851 1.67028E-10
0.0002417 0.00402833 1.66557E-10
-0.00185303 0.0308838 1.68795E-10
-0.00325927 0.0543213 1.70038E-10
-0.00270264 0.0450439 1.70316E-10
-0.00476807 0.0794678 1.68961E-10
0.00781495 0.130249 1.66424E-10
-0.00353761 0.0589601 1.7475E-10
-0.00557372 0.0928954 1.66924E-10
-0.00472413 0.0787354 1.65668E-10
-0.0115356 0.192261 1.69943E-10
-0.00163329 0.0272216 1.67203E-10
0.00444581 0.0740968 1.64864E-10
-0.0117992 0.196654 1.64895E-10
-0.00444581 0.0740968 1.69862E-10
0.00226319 0.0377198 1.65943E-10
-0.00551514 0.0919189 1.69959E-10
-0.00245362 0.0408937 1.6835E-10
0.00520752 0.0867919 1.69429E-10
-0.000974122 0.0162354 1.70273E-10
0.00438721 0.0731202 1.67997E-10
0.00100342 0.0167236 1.63894E-10
0.00113525 0.0189209 1.66317E-10
0.00690674 0.115112 1.64876E-10
-0.000549317 0.00915528 1.67295E-10
-0.00344971 0.0574952 1.67414E-10
0.0155346 0.25891 1.68327E-10
0.00520752 0.0867919 1.67111E-10
0.00425537 0.0709229 1.69771E-10
0.00195557 0.0325928 1.74189E-10
-0.0026294 0.0438233 1.75497E-10
-0.000915527 0.0152588 1.7061E-10
-0.00421142 0.0701904 1.72875E-10
-0.00566162 0.0943603 1.67383E-10
-0.000168458 0.00280763 1.67082E-10
-0.00126709 0.0211181 1.77203E-10
-0.00416749 0.0694581 1.69959E-10
0.00144287 0.0240478 1.66792E-10
-0.00100342 0.0167236 1.70117E-10
0.00884032 0.147339 1.65754E-10
-0.0025122 0.0418701 1.67088E-10
-0.000227051 0.00378418 1.74013E-10
-0.000725098 0.012085 1.67128E-10
0.0103929 0.173216 1.64296E-10
-0.0026294 0.0438233 1.64003E-10
-0.000183106 0.00305178 1.72774E-10
0.000871582 0.0145264 1.69849E-10
-0.0119897 0.199828 1.77314E-10
-0.00933837 0.15564 1.65144E-10
-0.0039917 0.0665283 1.63341E-10
0.00705322 0.117554 1.68061E-10
0.00306886 0.0511476 1.65802E-10
0.011184 0.186401 1.6364E-10
0.00566162 0.0943603 1.66955E-10
-0.0132787 0.221312 1.64925E-10
-0.00107666 0.0179443 1.65458E-10
-0.00920655 0.153442 1.65289E-10
-0.0104222 0.173704 1.66064E-10
-0.00261474 0.0435791 1.66679E-10
0.00344971 0.0574952 1.69679E-10
0.00900147 0.150024 1.72477E-10
-0.0145825 0.243041 1.67968E-10
0.000607911 0.0101319 1.74243E-10
0.00230713 0.0384522 1.63994E-10
0.00257079 0.0428466 1.70208E-10
0.0126196 0.210326 1.65447E-10
0.0132201 0.220335 1.65664E-10
0.00627685 0.104614 1.65024E-10
0.00753662 0.12561 1.64606E-10
0.00454836 0.0758059 1.66447E-10
-0.0011792 0.0196533 1.69067E-10
-0.00482666 0.0804444 1.69613E-10
0.00604249 0.100708 1.71461E-10
-0.0140551 0.234253 1.69335E-10
-0.0054419 0.0906983 1.7575E-10
0.00284912 0.0474853 1.64728E-10
0.00469482 0.0782471 1.71204E-10
0.00321533 0.0535889 1.69096E-10
0.00157471 0.0262451 1.71916E-10
0.00312745 0.0521241 1.73689E-10
0.00123779 0.0206298 1.68392E-10
-0.00821045 0.136841 1.65856E-10
0.00845946 0.140991 1.66896E-10
-0.00318604 0.0531006 1.7239E-10
0.00321533 0.0535889 1.74487E-10
-0.0081079 0.135132 1.7013E-10
-0.000124513 0.00207521 1.63637E-10
0.000490723 0.00817872 1.69785E-10
0.00744873 0.124146 1.69404E-10
0.000915527 0.0152588 1.70825E-10
0.0179662 0.299437 1.70469E-10
0.00752198 0.125366 1.66669E-10
-0.00651124 0.108521 1.66254E-10
0.000681153 0.0113526 1.70476E-10
0.00274659 0.0457764 1.75593E-10
0.00182373 0.0303956 1.6813E-10
0.00583742 0.0972903 1.6924E-10
0.000769043 0.0128174 1.76185E-10
0.00355225 0.0592042 1.73309E-10
0.00123779 0.0206298 1.74355E-10
-0.00145751 0.0242919 1.67121E-10
0.00671631 0.111938 1.69825E-10
-0.0146557 0.244262 1.70187E-10
0.00139893 0.0233154 1.67629E-10
-0.00139893 0.0233154 1.67676E-10
-0.00317139 0.0528564 1.64894E-10
-0.00825438 0.137573 1.68987E-10
0.000153809 0.00256348 1.70221E-10
0.00249756 0.0416259 1.70241E-10
-0.00658448 0.109741 1.66024E-10
0.00889893 0.148315 1.66099E-10
-0.00321533 0.0535889 1.74708E-10
0.00722901 0.120484 1.65861E-10
0.0104955 0.174925 1.66231E-10
0.00944092 0.157349 1.65508E-10
-0.0096167 0.160278 1.69488E-10
0.00334717 0.0557863 1.65884E-10
-0.00186768 0.0311279 1.6948E-10
0.000812989 0.0135498 1.6754E-10
-0.000212403 0.00354005 1.67702E-10
-0.006438 0.1073 1.64317E-10
0.00132569 0.0220948 1.73286E-10
-0.00364015 0.0606691 1.67089E-10
-0.00788818 0.13147 1.65149E-10
