0.0110522 0.184203 4.34482E-10
-0.0145678 0.242797 4.17039E-10
-0.00771241 0.12854 4.2349E-10
0.0036255 0.060425 4.36778E-10
0.00469482 0.0782471 4.32715E-10
-0.0122974 0.204957 4.30401E-10
-0.00775635 0.129272 4.38026E-10
0.00816649 0.136108 4.56141E-10
-0.0117699 0.196166 4.65685E-10
0.00325927 0.0543213 4.20523E-10
0.00601318 0.10022 4.37226E-10
0.014348 0.239134 4.19327E-10
0.0036255 0.060425 4.34319E-10
0.00971924 0.161987 4.26411E-10
0.000417481 0.00695803 4.26521E-10
-0.00843017 0.140503 4.30327E-10
0.00120849 0.0201416 4.34384E-10
-0.0207787 0.346312 4.04161E-10
-0.00873779 0.14563 4.2027E-10
0.00361086 0.0601809 4.433E-10
0.00400634 0.0667724 4.4609E-10
0.000959473 0.0159912 4.31357E-10
-0.0116675 0.194459 4.27321E-10
-0.0035962 0.0599367 4.31669E-10
0.00863525 0.143921 4.3058E-10
0.00052002 0.008667 4.20192E-10
0.00213135 0.0355226 4.17588E-10
-0.00806396 0.134399 4.34171E-10
-0.00604249 0.100708 4.04084E-10
-0.00750733 0.125122 4.22467E-10
0.0052954 0.0882567 4.30165E-10
-0.00689209 0.114868 4.11514E-10
0.00298097 0.0496828 4.28445E-10
-0.0126635 0.211058 4.3488E-10
0.00214601 0.0357668 4.31185E-10
-0.0114038 0.190063 4.25663E-10
-0.00407959 0.0679932 4.32257E-10
0.0141137 0.235228 4.53376E-10
-0.012107 0.201783 4.298E-10
-0.0163256 0.272093 4.14111E-10
-0.00114991 0.0191651 4.23559E-10
0.00309815 0.0516358 4.27592E-10
-0.012766 0.212767 4.36224E-10
-0.0146557 0.244262 4.35647E-10
0.00131103 0.0218506 4.55548E-10
-0.00797607 0.132935 4.18393E-10
0.00444581 0.0740968 4.25254E-10
0.0164282 0.273803 4.1451E-10
0.00654053 0.109009 4.3206E-10
0.009104 0.151733 4.43529E-10
0.00366945 0.0611574 4.17777E-10
-0.00569092 0.0948486 4.2097E-10
0.00655517 0.109253 4.30845E-10
-0.00318604 0.0531006 4.19709E-10
-0.00787354 0.131226 4.05637E-10
-0.00570557 0.0950928 4.19357E-10
0.00135498 0.0225831 4.17682E-10
0.00120849 0.0201416 4.46202E-10
-0.00280518 0.0467529 4.30277E-10
-0.00406495 0.0677491 4.21556E-10
-0.0122387 0.203979 4.26229E-10
-0.00548583 0.0914306 4.35367E-10
0.0101147 0.168579 4.46565E-10
-0.00355225 0.0592042 4.34632E-10
0.0111255 0.185425 4.27234E-10
-0.00163329 0.0272216 4.27841E-10
-0.00164795 0.0274658 4.18234E-10
0.0225952 0.376587 4.27026E-10
-0.0178198 0.296997 4.03613E-10
-0.00733155 0.122193 4.30892E-10
-0.00624756 0.104126 4.3957E-10
-0.0132933 0.221556 4.31561E-10
0.00819579 0.136597 4.28898E-10
-0.021394 0.356567 4.39887E-10
-0.00662842 0.110474 4.33537E-10
0.00207276 0.0345461 4.31618E-10
0.00432862 0.0721436 4.27326E-10
0.00731691 0.121948 4.34774E-10
0.00391847 0.0653078 4.40389E-10
0.0113891 0.189819 4.26002E-10
-0.00204347 0.0340578 4.33036E-10
-0.0133812 0.223021 4.1957E-10
-0.00185303 0.0308838 4.34212E-10
-0.00158936 0.0264893 4.09465E-10
0.00416749 0.0694581 4.31154E-10
0.00996824 0.166137 4.27347E-10
-0.000769043 0.0128174 4.17766E-10
-0.0127367 0.212279 4.16647E-10
0.0220825 0.368042 4.45113E-10
0.0114624 0.19104 4.32547E-10
0.0136303 0.227172 4.30865E-10
0.00649659 0.108276 4.34473E-10
0.00528075 0.0880126 4.33975E-10
0.0143334 0.23889 4.28024E-10
-0.0067456 0.112427 4.31414E-10
-0.0109789 0.182982 4.29837E-10
-0.00857665 0.142944 4.17534E-10
-0.00831299 0.13855 4.16295E-10
0.00257079 0.0428466 4.13955E-10
-0.00649659 0.108276 4.45128E-10
0.00611573 0.101929 4.41024E-10
0.0126342 0.21057 4.32119E-10
-0.00416749 0.0694581 4.1777E-10
-0.0111108 0.185181 4.25734E-10
-7.32425E-06 0.000122071 4.42463E-10
-0.000827638 0.013794 4.3057E-10
-0.00447511 0.0745851 4.55626E-10
-0.0102466 0.170777 4.45839E-10
-0.000476075 0.00793458 4.25224E-10
0.0115356 0.192261 4.16172E-10
-0.00400634 0.0667724 4.05171E-10
0.000856934 0.0142822 4.42351E-10
-0.00238038 0.0396729 4.33404E-10
-0.00154541 0.0257568 4.49916E-10
-0.0173217 0.288695 4.45424E-10
-0.00850342 0.141724 4.49485E-10
0.00443115 0.0738526 4.43661E-10
0.00479736 0.0799561 4.16392E-10
-0.00153076 0.0255128 4.45574E-10
-0.0111108 0.185181 4.1935E-10
0.00873779 0.14563 4.31863E-10
-0.00712648 0.118775 4.39416E-10
0.00845946 0.140991 4.56904E-10
-0.0117992 0.196654 4.41163E-10
0.00132569 0.0220948 4.32942E-10
0.0050464 0.0841066 4.34238E-10
0.00878173 0.146362 4.05688E-10
0.00205812 0.0343019 4.2616E-10
0.00213135 0.0355226 4.30331E-10
-0.0174243 0.290405 4.05245E-10
0.0183471 0.305786 4.18306E-10
-0.000769043 0.0128174 4.26848E-10
-0.00355225 0.0592042 4.30079E-10
0.00249756 0.0416259 4.1673E-10
-0.000402833 0.00671388 4.19376E-10
-0.000754395 0.0125733 4.18411E-10
0.00207276 0.0345461 4.11972E-10
0.00516358 0.0860596 4.28393E-10
-0.0132933 0.221556 4.33032E-10
-0.0104076 0.17346 4.32935E-10
-0.0188892 0.314819 4.18127E-10
0.0134398 0.223998 4.48924E-10
0.00126709 0.0211181 4.17795E-10
0.00585206 0.0975343 4.27702E-10
0.0016919 0.0281983 4.18133E-10
0.00506105 0.0843508 4.28408E-10
0.00550049 0.0916748 4.19607E-10
0.0104955 0.174925 4.34136E-10
-0.00705322 0.117554 4.32141E-10
0.00712648 0.118775 4.16477E-10
0.00608642 0.10144 4.36034E-10
0.0121216 0.202027 4.61402E-10
0.00246826 0.0411377 4.33778E-10
0.0026294 0.0438233 4.08642E-10
-0.00254151 0.0423584 4.2122E-10
-0.000344239 0.00573732 4.3091E-10
0.000593263 0.00988771 4.38106E-10
0.0078003 0.130005 4.16518E-10
0.0035083 0.0584717 4.16707E-10
-0.0126781 0.211303 4.05575E-10
0.00261474 0.0435791 4.19022E-10
-0.00727296 0.121216 4.55161E-10
-0.0155786 0.259642 4.44829E-10
-0.00900147 0.150024 4.19471E-10
0.00158936 0.0264893 4.29238E-10
0.0115503 0.192505 4.42874E-10
0.000285645 0.00476075 4.34922E-10
0.000578614 0.00964357 4.18138E-10
0.0106127 0.176878 4.08478E-10
-0.00136964 0.0228273 4.37965E-10
-0.00283447 0.0472412 4.28684E-10
0.000578614 0.00964357 4.37463E-10
0.0153881 0.256468 4.30307E-10
0.00216065 0.0360108 4.19355E-10
-0.00654053 0.109009 4.05963E-10
-0.00702393 0.117066 4.24825E-10
0.00577881 0.0963136 4.31915E-10
-0.0050464 0.0841066 4.34001E-10
0.00223389 0.0372314 4.048E-10
-0.00460694 0.0767823 4.02606E-10
-0.00693604 0.115601 4.17943E-10
-0.0158423 0.264038 4.14885E-10
0.0153002 0.255003 4.17284E-10
0.00434326 0.0723878 4.49523E-10
-0.00416749 0.0694581 4.44644E-10
0.00299562 0.0499269 4.12761E-10
-0.00214601 0.0357668 4.26835E-10
-0.00296631 0.0494386 4.38354E-10
0.00750733 0.125122 4.07514E-10
0.00478271 0.0797119 4.31548E-10
0.00101806 0.0169677 4.26281E-10
0.001604 0.0267334 4.34697E-10
0.0035083 0.0584717 4.09366E-10
0.00831299 0.13855 4.31401E-10
-0.00897217 0.149536 4.3285E-10
-0.00381592 0.0635987 4.29992E-10
-0.00787354 0.131226 4.12094E-10
-0.00161865 0.0269775 4.26474E-10
0.0035083 0.0584717 4.27526E-10
0.0076831 0.128052 4.2571E-10
