-0.0103345 0.172242 1.22795E-10
-0.00270264 0.0450439 1.26632E-10
0.00914795 0.152466 1.25096E-10
-0.0196362 0.32727 1.28086E-10
0.00533936 0.0889893 1.27268E-10
-0.0109936 0.183227 1.24981E-10
-0.00479736 0.0799561 1.28485E-10
0.0127367 0.212279 1.27227E-10
0.0142308 0.237181 1.27677E-10
-0.00356691 0.0594484 1.26443E-10
0.00186768 0.0311279 1.261E-10
0.0133519 0.222532 1.25868E-10
0.0189185 0.315308 1.23958E-10
-0.00758057 0.126343 1.26408E-10
0.00176514 0.0294189 1.25455E-10
0.00825438 0.137573 1.25901E-10
0.00970459 0.161743 1.24434E-10
0.00142822 0.0238037 1.24421E-10
-0.000651857 0.0108643 1.25318E-10
-0.00180909 0.0301514 1.26122E-10
5.12697E-05 0.000854496 1.25585E-10
0.00325927 0.0543213 1.26425E-10
0.00141357 0.0235596 1.25288E-10
0.00646728 0.107788 1.24083E-10
0.00494386 0.0823976 1.27917E-10
-0.0050464 0.0841066 1.23708E-10
-0.0172777 0.287962 1.24156E-10
-0.00717042 0.119507 1.28749E-10
-0.0139965 0.233276 1.26586E-10
-0.0105541 0.175903 1.25845E-10
-0.0240307 0.400512 1.25756E-10
-0.0103345 0.172242 1.26307E-10
0.00261474 0.0435791 1.2803E-10
0.000139161 0.00231935 1.2695E-10
-0.0143334 0.23889 1.25456E-10
0.00450441 0.0750734 1.25206E-10
-0.011184 0.186401 1.25368E-10
0.00110596 0.0184326 1.25446E-10
-0.00803466 0.133911 1.26345E-10
0.0128246 0.213744 1.25325E-10
0.000124513 0.00207521 1.2728E-10
0.00557372 0.0928954 1.26601E-10
0.00884032 0.147339 1.24831E-10
0.0215991 0.359985 1.28141E-10
-0.00797607 0.132935 1.26074E-10
-0.00243897 0.0406496 1.23436E-10
-0.00708252 0.118042 1.25921E-10
0.00841553 0.140259 1.23243E-10
-0.0096167 0.160278 1.26005E-10
-0.000754395 0.0125733 1.29154E-10
0.00771241 0.12854 1.23825E-10
0.000783692 0.0130615 1.26349E-10
0.0330542 0.550903 1.23935E-10
-0.00416749 0.0694581 1.23837E-10
-0.013308 0.221801 1.24816E-10
0.00662842 0.110474 1.27998E-10
0.0127954 0.213256 1.26964E-10
0.00755127 0.125855 1.24157E-10
-0.000344239 0.00573732 1.22957E-10
5.12697E-05 0.000854496 1.2408E-10
0.00213135 0.0355226 1.23079E-10
-0.00806396 0.134399 1.25568E-10
-0.0144506 0.240843 1.24411E-10
-0.00982178 0.163696 1.23424E-10
-0.0111401 0.185668 1.25894E-10
0.000739747 0.0123291 1.25765E-10
-0.00377197 0.0628662 1.25165E-10
0.0183031 0.305052 1.27018E-10
-0.019182 0.319701 1.25525E-10
0.00640871 0.106812 1.28028E-10
-0.000637208 0.0106201 1.25986E-10
-0.018728 0.312134 1.264E-10
-0.00721437 0.120239 1.25667E-10
-0.00996824 0.166137 1.25052E-10
0.0103783 0.172972 1.24573E-10
0.000402833 0.00671388 1.24088E-10
-0.0072876 0.12146 1.2461E-10
-0.0128686 0.214477 1.24596E-10
-0.00488525 0.0814209 1.24479E-10
0.0158715 0.264526 1.2744E-10
0.00897217 0.149536 1.25678E-10
-0.00485597 0.0809328 1.2661E-10
0.00654053 0.109009 1.27276E-10
0.0184496 0.307494 1.25295E-10
-0.00936767 0.156128 1.25536E-10
0.0116675 0.194459 1.24993E-10
-0.00431397 0.0718994 1.25758E-10
-0.00233642 0.0389404 1.2921E-10
-0.0100707 0.167846 1.28591E-10
0.000578614 0.00964357 1.25894E-10
-0.0187866 0.31311 1.24272E-10
0.00179444 0.0299073 1.24602E-10
-0.0129711 0.216186 1.25042E-10
-0.00985107 0.164185 1.25181E-10
-0.00695068 0.115845 1.26672E-10
0.00567626 0.0946044 1.27057E-10
0.00604249 0.100708 1.23016E-10
0.012268 0.204467 1.27569E-10
-0.0139673 0.232788 1.24196E-10
-0.00954345 0.159058 1.25192E-10
0.013103 0.218383 1.26194E-10
-0.00236572 0.0394287 1.24725E-10
0.00724365 0.120728 1.27313E-10
-0.00248291 0.0413818 1.25644E-10
-0.00126709 0.0211181 1.28874E-10
-0.00232177 0.0386963 1.25883E-10
0.00561767 0.0936279 1.28526E-10
0.0187427 0.312378 1.24616E-10
-0.00955811 0.159302 1.2527E-10
0.0103345 0.172242 1.25982E-10
-0.00119385 0.0198974 1.25375E-10
0.00198486 0.0330811 1.25797E-10
0.00766846 0.127808 1.25997E-10
0.00466554 0.0777589 1.2355E-10
-0.000446778 0.0074463 1.26626E-10
-0.0123558 0.205931 1.25443E-10
0.0108178 0.180297 1.27339E-10
-0.00743409 0.123901 1.228E-10
0.00979248 0.163208 1.26238E-10
0.000930176 0.0155029 1.25828E-10
-0.00989501 0.164917 1.26462E-10
-0.00572021 0.0953369 1.25513E-10
0.0105101 0.175169 1.25187E-10
0.00582277 0.0970461 1.25166E-10
-0.00998289 0.166381 1.23538E-10
0.012766 0.212767 1.28846E-10
0.0128832 0.214721 1.26491E-10
-0.00248291 0.0413818 1.26141E-10
-0.00343507 0.0572511 1.23373E-10
0.00134034 0.0223389 1.28035E-10
0.00188233 0.0313721 1.25472E-10
-0.00119385 0.0198974 1.2695E-10
-0.00403565 0.0672608 1.24282E-10
-0.000227051 0.00378418 1.26053E-10
-0.0116382 0.19397 1.25177E-10
0.00122315 0.0203858 1.27582E-10
0.00293702 0.0489503 1.26194E-10
-0.000666505 0.0111084 1.2326E-10
-0.00478271 0.0797119 1.24327E-10
0.00243897 0.0406496 1.26911E-10
-0.00327392 0.0545654 1.25876E-10
0.0101733 0.169555 1.25993E-10
-0.00400634 0.0667724 1.26056E-10
0.00664306 0.110718 1.24688E-10
-0.00356691 0.0594484 1.27389E-10
-0.0202954 0.338257 1.23694E-10
-0.00941162 0.15686 1.26393E-10
-0.010144 0.169067 1.2277E-10
0.00791749 0.131958 1.2584E-10
-0.0205444 0.342407 1.26667E-10
-0.00993895 0.165649 1.24797E-10
-0.00673096 0.112183 1.26107E-10
-0.00185303 0.0308838 1.24876E-10
-0.00438721 0.0731202 1.22569E-10
0.000446778 0.0074463 1.2396E-10
-0.00435792 0.0726319 1.26135E-10
-0.0136303 0.227172 1.25353E-10
0.00413818 0.0689697 1.23653E-10
-0.020852 0.347533 1.23488E-10
-0.00233642 0.0389404 1.22183E-10
-0.00788818 0.13147 1.26853E-10
-0.0105834 0.17639 1.23805E-10
0.00257079 0.0428466 1.25965E-10
0.0156957 0.261596 1.25438E-10
-0.00248291 0.0413818 1.25895E-10
-0.0039917 0.0665283 1.27849E-10
-0.004563 0.07605 1.25765E-10
0.00265869 0.0443115 1.2457E-10
-0.00951416 0.158569 1.25143E-10
-0.00421142 0.0701904 1.23208E-10
0.00264405 0.0440674 1.25634E-10
0.00381592 0.0635987 1.25119E-10
0.0186841 0.311401 1.25767E-10
-0.00736085 0.122681 1.26161E-10
0.000212403 0.00354005 1.25113E-10
0.006438 0.1073 1.27611E-10
0.00636475 0.106079 1.25646E-10
0.0209399 0.348998 1.2621E-10
0.00588134 0.0980224 1.256E-10
-0.0140405 0.234008 1.26353E-10
0.0105248 0.175414 1.29703E-10
0.00173584 0.0289306 1.25385E-10
0.0126342 0.21057 1.28795E-10
0.0173803 0.289672 1.28479E-10
0.00364015 0.0606691 1.24668E-10
-0.00182373 0.0303956 1.23521E-10
-0.000256348 0.00427247 1.24835E-10
0.0030542 0.0509034 1.25252E-10
0.00131103 0.0218506 1.24983E-10
0.00923584 0.153931 1.26131E-10
-0.0167358 0.27893 1.28678E-10
-0.00709717 0.118286 1.2583E-10
-0.00781495 0.130249 1.26562E-10
-0.0021167 0.0352784 1.24054E-10
0.00690674 0.115112 1.25758E-10
-0.00110596 0.0184326 1.25314E-10
-0.0125023 0.208372 1.27922E-10
0.00298097 0.0496828 1.24791E-10
-0.00192626 0.0321044 1.2852E-10
0.0110376 0.183959 1.25197E-10
