-0.00595459 0.0992432 7.93152E-11
0.0413599 0.689332 7.72716E-11
-0.0194604 0.32434 7.8246E-11
0.00438721 0.0731202 7.85127E-11
0.00889893 0.148315 7.92083E-11
-0.0105248 0.175414 7.94804E-11
0.014978 0.249633 7.90601E-11
0.0236353 0.393922 7.83003E-11
-0.00897217 0.149536 7.79386E-11
0.00248291 0.0413818 7.88925E-11
0.0533129 0.888549 7.73545E-11
-0.00227783 0.0379639 7.96575E-11
0.0072876 0.12146 7.89881E-11
-0.00697999 0.116333 7.94217E-11
-0.00828368 0.138061 7.91779E-11
-0.00733155 0.122193 7.90974E-11
0.00941162 0.15686 8.04198E-11
0.0295825 0.493042 7.88994E-11
0.00478271 0.0797119 7.86932E-11
0.0126928 0.211547 7.77674E-11
0.0238988 0.398314 7.88183E-11
-0.0367017 0.611695 7.88183E-11
0.0111401 0.185668 7.99665E-11
-0.0130444 0.217407 7.88829E-11
-0.00120849 0.0201416 7.89716E-11
0.0155199 0.258666 7.67521E-11
0.0212475 0.354125 7.91016E-11
0.00132569 0.0220948 7.77257E-11
0.0113745 0.189575 7.83658E-11
-0.047395 0.789917 7.51336E-11
0.0190648 0.317747 7.96188E-11
-0.0132347 0.220579 7.97983E-11
0.00147217 0.0245361 7.98454E-11
-0.00648194 0.108032 7.67367E-11
-0.0172777 0.287962 7.86915E-11
0.00352296 0.0587159 7.97306E-11
0.035559 0.592651 7.83352E-11
0.0108764 0.181273 7.93352E-11
-0.0344604 0.57434 7.88616E-11
0.0331567 0.552612 7.81441E-11
0.0338158 0.563597 7.62268E-11
0.0273999 0.456666 7.88732E-11
0.00257079 0.0428466 7.85607E-11
0.00407959 0.0679932 7.87536E-11
0.011184 0.186401 7.95401E-11
-0.0367896 0.61316 7.73875E-11
-0.0414038 0.690063 7.72386E-11
-0.00769776 0.128296 7.6819E-11
-0.0072583 0.120972 7.93869E-11
0.000754395 0.0125733 7.66657E-11
-0.0136889 0.228149 7.68418E-11
0.00526611 0.0877685 7.91212E-11
0.0191088 0.31848 7.92678E-11
-0.0127075 0.211792 7.8982E-11
-0.00485597 0.0809328 7.94909E-11
0.0166186 0.276977 7.89253E-11
0.0291429 0.485716 7.86785E-11
0.00325927 0.0543213 7.98147E-11
0.0169555 0.282592 8.10229E-11
0.00101806 0.0169677 7.68317E-11
0.00506105 0.0843508 7.99921E-11
-0.0458569 0.764282 7.68175E-11
-0.00478271 0.0797119 8.03128E-11
0.0140405 0.234008 7.99155E-11
-0.012312 0.2052 7.97298E-11
0.0266528 0.444213 7.62309E-11
0.00604249 0.100708 8.05124E-11
-0.0308276 0.513793 7.61062E-11
0.0206616 0.34436 7.95785E-11
-0.0132201 0.220335 7.89781E-11
0.00610108 0.101685 7.8712E-11
0.0234448 0.390747 7.90198E-11
-0.00995359 0.165893 8.02665E-11
0.0189917 0.316528 7.70926E-11
-0.0312964 0.521606 7.66321E-11
0.00800537 0.133423 7.66285E-11
0.00264405 0.0440674 7.80766E-11
-0.01281 0.2135 7.94076E-11
0.0448901 0.748168 7.74257E-11
0.0177905 0.296508 7.96514E-11
-0.00977783 0.162964 8.13135E-11
0.0160766 0.267944 7.91669E-11
-0.00331788 0.0552979 7.61268E-11
-0.00847412 0.141235 7.82313E-11
-0.0127954 0.213256 7.99932E-11
0.00733155 0.122193 7.92215E-11
-0.0271948 0.453248 7.90807E-11
-0.0392358 0.65393 7.648E-11
0.0139673 0.232788 7.75831E-11
0.012312 0.2052 7.91673E-11
0.0296703 0.494506 7.94279E-11
0.019519 0.325317 7.9605E-11
0.0408619 0.681032 7.85151E-11
0.0108471 0.180785 7.95559E-11
0.0141869 0.236448 7.6273E-11
0.00522216 0.0870361 7.93424E-11
-0.0234741 0.391236 7.93787E-11
-0.00302491 0.0504153 7.96488E-11
0.0215405 0.359009 7.90449E-11
-0.0035962 0.0599367 7.72955E-11
-0.0103198 0.171997 7.74342E-11
0.0119604 0.19934 7.93083E-11
0.025349 0.422483 7.96209E-11
-0.00481202 0.0802003 7.8047E-11
-0.00224854 0.0374756 7.90905E-11
0.000812989 0.0135498 7.94651E-11
-0.0116822 0.194703 7.91846E-11
-0.028601 0.476683 7.73531E-11
-0.00233642 0.0389404 7.67193E-11
0.0374927 0.624878 7.7466E-11
0.00585206 0.0975343 7.9236E-11
-0.0151831 0.253052 7.79399E-11
-0.0313988 0.523314 7.72494E-11
0.0317945 0.529908 7.85071E-11
0.00803466 0.133911 8.00059E-11
-0.00320068 0.0533448 7.86525E-11
0.0210131 0.350218 8.08846E-11
0.00186768 0.0311279 7.9008E-11
0.00204347 0.0340578 7.86391E-11
0.0036255 0.060425 7.91486E-11
-0.00977783 0.162964 7.93895E-11
-0.0145825 0.243041 7.87819E-11
-0.0100707 0.167846 7.95807E-11
-0.0366284 0.610473 7.74781E-11
-0.013308 0.221801 7.90848E-11
0.0313695 0.522826 7.96133E-11
0.00120849 0.0201416 7.84853E-11
-0.00551514 0.0919189 7.89848E-11
-0.0386792 0.644654 7.76358E-11
0.0118286 0.197142 7.97611E-11
0.0146264 0.243773 7.94793E-11
-0.0138647 0.231079 7.92941E-11
-0.00917725 0.152954 8.12573E-11
0.0327026 0.545044 7.85332E-11
-0.00333253 0.0555421 7.92819E-11
-0.0258618 0.43103 7.96009E-11
-0.0132787 0.221312 7.88046E-11
-0.0432495 0.720825 7.88139E-11
0.00651124 0.108521 7.95256E-11
-0.00916259 0.15271 7.91733E-11
-0.00289307 0.0482178 7.88984E-11
-0.0347095 0.578492 7.70856E-11
0.00834228 0.139038 7.95889E-11
0.0165307 0.275512 7.80581E-11
0.00791749 0.131958 7.97541E-11
0.00629151 0.104858 7.99012E-11
0.0087085 0.145142 8.01164E-11
0.0207641 0.346068 7.96441E-11
0.0158276 0.263794 7.92675E-11
0.00884032 0.147339 7.92079E-11
0.0182299 0.303832 7.93361E-11
0.0396606 0.66101 7.99837E-11
0.009104 0.151733 7.9123E-11
0.0164574 0.274291 7.96822E-11
0.000578614 0.00964357 7.74153E-11
0.00785888 0.130981 7.88252E-11
0.0245141 0.408568 7.93482E-11
-0.0116968 0.194947 7.91032E-11
-0.0114477 0.190796 7.96989E-11
0.0122095 0.203491 7.8385E-11
0.00607177 0.101196 7.97456E-11
-0.0133519 0.222532 7.86102E-11
-0.00863525 0.143921 7.78815E-11
0.000754395 0.0125733 7.94484E-11
-0.0263305 0.438842 7.95581E-11
0.0253636 0.422727 7.93618E-11
0.00618897 0.103149 7.8611E-11
0.00509033 0.0848389 7.8547E-11
0.0310619 0.517698 7.87521E-11
-0.00264405 0.0440674 7.87616E-11
0.0229029 0.381715 7.68589E-11
-0.022815 0.380249 7.71999E-11
0.00610108 0.101685 7.93724E-11
-0.00248291 0.0413818 8.11477E-11
-0.0234888 0.39148 7.86279E-11
-0.0048999 0.0816651 7.95667E-11
0.0230053 0.383422 7.93781E-11
-0.0140551 0.234253 7.62571E-11
-0.00999755 0.166626 7.86865E-11
0.00276123 0.0460205 7.93321E-11
0.0364819 0.608032 7.95228E-11
-0.00718507 0.119751 7.924E-11
-0.00563233 0.0938721 8.128E-11
-0.000461426 0.00769043 8.07254E-11
-0.0250854 0.41809 7.78523E-11
0.0320142 0.53357 7.76461E-11
-0.0178929 0.298216 7.67592E-11
-0.0284691 0.474486 7.88848E-11
0.0325708 0.542848 7.90043E-11
-0.0230199 0.383666 7.88151E-11
-0.00340576 0.0567628 7.93397E-11
0.00387452 0.0645753 7.9544E-11
-0.0348998 0.581663 7.65588E-11
-0.00232177 0.0386963 7.9251E-11
0.00462159 0.0770264 7.70296E-11
0.0217017 0.361695 7.93676E-11
0.0215698 0.359497 7.86915E-11
0.00427003 0.0711671 7.93393E-11
0.0361156 0.601928 7.96257E-11
-0.0264331 0.440552 7.90158E-11
