-0.00210206 0.0350343 8.63739E-11
0.00560302 0.0933837 9.03075E-11
0.0174535 0.290892 8.90491E-11
-0.00506105 0.0843508 8.9542E-11
-0.00145751 0.0242919 8.66423E-11
0.00661377 0.110229 8.94841E-11
-0.00267333 0.0445556 8.79134E-11
-0.00101806 0.0169677 8.68398E-11
0.00680419 0.113403 8.79472E-11
-0.00163329 0.0272216 8.82771E-11
0.0142308 0.237181 8.75907E-11
0.00552979 0.0921631 8.682E-11
0.00175048 0.0291747 8.97474E-11
0.00620361 0.103394 8.98008E-11
-0.0141137 0.235228 8.66544E-11
0.00284912 0.0474853 8.95288E-11
0.0268432 0.447387 8.6784E-11
0.00825438 0.137573 8.82422E-11
0.0167066 0.278443 8.82377E-11
0.00602784 0.100464 8.71035E-11
-0.0211742 0.352904 8.69836E-11
0.00346436 0.0577393 8.80293E-11
-0.000607911 0.0101319 8.94359E-11
0.00446046 0.0743409 8.76637E-11
0.015769 0.262817 8.74136E-11
0.0113305 0.188842 8.83247E-11
-0.00427003 0.0711671 8.46929E-11
-0.00497315 0.0828858 8.79431E-11
0.0186988 0.311646 8.67302E-11
0.000461426 0.00769043 8.67662E-11
-0.00763916 0.127319 8.80041E-11
-0.00167724 0.0279541 8.78627E-11
-0.000871582 0.0145264 8.72084E-11
0.0208373 0.347288 8.80392E-11
0.0140991 0.234985 8.70061E-11
0.00599854 0.0999756 8.76956E-11
-0.00409423 0.0682372 8.6624E-11
-0.0211596 0.35266 8.60267E-11
0.0242944 0.404907 8.71838E-11
0.00632081 0.105347 8.828E-11
-0.0156957 0.261596 8.6166E-11
-0.0142895 0.238158 8.53052E-11
0.00459228 0.0765381 8.74093E-11
0.00831299 0.13855 9.01386E-11
0.00816649 0.136108 8.8325E-11
0.00557372 0.0928954 8.87685E-11
0.00321533 0.0535889 8.63366E-11
-7.32425E-06 0.000122071 8.6693E-11
0.00185303 0.0308838 8.51676E-11
0.000476075 0.00793458 8.94665E-11
-0.0134398 0.223998 9.02638E-11
0.017644 0.294067 8.93262E-11
-0.00623292 0.103882 9.05669E-11
0.0226684 0.377808 8.7762E-11
0.000959473 0.0159912 8.94217E-11
0.00444581 0.0740968 9.02598E-11
-0.0107152 0.178587 8.93114E-11
0.00138428 0.0230713 8.83791E-11
0.00596923 0.0994872 8.74604E-11
-0.00303956 0.0506593 8.9253E-11
0.0213647 0.356078 8.77982E-11
-0.00469482 0.0782471 8.83313E-11
-0.0101586 0.169311 8.68537E-11
0.000900879 0.0150147 8.84486E-11
0.0105395 0.175658 8.63987E-11
0.0174976 0.291626 8.7733E-11
-0.0147143 0.245238 8.59536E-11
0.00113525 0.0189209 8.87226E-11
-0.00520752 0.0867919 8.69035E-11
0.0129126 0.21521 8.79349E-11
0.00633546 0.105591 8.8802E-11
0.00741945 0.123657 8.70863E-11
0.0138354 0.23059 8.76632E-11
-0.0123266 0.205443 8.81026E-11
0.011272 0.187867 8.73507E-11
-0.0141722 0.236204 8.79491E-11
-0.0264477 0.440796 8.67068E-11
-0.000300294 0.00500489 8.54533E-11
-0.00705322 0.117554 8.7443E-11
0.0101 0.168334 8.66663E-11
-0.00854735 0.142456 8.9715E-11
-0.0116528 0.194214 8.80212E-11
-0.00873779 0.14563 8.71877E-11
-0.0192114 0.32019 8.67238E-11
0.0101147 0.168579 8.90076E-11
-0.000168458 0.00280763 8.83459E-11
0.00514893 0.0858155 8.74788E-11
-0.0152417 0.254029 8.94651E-11
-0.00531006 0.0885009 8.75229E-11
0.0179955 0.299926 8.79605E-11
-0.0102173 0.170288 8.70838E-11
-0.0221265 0.368775 8.9074E-11
-0.0104222 0.173704 8.64978E-11
-0.00979248 0.163208 8.56965E-11
-0.00397706 0.0662843 8.90492E-11
0.00079834 0.0133057 8.62509E-11
-0.0025122 0.0418701 8.81606E-11
-0.00377197 0.0628662 8.80632E-11
-0.00397706 0.0662843 8.71639E-11
0.00545655 0.0909424 8.75788E-11
0.00176514 0.0294189 8.6895E-11
-0.0122974 0.204957 8.88074E-11
-0.00188233 0.0313721 8.72129E-11
0.015271 0.254517 8.99406E-11
-0.00523682 0.0872803 8.71948E-11
0.0162816 0.271361 8.73638E-11
0.0135277 0.225463 8.75052E-11
0.00573487 0.0955811 8.77299E-11
-0.0120044 0.200073 8.82609E-11
-0.00223389 0.0372314 8.59945E-11
-0.0145238 0.242064 8.72361E-11
0.00715576 0.119263 8.76381E-11
-0.000402833 0.00671388 8.71897E-11
0.0177759 0.296265 8.64924E-11
0.0147289 0.245482 9.01549E-11
0.0105834 0.17639 8.77261E-11
0.0113305 0.188842 8.61988E-11
-0.00457764 0.076294 8.76879E-11
0.0129126 0.21521 8.77783E-11
0.00377197 0.0628662 8.83778E-11
0.00566162 0.0943603 8.73156E-11
-0.00315674 0.0526123 8.84045E-11
-0.0251586 0.419311 8.79991E-11
-0.0016919 0.0281983 8.86296E-11
0.00125244 0.0208739 8.824E-11
-0.0269604 0.44934 8.7343E-11
0.000461426 0.00769043 8.97652E-11
0.00832763 0.138794 8.78254E-11
0.000227051 0.00378418 8.8695E-11
0.0096167 0.160278 8.73282E-11
0.0253783 0.422972 8.57496E-11
0.0207348 0.345581 8.75601E-11
-0.0111401 0.185668 8.74847E-11
0.0144652 0.241087 8.45614E-11
-3.66213E-05 0.000610354 8.60286E-11
0.0250121 0.416869 8.6866E-11
-0.0031421 0.0523683 8.65982E-11
-0.0294652 0.491088 8.96497E-11
0.000314942 0.00524903 8.60001E-11
0.00903076 0.150513 8.7443E-11
0.00525147 0.0875244 8.71835E-11
0.015432 0.257201 9.04807E-11
-0.0172924 0.288207 8.97191E-11
-0.0133519 0.222532 8.84561E-11
-0.0147143 0.245238 8.81966E-11
0.00903076 0.150513 8.67146E-11
0.0200757 0.334595 8.48921E-11
-0.0188745 0.314575 8.72736E-11
-0.00739014 0.123169 8.64831E-11
-0.0154906 0.258178 8.5987E-11
0.00696533 0.116089 8.71834E-11
0.00071045 0.0118408 8.7634E-11
-0.0294213 0.490356 8.63448E-11
-0.000974122 0.0162354 8.72492E-11
0.0204565 0.340942 9.00232E-11
0.00141357 0.0235596 8.61765E-11
0.0135864 0.226439 8.6789E-11
0.0272095 0.453492 8.75528E-11
0.0135277 0.225463 8.81175E-11
-0.00936767 0.156128 8.85387E-11
0.00788818 0.13147 8.87631E-11
0.0121216 0.202027 8.98928E-11
0.00566162 0.0943603 8.89473E-11
-0.0067456 0.112427 8.80214E-11
-0.0122827 0.204712 8.92766E-11
0.000856934 0.0142822 8.77503E-11
0.0142601 0.237669 8.97715E-11
-0.0111401 0.185668 8.77362E-11
-0.0125756 0.209593 8.50099E-11
-0.0295238 0.492064 8.75895E-11
0.00157471 0.0262451 8.69342E-11
-0.00639406 0.106568 8.89909E-11
0.00132569 0.0220948 8.66533E-11
-0.0101733 0.169555 8.78886E-11
0.000930176 0.0155029 8.94858E-11
0.00690674 0.115112 8.88231E-11
0.0163403 0.272338 8.79427E-11
-0.00535401 0.0892334 8.72376E-11
0.00610108 0.101685 8.8665E-11
0.00484132 0.0806886 8.67646E-11
0.0254955 0.424926 8.66604E-11
-0.00255615 0.0426025 8.77938E-11
-0.00150147 0.0250244 8.77566E-11
0.0139379 0.232299 8.77209E-11
0.00454836 0.0758059 8.92652E-11
-0.027605 0.460084 8.7612E-11
-0.000139161 0.00231935 8.76301E-11
-0.00659912 0.109985 8.74231E-11
0.020105 0.335084 8.68125E-11
-0.0275024 0.458374 8.82173E-11
-0.00292237 0.0487061 8.8228E-11
-0.0183325 0.305541 8.67831E-11
-0.0157544 0.262573 8.68292E-11
0.010598 0.176634 9.00361E-11
0.0119018 0.198364 8.91142E-11
-0.0225659 0.376098 8.66378E-11
0.00425537 0.0709229 8.57408E-11
0.00715576 0.119263 8.70356E-11
-0.000109864 0.00183106 8.76223E-11
-0.00709717 0.118286 8.7442E-11
