0.00192626 0.0321044 8.2098E-11
-0.0112427 0.187378 7.91764E-11
0.00727296 0.121216 8.11116E-11
-0.0318237 0.530395 8.02312E-11
0.017102 0.285033 8.01404E-11
0.0247631 0.412718 8.0752E-11
-0.0142895 0.238158 8.09737E-11
-0.0118578 0.197631 8.07205E-11
-0.00208742 0.0347903 8.1377E-11
-0.000270996 0.00451661 8.102E-11
0.0199146 0.33191 8.07581E-11
-0.0167944 0.279907 8.12945E-11
-0.0145238 0.242064 7.93239E-11
0.0279125 0.465209 7.91419E-11
0.00180909 0.0301514 8.16541E-11
-0.00246826 0.0411377 7.82732E-11
0.0078003 0.130005 8.00814E-11
0.0376391 0.627318 7.94408E-11
-0.00226319 0.0377198 7.86845E-11
-0.0323071 0.538452 7.90809E-11
0.0030542 0.0509034 8.1817E-11
0.0229321 0.382203 8.01854E-11
-0.00432862 0.0721436 8.00518E-11
-0.00479736 0.0799561 8.05553E-11
0.0053247 0.0887451 7.86443E-11
-0.0183471 0.305786 8.06944E-11
-0.0345044 0.575073 7.87312E-11
0.00202881 0.0338136 8.23158E-11
0.025935 0.43225 8.03436E-11
-0.0194751 0.324584 8.14806E-11
0.0256859 0.428099 8.084E-11
-0.0109936 0.183227 7.88448E-11
-0.0205005 0.341675 7.94265E-11
-0.0090454 0.150757 8.03914E-11
0.0129858 0.21643 7.77952E-11
-0.0048999 0.0816651 8.1765E-11
-0.00583742 0.0972903 8.10609E-11
-0.0036255 0.060425 8.27387E-11
0.0108471 0.180785 7.86875E-11
-0.0227563 0.379272 8.13372E-11
0.0416235 0.693725 7.88091E-11
-0.00621827 0.103638 8.00819E-11
0.0135424 0.225707 8.13191E-11
0.012766 0.212767 7.76314E-11
-0.00249756 0.0416259 8.14453E-11
-0.0424291 0.707152 8.01142E-11
0.0249096 0.415161 7.8438E-11
0.0107152 0.178587 7.84969E-11
0.0214819 0.358033 8.0892E-11
-0.0207495 0.345825 8.00699E-11
-0.00289307 0.0482178 7.9759E-11
-0.0170874 0.284789 8.09629E-11
0.000256348 0.00427247 7.9584E-11
0.00232177 0.0386963 7.97672E-11
-0.00823974 0.137329 8.06656E-11
0.0226246 0.377076 8.0256E-11
0.0267406 0.445678 7.99136E-11
-0.0325269 0.542116 8.08031E-11
0.0025122 0.0418701 8.21829E-11
-0.0139086 0.231811 8.23007E-11
0.00825438 0.137573 8.1989E-11
0.0179516 0.299193 7.82522E-11
0.000930176 0.0155029 8.07958E-11
0.01281 0.2135 8.03007E-11
0.00498779 0.0831299 8.03375E-11
0.00715576 0.119263 7.9779E-11
0.00739014 0.123169 7.96317E-11
-0.0356909 0.594849 7.97523E-11
-0.0330688 0.551148 8.10723E-11
0.0283373 0.472288 8.03031E-11
0.015769 0.262817 8.04968E-11
-0.0248949 0.414916 8.12081E-11
-0.0226831 0.378053 8.04996E-11
-0.000637208 0.0106201 8.18956E-11
-0.013601 0.226683 8.07115E-11
0.0302563 0.504272 8.13197E-11
0.0255687 0.426146 8.02247E-11
-0.00340576 0.0567628 7.90029E-11
-0.0105541 0.175903 8.12947E-11
0.000886231 0.0147705 7.8441E-11
0.000886231 0.0147705 8.10905E-11
0.0117553 0.195922 7.9308E-11
-0.0339476 0.565794 8.09676E-11
-0.0322339 0.537232 8.02702E-11
-0.00352296 0.0587159 8.18049E-11
0.0203832 0.339721 8.00668E-11
0.028103 0.468383 7.84955E-11
-0.00999755 0.166626 8.14994E-11
-0.0276928 0.461547 7.9906E-11
-0.01927 0.321166 7.89364E-11
0.00878173 0.146362 8.2458E-11
0.000227051 0.00378418 8.09163E-11
-0.0197827 0.329712 7.89007E-11
-0.0281908 0.469847 8.06271E-11
0.00971924 0.161987 7.97248E-11
-0.000695801 0.0115967 8.17188E-11
-0.00114991 0.0191651 8.11741E-11
-0.000109864 0.00183106 8.16593E-11
-0.00983642 0.16394 8.00876E-11
0.00900147 0.150024 8.14222E-11
0.000256348 0.00427247 7.85574E-11
0.0161645 0.269409 8.06406E-11
0.000607911 0.0101319 8.11961E-11
-0.021145 0.352417 8.17816E-11
-0.0168676 0.281127 7.96659E-11
-0.000651857 0.0108643 8.15909E-11
-0.00176514 0.0294189 7.9248E-11
0.0164574 0.274291 7.8784E-11
0.005896 0.0982666 7.81871E-11
-0.0166919 0.278198 7.86972E-11
-0.000168458 0.00280763 8.0801E-11
-0.0103929 0.173216 8.13029E-11
-0.00703858 0.11731 8.02067E-11
0.009104 0.151733 8.11495E-11
-0.00391847 0.0653078 8.0859E-11
-0.00175048 0.0291747 8.23634E-11
-0.0123412 0.205687 8.0925E-11
-0.02781 0.4635 8.19428E-11
0.00273194 0.0455323 8.09278E-11
-0.00802002 0.133667 8.05421E-11
0.00507569 0.0845948 8.01899E-11
-0.00727296 0.121216 8.10604E-11
0.0196069 0.326782 8.04306E-11
0.000681153 0.0113526 8.34482E-11
0.0125756 0.209593 8.10487E-11
-0.022727 0.378784 7.8799E-11
-0.0127367 0.212279 8.14499E-11
-0.0414771 0.691284 8.09136E-11
0.0145092 0.24182 8.04091E-11
0.0256127 0.426878 8.17296E-11
0.00372804 0.0621339 8.01221E-11
0.0248803 0.414672 8.07839E-11
0.00963134 0.160522 8.09457E-11
-0.0105248 0.175414 8.21067E-11
0.00448975 0.0748292 8.06517E-11
-0.0340502 0.567503 8.09154E-11
0.0388257 0.647095 7.99846E-11
0.00920655 0.153442 8.18052E-11
-0.00781495 0.130249 7.90703E-11
-0.0048999 0.0816651 8.07965E-11
0.0117846 0.19641 8.12802E-11
0.0180102 0.30017 7.96287E-11
-0.0137328 0.228881 8.00201E-11
-0.0252612 0.421021 8.03041E-11
0.0172192 0.286987 7.82157E-11
-0.0127954 0.213256 8.23628E-11
-0.00996824 0.166137 7.89453E-11
0.00800537 0.133423 8.04519E-11
-0.0218628 0.36438 8.14376E-11
-0.0076831 0.128052 8.23478E-11
0.000666505 0.0111084 8.05616E-11
0.00572021 0.0953369 8.23028E-11
0.0233862 0.38977 8.09395E-11
0.0134252 0.223753 8.01217E-11
-0.000842286 0.0140381 8.02385E-11
-0.00371339 0.0618898 8.01206E-11
0.0330396 0.550659 8.0093E-11
-0.00358156 0.0596926 8.08012E-11
-0.00079834 0.0133057 8.10469E-11
-0.0279272 0.465453 8.0666E-11
0.0157397 0.262328 8.08204E-11
0.0164721 0.274535 7.89771E-11
0.00538329 0.0897216 7.98016E-11
0.0300659 0.501098 7.96815E-11
0.0148168 0.246947 8.1183E-11
-0.0111255 0.185425 8.03464E-11
0.00906006 0.151001 8.11969E-11
0.0208959 0.348265 7.97601E-11
0.0146264 0.243773 7.99396E-11
0.00224854 0.0374756 8.12078E-11
-0.0139819 0.233032 8.13724E-11
-0.0144359 0.240599 8.05378E-11
-0.00400634 0.0667724 8.08892E-11
-0.00308351 0.0513918 7.92278E-11
0.0213061 0.355102 7.94438E-11
0.0212915 0.354858 7.82653E-11
-0.0208813 0.348022 8.04185E-11
-0.0252612 0.421021 8.11349E-11
-0.0197095 0.328492 7.7697E-11
-0.00892822 0.148804 8.05463E-11
-0.00509033 0.0848389 8.05851E-11
0.000563965 0.00939942 8.07705E-11
-0.0321606 0.536011 7.95164E-11
-0.0219214 0.365357 8.02198E-11
-0.0210131 0.350218 7.75076E-11
0.0221704 0.369507 7.97026E-11
0.0215698 0.359497 8.14841E-11
-0.0460327 0.767212 7.86346E-11
2.19728E-05 0.000366213 8.05224E-11
0.0162378 0.27063 8.04489E-11
-0.00930907 0.155151 8.11734E-11
-0.0299047 0.498412 7.98961E-11
-0.0182738 0.304564 8.08837E-11
0.00882567 0.147095 8.04962E-11
0.0151245 0.252075 8.01466E-11
-0.0163696 0.272827 7.9104E-11
-0.0118286 0.197142 7.98533E-11
0.00577881 0.0963136 8.19294E-11
0.0230932 0.384887 8.07591E-11
-0.0128539 0.214232 7.90089E-11
