-0.00890625 0.148438 3.73262E-10
0.0154687 0.257812 3.63578E-10
0.00609375 0.101563 3.86412E-10
0.00984375 0.164062 3.93078E-10
0.00328125 0.0546875 3.68559E-10
-0.0117188 0.195312 3.96855E-10
0.00234375 0.0390625 3.89284E-10
0.00984375 0.164062 3.74386E-10
-0.0192187 0.320312 3.72026E-10
-0.00515625 0.0859375 3.85314E-10
-0.0304687 0.507812 3.81945E-10
0.00421875 0.0703125 3.83266E-10
-0.00046875 0.0078125 3.7275E-10
-0.0107812 0.179688 3.728E-10
-0.00609375 0.101563 3.8248E-10
-0.00609375 0.101563 3.84545E-10
-0.00609375 0.101563 3.82472E-10
0.0135937 0.226562 3.90184E-10
-0.00421875 0.0703125 3.84011E-10
0.00421875 0.0703125 3.87833E-10
0.0126562 0.210938 3.84036E-10
-0.0154687 0.257812 3.78739E-10
-0.00234375 0.0390625 3.79249E-10
-0.00984375 0.164062 3.97913E-10
0.00140625 0.0234375 3.83651E-10
-0.00890625 0.148438 3.72551E-10
0.00421875 0.0703125 3.79697E-10
0.00421875 0.0703125 3.82899E-10
0.00140625 0.0234375 3.82988E-10
-0.0145312 0.242188 3.83765E-10
0.00046875 0.0078125 3.83419E-10
-0.0192187 0.320312 3.70775E-10
-0.0267187 0.445312 3.75719E-10
-0.00515625 0.0859375 3.6537E-10
-0.0173437 0.289062 3.86682E-10
-0.00609375 0.101563 3.81536E-10
-0.00046875 0.0078125 3.77063E-10
-0.00890625 0.148438 3.82919E-10
-0.0107812 0.179688 3.72917E-10
0.00140625 0.0234375 3.81629E-10
-0.00703125 0.117188 3.71392E-10
0.00890625 0.148438 3.85601E-10
-0.00609375 0.101563 3.71485E-10
-0.00328125 0.0546875 3.76028E-10
-0.00703125 0.117188 3.81125E-10
-0.00421875 0.0703125 3.88404E-10
-0.0154687 0.257812 3.81467E-10
0.00234375 0.0390625 3.7222E-10
-0.00984375 0.164062 4.04015E-10
-0.00703125 0.117188 3.61357E-10
-0.00328125 0.0546875 3.73462E-10
0.00234375 0.0390625 3.82693E-10
-0.00515625 0.0859375 3.70901E-10
0.00328125 0.0546875 3.61622E-10
0.00796875 0.132812 3.90489E-10
-0.00984375 0.164062 3.72541E-10
0.00984375 0.164062 3.70681E-10
-0.00328125 0.0546875 3.8899E-10
-0.00515625 0.0859375 3.71944E-10
0.00796875 0.132812 3.85663E-10
0.00796875 0.132812 3.83312E-10
0.00140625 0.0234375 3.83353E-10
-0.00140625 0.0234375 3.60861E-10
-0.00140625 0.0234375 3.70511E-10
-0.0304687 0.507812 3.81081E-10
-0.00421875 0.0703125 3.60364E-10
0.0117188 0.195312 3.9077E-10
-0.00234375 0.0390625 3.94941E-10
0.00609375 0.101563 3.69274E-10
0.00984375 0.164062 3.7296E-10
-0.0117188 0.195312 3.83226E-10
0.00234375 0.0390625 3.72084E-10
-0.00703125 0.117188 3.68816E-10
-0.00234375 0.0390625 3.73842E-10
-0.00140625 0.0234375 3.79321E-10
-0.00609375 0.101563 3.61306E-10
0.0117188 0.195312 3.73609E-10
-0.0117188 0.195312 3.89738E-10
-0.00421875 0.0703125 3.79707E-10
-0.00140625 0.0234375 3.79465E-10
0.00328125 0.0546875 3.93229E-10
-0.00046875 0.0078125 3.79019E-10
0.00328125 0.0546875 3.91734E-10
0.00703125 0.117188 3.67123E-10
0.0117188 0.195312 3.80283E-10
-0.00234375 0.0390625 3.71039E-10
0.00515625 0.0859375 3.60139E-10
0.00046875 0.0078125 3.934E-10
0.00609375 0.101563 3.70561E-10
-0.00796875 0.132812 3.72588E-10
0.00328125 0.0546875 3.82902E-10
0.00796875 0.132812 3.796E-10
0.00984375 0.164062 3.82034E-10
0.00515625 0.0859375 3.82792E-10
0.00703125 0.117188 3.81724E-10
0.0201563 0.335938 3.71345E-10
-0.00515625 0.0859375 3.72439E-10
0.0164062 0.273437 3.8753E-10
0.00609375 0.101563 3.84304E-10
-0.0117188 0.195312 3.79161E-10
0.00328125 0.0546875 3.6591E-10
0.00515625 0.0859375 3.81938E-10
0.00140625 0.0234375 3.83038E-10
0.00234375 0.0390625 3.64547E-10
0.00421875 0.0703125 3.84455E-10
-0.00703125 0.117188 3.9045E-10
0.00140625 0.0234375 3.82484E-10
0.00703125 0.117188 3.73942E-10
-0.0154687 0.257812 3.97234E-10
0.00515625 0.0859375 3.7198E-10
0.00421875 0.0703125 3.83324E-10
-0.00421875 0.0703125 3.81676E-10
-0.00515625 0.0859375 3.78742E-10
-0.00140625 0.0234375 3.73441E-10
0.00140625 0.0234375 3.70807E-10
-0.0107812 0.179688 3.79696E-10
0.0117188 0.195312 3.87729E-10
0.00046875 0.0078125 3.69509E-10
0.00140625 0.0234375 3.86349E-10
0.0117188 0.195312 3.83413E-10
-0.00890625 0.148438 3.79219E-10
0.00046875 0.0078125 3.91706E-10
-0.0145312 0.242188 3.5383E-10
0.00796875 0.132812 3.71947E-10
0.00046875 0.0078125 3.78449E-10
-0.00515625 0.0859375 3.78251E-10
-0.00046875 0.0078125 3.78456E-10
0.00328125 0.0546875 3.7928E-10
0.0164062 0.273437 3.75653E-10
0.0126562 0.210938 3.67738E-10
-0.00703125 0.117188 3.7986E-10
-0.00609375 0.101563 3.75524E-10
-0.0182812 0.304688 3.82156E-10
-0.00515625 0.0859375 3.79277E-10
0.00609375 0.101563 3.80302E-10
0.0145312 0.242188 3.85833E-10
-0.00515625 0.0859375 3.76487E-10
0.00140625 0.0234375 3.84905E-10
0.00984375 0.164062 3.7683E-10
-0.0154687 0.257812 3.80156E-10
0.00421875 0.0703125 3.7633E-10
0.00515625 0.0859375 3.69674E-10
0.0182812 0.304688 3.6643E-10
0.00421875 0.0703125 3.71683E-10
0.00609375 0.101563 3.75617E-10
-0.00328125 0.0546875 3.84597E-10
-0.00421875 0.0703125 3.87839E-10
-0.00421875 0.0703125 3.83526E-10
0.00140625 0.0234375 3.681E-10
0.00421875 0.0703125 3.71664E-10
-0.00046875 0.0078125 3.81764E-10
0.0126562 0.210938 3.87258E-10
-0.0126562 0.210938 3.84489E-10
0.00421875 0.0703125 3.69165E-10
-0.0145312 0.242188 3.63708E-10
-0.00515625 0.0859375 3.72329E-10
-0.00140625 0.0234375 3.85187E-10
-0.00328125 0.0546875 3.92575E-10
0.00703125 0.117188 3.9024E-10
-0.00515625 0.0859375 3.75181E-10
0.00046875 0.0078125 3.8101E-10
-0.00328125 0.0546875 3.81664E-10
0.00796875 0.132812 3.85577E-10
-0.00234375 0.0390625 3.73702E-10
0.0154687 0.257812 3.85623E-10
0.00234375 0.0390625 3.82098E-10
-0.00703125 0.117188 3.90984E-10
-0.0192187 0.320312 3.85945E-10
-0.00328125 0.0546875 3.98432E-10
0.00796875 0.132812 3.72453E-10
0.0126562 0.210938 3.82516E-10
0.0145312 0.242188 3.79209E-10
-0.00234375 0.0390625 3.74844E-10
-0.00984375 0.164062 3.73876E-10
0.00421875 0.0703125 3.76039E-10
-0.00515625 0.0859375 3.70661E-10
-0.0126562 0.210938 4.0009E-10
-0.00609375 0.101563 3.88297E-10
-0.00609375 0.101563 3.84474E-10
-0.00703125 0.117188 3.71439E-10
-0.00046875 0.0078125 3.58541E-10
-0.00890625 0.148438 3.71778E-10
0.0126562 0.210938 3.78662E-10
-0.00234375 0.0390625 3.80529E-10
-0.00328125 0.0546875 3.84866E-10
-0.0145312 0.242188 3.8475E-10
0.00421875 0.0703125 3.61627E-10
0.00046875 0.0078125 3.86517E-10
0.0107812 0.179688 3.87834E-10
0.0145312 0.242188 3.78204E-10
-0.00609375 0.101563 3.8505E-10
0.00046875 0.0078125 3.82149E-10
0.00046875 0.0078125 3.73408E-10
-0.0173437 0.289062 3.72664E-10
0.00140625 0.0234375 3.65736E-10
0.00796875 0.132812 3.94487E-10
0.00890625 0.148438 3.76087E-10
0.0145312 0.242188 3.71263E-10
0.00796875 0.132812 3.82645E-10
0.0145312 0.242188 3.76782E-10
0.0145312 0.242188 3.89375E-10
0.00328125 0.0546875 3.65223E-10
-0.00984375 0.164062 3.85318E-10
0.0117188 0.195312 3.76591E-10
0.00234375 0.0390625 3.82018E-10
0.00421875 0.0703125 3.91306E-10
0.00421875 0.0703125 3.64489E-10
-0.0107812 0.179688 3.84466E-10
-0.00046875 0.0078125 3.89869E-10
-0.0192187 0.320312 3.79707E-10
-0.00796875 0.132812 3.64908E-10
-0.00421875 0.0703125 3.83558E-10
-0.00140625 0.0234375 3.64829E-10
0.00609375 0.101563 3.79239E-10
-0.00515625 0.0859375 3.6478E-10
-0.0107812 0.179688 3.80172E-10
-0.0210937 0.351562 3.72815E-10
-0.00328125 0.0546875 3.81435E-10
-0.00234375 0.0390625 3.82612E-10
-0.00328125 0.0546875 3.71796E-10
-0.0107812 0.179688 3.72951E-10
0.00328125 0.0546875 3.75214E-10
-0.00421875 0.0703125 3.81897E-10
0.00703125 0.117188 3.92162E-10
-0.00234375 0.0390625 3.73309E-10
0.00515625 0.0859375 3.71145E-10
0.00609375 0.101563 4.02811E-10
-0.00421875 0.0703125 3.73017E-10
-0.0192187 0.320312 3.84326E-10
0.00234375 0.0390625 3.80727E-10
0.0192187 0.320312 3.81481E-10
-0.00328125 0.0546875 3.84282E-10
0.00984375 0.164062 3.74456E-10
-0.00234375 0.0390625 3.6581E-10
-0.00234375 0.0390625 3.819E-10
-0.0145312 0.242188 3.71461E-10
-0.00609375 0.101563 3.71704E-10
0.0117188 0.195312 3.98642E-10
0.00140625 0.0234375 3.68055E-10
-0.00234375 0.0390625 3.73678E-10
-0.00984375 0.164062 3.7726E-10
-0.00421875 0.0703125 3.82342E-10
0.00703125 0.117188 3.70059E-10
0.0164062 0.273437 3.8045E-10
-0.0117188 0.195312 3.82171E-10
0.00515625 0.0859375 3.77256E-10
0.00609375 0.101563 3.83817E-10
0.0154687 0.257812 3.8324E-10
0.0107812 0.179688 4.00465E-10
0.00328125 0.0546875 3.69009E-10
-0.00234375 0.0390625 3.71862E-10
-0.00515625 0.0859375 3.71568E-10
0.0107812 0.179688 3.76723E-10
0.00890625 0.148438 3.70401E-10
0.00796875 0.132812 3.84457E-10
0.00046875 0.0078125 3.75677E-10
0.0117188 0.195312 3.71574E-10
-0.00046875 0.0078125 3.8183E-10
0.00140625 0.0234375 3.78455E-10
0.0107812 0.179688 3.85058E-10
0.00328125 0.0546875 3.65906E-10
-0.00046875 0.0078125 3.85516E-10
0.00046875 0.0078125 3.84801E-10
0.00140625 0.0234375 3.70264E-10
0.00703125 0.117188 3.82046E-10
0.0117188 0.195312 3.92199E-10
0.00421875 0.0703125 3.81568E-10
0.0117188 0.195312 4.04722E-10
0.0107812 0.179688 3.83934E-10
0.0145312 0.242188 3.72017E-10
0.00984375 0.164062 3.83341E-10
0.00421875 0.0703125 3.9212E-10
0.00421875 0.0703125 3.81305E-10
-0.0107812 0.179688 3.9808E-10
0.00609375 0.101563 3.78998E-10
0.00140625 0.0234375 3.81348E-10
-0.00609375 0.101563 3.81976E-10
-0.0107812 0.179688 3.79837E-10
-0.00140625 0.0234375 3.6583E-10
0.0126562 0.210938 3.69782E-10
0.00421875 0.0703125 3.78678E-10
0.00890625 0.148438 3.7678E-10
-0.00140625 0.0234375 3.77469E-10
0.00046875 0.0078125 3.66544E-10
-0.00796875 0.132812 3.83145E-10
0.0210937 0.351562 3.84012E-10
0.0192187 0.320312 3.70463E-10
-0.00046875 0.0078125 3.86969E-10
-0.0107812 0.179688 3.80817E-10
0.00515625 0.0859375 3.81731E-10
0.00234375 0.0390625 3.7235E-10
-0.00609375 0.101563 3.75226E-10
-0.00140625 0.0234375 3.77444E-10
-0.0182812 0.304688 3.78495E-10
-0.00703125 0.117188 3.92748E-10
-0.0107812 0.179688 3.7249E-10
0.00515625 0.0859375 3.78949E-10
-0.0173437 0.289062 3.68243E-10
0.0135937 0.226562 3.78086E-10
0.00609375 0.101563 3.85137E-10
-0.00796875 0.132812 4.01515E-10
-0.00046875 0.0078125 3.73087E-10
0.00609375 0.101563 3.67914E-10
-0.00890625 0.148438 3.79578E-10
-0.0201563 0.335938 3.7102E-10
0.00140625 0.0234375 3.90283E-10
0.00421875 0.0703125 3.8016E-10
0.00140625 0.0234375 3.70131E-10
0.00890625 0.148438 3.83863E-10
0.00234375 0.0390625 3.70465E-10
-0.00515625 0.0859375 3.87977E-10
0.00328125 0.0546875 3.71261E-10
-0.00234375 0.0390625 3.90327E-10
0.00421875 0.0703125 4.07891E-10
0.00984375 0.164062 3.72647E-10
0.0154687 0.257812 3.83151E-10
-0.00421875 0.0703125 3.84401E-10
0.00328125 0.0546875 4.07692E-10
-0.00234375 0.0390625 3.83919E-10
-0.00890625 0.148438 3.63297E-10
0.00234375 0.0390625 3.70941E-10
-0.0210937 0.351562 3.88562E-10
0.00234375 0.0390625 3.74547E-10
-0.00140625 0.0234375 3.80771E-10
-0.0107812 0.179688 3.65811E-10
0.00796875 0.132812 3.71649E-10
-0.00046875 0.0078125 3.82238E-10
-0.00890625 0.148438 3.93004E-10
0.00984375 0.164062 3.97609E-10
-0.00421875 0.0703125 3.77993E-10
-0.00703125 0.117188 3.78987E-10
-0.0117188 0.195312 3.81582E-10
-0.0192187 0.320312 3.77908E-10
0.00234375 0.0390625 3.70808E-10
-0.00328125 0.0546875 3.53134E-10
0.00328125 0.0546875 3.81785E-10
0.00046875 0.0078125 3.82498E-10
0.0135937 0.226562 3.73593E-10
-0.00234375 0.0390625 3.85638E-10
0.00703125 0.117188 3.71619E-10
0.0145312 0.242188 3.84722E-10
0.0145312 0.242188 3.8269E-10
-0.0126562 0.210938 3.84878E-10
-0.00796875 0.132812 3.86487E-10
-0.00234375 0.0390625 3.75956E-10
-0.0145312 0.242188 3.81651E-10
-0.00234375 0.0390625 3.92374E-10
0.00890625 0.148438 3.66496E-10
-0.0117188 0.195312 3.80106E-10
0.00046875 0.0078125 3.67943E-10
0.00328125 0.0546875 3.72702E-10
-0.00515625 0.0859375 3.66268E-10
-0.00421875 0.0703125 3.62551E-10
0.0107812 0.179688 3.83556E-10
0.00046875 0.0078125 3.94568E-10
0.00234375 0.0390625 3.70032E-10
0.0117188 0.195312 3.71412E-10
-0.00046875 0.0078125 3.78322E-10
0.00796875 0.132812 3.59515E-10
-0.00796875 0.132812 3.91155E-10
-0.00609375 0.101563 3.62465E-10
-0.00890625 0.148438 3.74015E-10
0.00328125 0.0546875 3.79075E-10
0.00703125 0.117188 3.877E-10
0.00515625 0.0859375 3.7836E-10
-0.00234375 0.0390625 3.69736E-10
-0.0173437 0.289062 3.8438E-10
0.00234375 0.0390625 3.74494E-10
0.0135937 0.226562 3.90625E-10
-0.0107812 0.179688 4.02689E-10
-0.00328125 0.0546875 3.8453E-10
-0.00234375 0.0390625 3.81936E-10
-0.0135937 0.226562 3.81156E-10
0.0173437 0.289062 3.7123E-10
-0.00609375 0.101563 3.8417E-10
0.00140625 0.0234375 3.91375E-10
-0.00515625 0.0859375 3.91464E-10
-0.00140625 0.0234375 3.83877E-10
0.00796875 0.132812 3.71925E-10
-0.00234375 0.0390625 3.83101E-10
0.00046875 0.0078125 3.80516E-10
-0.00140625 0.0234375 3.89288E-10
-0.00984375 0.164062 3.69297E-10
-0.0154687 0.257812 4.0174E-10
-0.0210937 0.351562 3.87168E-10
-0.00703125 0.117188 3.72787E-10
-0.0117188 0.195312 3.77968E-10
-0.00796875 0.132812 3.70669E-10
-0.00234375 0.0390625 3.77612E-10
-0.00046875 0.0078125 3.78628E-10
0.00140625 0.0234375 3.74463E-10
-0.00515625 0.0859375 3.62475E-10
0.00703125 0.117188 3.7506E-10
0.0117188 0.195312 3.63516E-10
-0.00140625 0.0234375 3.69463E-10
-0.0135937 0.226562 3.85949E-10
-0.00140625 0.0234375 3.91757E-10
-0.00140625 0.0234375 3.71741E-10
-0.00234375 0.0390625 3.73517E-10
0.0135937 0.226562 3.72366E-10
0.00328125 0.0546875 3.88947E-10
-0.00046875 0.0078125 3.71214E-10
0.00328125 0.0546875 3.73065E-10
0.0107812 0.179688 3.82085E-10
0.00609375 0.101563 3.96768E-10
-0.0154687 0.257812 3.97565E-10
0.00328125 0.0546875 3.66658E-10
0.00140625 0.0234375 3.87787E-10
0.0117188 0.195312 3.84271E-10
0.00984375 0.164062 3.97438E-10
0.00140625 0.0234375 3.77857E-10
0.0107812 0.179688 3.86461E-10
0.00609375 0.101563 3.82492E-10
0.00703125 0.117188 3.73324E-10
0.00796875 0.132812 3.68801E-10
0.00796875 0.132812 3.78969E-10
-0.00515625 0.0859375 3.6341E-10
-0.00796875 0.132812 3.81413E-10
0.00984375 0.164062 3.71599E-10
-0.00421875 0.0703125 3.88681E-10
-0.00796875 0.132812 3.73422E-10
-0.00328125 0.0546875 3.7091E-10
-0.00421875 0.0703125 3.73944E-10
0.00046875 0.0078125 3.78442E-10
-0.00046875 0.0078125 3.71794E-10
0.00703125 0.117188 3.86878E-10
0.0117188 0.195312 3.76758E-10
0.0135937 0.226562 3.79081E-10
0.00609375 0.101563 3.8058E-10
0.00234375 0.0390625 3.84539E-10
0.00796875 0.132812 3.93155E-10
-0.00984375 0.164062 3.81462E-10
-0.0107812 0.179688 4.13173E-10
0.00796875 0.132812 3.60387E-10
0.0220313 0.367188 3.84298E-10
-0.00234375 0.0390625 3.99698E-10
-0.00328125 0.0546875 3.9177E-10
0.00609375 0.101563 3.8834E-10
0.0135937 0.226562 3.84793E-10
0.0154687 0.257812 3.71731E-10
0.00421875 0.0703125 3.83259E-10
0.00421875 0.0703125 3.78159E-10
-0.00046875 0.0078125 3.72929E-10
-0.00515625 0.0859375 3.92895E-10
0.0135937 0.226562 3.7144E-10
0.00515625 0.0859375 3.90309E-10
-0.00703125 0.117188 3.82855E-10
-0.00421875 0.0703125 3.84821E-10
-0.0145312 0.242188 3.88096E-10
-0.00234375 0.0390625 3.8855E-10
0.0107812 0.179688 3.94091E-10
0.00234375 0.0390625 3.85818E-10
0.00046875 0.0078125 3.84763E-10
0.00046875 0.0078125 3.90771E-10
-0.00703125 0.117188 3.93165E-10
0.0145312 0.242188 3.70045E-10
0.00046875 0.0078125 3.93247E-10
-0.0126562 0.210938 3.71501E-10
0.00703125 0.117188 3.96408E-10
0.00234375 0.0390625 3.79284E-10
-0.0145312 0.242188 3.92971E-10
0.00703125 0.117188 3.72735E-10
0.0117188 0.195312 3.81553E-10
-0.00328125 0.0546875 3.73569E-10
0.00703125 0.117188 3.69034E-10
-0.00328125 0.0546875 3.89455E-10
0.00796875 0.132812 3.92668E-10
0.0126562 0.210938 3.68178E-10
0.0145312 0.242188 3.70737E-10
-0.0285937 0.476562 3.71491E-10
0.00703125 0.117188 3.73293E-10
-0.00046875 0.0078125 3.86879E-10
0.0126562 0.210938 3.88764E-10
0.00890625 0.148438 3.83667E-10
-0.0126562 0.210938 3.78648E-10
0.00328125 0.0546875 3.80621E-10
0.0117188 0.195312 3.91979E-10
-0.00796875 0.132812 3.72717E-10
0.00984375 0.164062 3.79045E-10
0.00796875 0.132812 3.84711E-10
-0.0126562 0.210938 3.87809E-10
-0.0173437 0.289062 3.82115E-10
0.00515625 0.0859375 3.83165E-10
0.00609375 0.101563 3.83578E-10
-0.00046875 0.0078125 3.78726E-10
-0.00328125 0.0546875 3.77259E-10
-0.00140625 0.0234375 3.67178E-10
-0.0107812 0.179688 3.77893E-10
0.00046875 0.0078125 3.70904E-10
0.0173437 0.289062 3.73026E-10
-0.00328125 0.0546875 3.83237E-10
0.00890625 0.148438 3.84888E-10
-0.00609375 0.101563 3.72189E-10
0.0220313 0.367188 3.78753E-10
-0.0145312 0.242188 3.64791E-10
-0.00140625 0.0234375 3.66097E-10
0.00234375 0.0390625 3.83182E-10
-0.00515625 0.0859375 3.71275E-10
0.00609375 0.101563 3.80509E-10
0.00703125 0.117188 3.91075E-10
