0.00328125 0.0546875 7.35181E-11
-0.00234375 0.0390625 7.12739E-11
-0.00421875 0.0703125 7.29554E-11
-0.00703125 0.117188 7.27971E-11
0.0229688 0.382813 7.15178E-11
0.00328125 0.0546875 7.24486E-11
-0.0220313 0.367188 7.30392E-11
-0.0239062 0.398437 7.35859E-11
0.00609375 0.101563 7.08691E-11
0.0126562 0.210938 7.18673E-11
0.00703125 0.117188 7.13905E-11
-0.0220313 0.367188 7.21711E-11
-0.00421875 0.0703125 7.29908E-11
-0.00703125 0.117188 7.38086E-11
0.00984375 0.164062 7.12679E-11
-0.00890625 0.148438 7.18313E-11
0.00796875 0.132812 7.10375E-11
-0.00984375 0.164062 7.21206E-11
0.00046875 0.0078125 7.24088E-11
0.0210937 0.351562 7.10519E-11
-0.0164062 0.273437 7.23947E-11
0.0145312 0.242188 7.21328E-11
-0.00046875 0.0078125 7.11899E-11
0.0126562 0.210938 7.34909E-11
0.0314062 0.523438 7.21977E-11
-0.00328125 0.0546875 7.29199E-11
-0.0154687 0.257812 7.23902E-11
-0.0107812 0.179688 7.07119E-11
-0.00890625 0.148438 7.28211E-11
-0.00234375 0.0390625 7.29741E-11
-0.00515625 0.0859375 7.23834E-11
0.00609375 0.101563 7.126E-11
0.00609375 0.101563 7.2673E-11
0.00234375 0.0390625 7.12164E-11
0.00421875 0.0703125 7.13562E-11
0.00515625 0.0859375 7.29541E-11
0.00046875 0.0078125 7.16604E-11
0.00796875 0.132812 7.32417E-11
0.00515625 0.0859375 7.19888E-11
-0.00421875 0.0703125 7.34212E-11
-0.0426562 0.710937 7.28874E-11
-0.00515625 0.0859375 7.13167E-11
0.00703125 0.117188 7.38547E-11
-0.00890625 0.148438 7.09114E-11
-0.00140625 0.0234375 7.09665E-11
0.00984375 0.164062 7.23238E-11
-0.00234375 0.0390625 7.23117E-11
0.0276563 0.460938 6.99857E-11
0.00328125 0.0546875 7.28172E-11
0.00234375 0.0390625 7.33232E-11
0.0192187 0.320312 7.24591E-11
0.00984375 0.164062 7.1294E-11
0.0229688 0.382813 7.19041E-11
0.00046875 0.0078125 7.20446E-11
-0.0173437 0.289062 7.18974E-11
-0.0220313 0.367188 7.22214E-11
-0.00703125 0.117188 7.26306E-11
-0.00515625 0.0859375 7.31336E-11
0.0145312 0.242188 7.26696E-11
0.0267187 0.445312 7.24402E-11
-0.00609375 0.101563 7.1772E-11
0.00234375 0.0390625 7.37386E-11
0.0135937 0.226562 7.03089E-11
-0.00046875 0.0078125 7.2671E-11
-0.00421875 0.0703125 7.32167E-11
0.00421875 0.0703125 7.30508E-11
0.00703125 0.117188 7.24364E-11
0.00328125 0.0546875 7.20228E-11
0.00609375 0.101563 7.20864E-11
0.0126562 0.210938 7.37843E-11
-0.0173437 0.289062 7.17311E-11
-0.0210937 0.351562 7.22403E-11
0.00515625 0.0859375 7.36511E-11
-0.00609375 0.101563 7.13016E-11
-0.00796875 0.132812 7.31502E-11
0.0117188 0.195312 7.09221E-11
0.00890625 0.148438 7.2386E-11
-0.00140625 0.0234375 7.24088E-11
-0.00234375 0.0390625 7.28212E-11
-0.00984375 0.164062 7.30708E-11
-0.0248437 0.414062 7.30427E-11
-0.00328125 0.0546875 7.40603E-11
0.00046875 0.0078125 7.21533E-11
-0.00984375 0.164062 7.29818E-11
0.00421875 0.0703125 7.21129E-11
-0.0145312 0.242188 7.31113E-11
-0.00984375 0.164062 7.36117E-11
0.0107812 0.179688 7.07484E-11
0.00984375 0.164062 7.33084E-11
0.00609375 0.101563 7.37869E-11
-0.0117188 0.195312 7.23251E-11
0.00609375 0.101563 7.29533E-11
0.0182812 0.304688 7.11933E-11
-0.00515625 0.0859375 7.27132E-11
-0.0164062 0.273437 7.40073E-11
-0.00046875 0.0078125 7.18415E-11
0.0126562 0.210938 7.22551E-11
0.00796875 0.132812 7.26292E-11
-0.0164062 0.273437 7.17653E-11
0.00046875 0.0078125 7.11255E-11
0.0135937 0.226562 7.20263E-11
0.00234375 0.0390625 7.29956E-11
-0.00234375 0.0390625 7.23697E-11
-0.00703125 0.117188 7.30527E-11
0.00796875 0.132812 7.27751E-11
-0.0248437 0.414062 7.23269E-11
-0.00515625 0.0859375 7.20763E-11
-0.0126562 0.210938 7.28898E-11
-0.0117188 0.195312 7.27019E-11
0.0182812 0.304688 7.29424E-11
0.0126562 0.210938 7.23763E-11
0.0192187 0.320312 7.09839E-11
0.00234375 0.0390625 7.28449E-11
0.0229688 0.382813 7.38462E-11
-0.0154687 0.257812 7.3815E-11
0.0192187 0.320312 7.13366E-11
-0.00140625 0.0234375 7.33797E-11
-0.00796875 0.132812 7.33166E-11
0.00609375 0.101563 7.09941E-11
-0.00421875 0.0703125 7.27632E-11
0.0117188 0.195312 7.2613E-11
0.00796875 0.132812 7.27245E-11
-0.0126562 0.210938 7.2532E-11
-0.0276563 0.460938 7.31196E-11
-0.0117188 0.195312 7.11796E-11
0.0248437 0.414062 7.13657E-11
-0.0145312 0.242188 7.27862E-11
0.0117188 0.195312 7.02475E-11
0.0248437 0.414062 7.17681E-11
0.0107812 0.179688 7.22761E-11
-0.00890625 0.148438 7.35879E-11
-0.00140625 0.0234375 7.22494E-11
-0.00421875 0.0703125 7.22372E-11
0.0229688 0.382813 7.35937E-11
0.00328125 0.0546875 7.2524E-11
0.00890625 0.148438 7.37956E-11
0.00609375 0.101563 7.13973E-11
-0.00703125 0.117188 7.20161E-11
-0.0220313 0.367188 7.35355E-11
0.0182812 0.304688 7.20605E-11
-0.00703125 0.117188 7.13017E-11
0.0107812 0.179688 7.06202E-11
0.00609375 0.101563 7.3131E-11
-0.0164062 0.273437 7.30533E-11
0.00046875 0.0078125 7.22431E-11
-0.00796875 0.132812 7.17035E-11
-0.0126562 0.210938 7.14123E-11
-0.0117188 0.195312 7.25934E-11
-0.0107812 0.179688 7.13652E-11
0.00515625 0.0859375 7.24895E-11
0.00234375 0.0390625 7.04804E-11
0.00609375 0.101563 7.20008E-11
-0.00234375 0.0390625 7.1987E-11
0.00046875 0.0078125 7.27915E-11
-0.00328125 0.0546875 7.2632E-11
-0.00046875 0.0078125 7.22101E-11
0.00140625 0.0234375 7.3136E-11
0.00421875 0.0703125 7.213E-11
-0.00796875 0.132812 7.094E-11
0.00890625 0.148438 7.10265E-11
-0.0117188 0.195312 7.27797E-11
-0.00328125 0.0546875 7.27102E-11
-0.00046875 0.0078125 7.27964E-11
0.00984375 0.164062 7.18776E-11
0.0164062 0.273437 7.19036E-11
0.00140625 0.0234375 7.12642E-11
-0.00984375 0.164062 7.13431E-11
-0.0107812 0.179688 7.13677E-11
0.00046875 0.0078125 7.24836E-11
-0.00515625 0.0859375 7.22415E-11
0.00890625 0.148438 7.1835E-11
-0.00890625 0.148438 7.35992E-11
0.00703125 0.117188 7.23278E-11
-0.00890625 0.148438 7.34454E-11
-0.00703125 0.117188 7.3184E-11
-0.00421875 0.0703125 7.3692E-11
0.00234375 0.0390625 7.29673E-11
0.0192187 0.320312 7.19468E-11
0.0145312 0.242188 7.24191E-11
0.00046875 0.0078125 7.13606E-11
0.00140625 0.0234375 7.36588E-11
-0.00609375 0.101563 7.20324E-11
0.0117188 0.195312 7.19032E-11
0.0192187 0.320312 7.19705E-11
0.00609375 0.101563 7.09262E-11
-0.0126562 0.210938 7.23131E-11
0.0145312 0.242188 7.13619E-11
-0.0135937 0.226562 7.2806E-11
0.0210937 0.351562 7.00862E-11
0.00046875 0.0078125 7.12041E-11
0.0135937 0.226562 7.30145E-11
-0.00890625 0.148438 7.23557E-11
0.00140625 0.0234375 7.15177E-11
-0.00796875 0.132812 7.01689E-11
0.00703125 0.117188 7.30622E-11
0.00515625 0.0859375 7.09587E-11
0.0314062 0.523438 7.21728E-11
0.00328125 0.0546875 7.1332E-11
-0.00140625 0.0234375 7.26871E-11
0.0117188 0.195312 7.13206E-11
0.00234375 0.0390625 7.24073E-11
0.0267187 0.445312 7.07777E-11
0.0173437 0.289062 7.10566E-11
-0.0229688 0.382813 7.2004E-11
-0.00796875 0.132812 7.26961E-11
-0.0182812 0.304688 7.30233E-11
0.00421875 0.0703125 7.2251E-11
-0.00140625 0.0234375 7.20582E-11
-0.00515625 0.0859375 7.20705E-11
0.00890625 0.148438 7.12488E-11
-0.0126562 0.210938 7.28396E-11
0.00234375 0.0390625 7.29495E-11
0.00234375 0.0390625 7.10125E-11
-0.00609375 0.101563 7.30765E-11
-0.00984375 0.164062 7.12842E-11
-0.0126562 0.210938 7.05275E-11
-0.00984375 0.164062 7.20793E-11
0.00890625 0.148438 7.12692E-11
-0.00984375 0.164062 7.29647E-11
0.0154687 0.257812 7.18009E-11
0.00328125 0.0546875 7.14067E-11
-0.00703125 0.117188 7.13621E-11
0.00890625 0.148438 7.23462E-11
-0.0126562 0.210938 7.28714E-11
-0.00046875 0.0078125 7.31197E-11
-0.00890625 0.148438 7.18857E-11
0.00234375 0.0390625 7.32754E-11
-0.00328125 0.0546875 7.35178E-11
0.00984375 0.164062 7.28022E-11
0.0107812 0.179688 7.29123E-11
-0.00609375 0.101563 7.25384E-11
-0.0154687 0.257812 7.29306E-11
0.00796875 0.132812 7.13466E-11
-0.0173437 0.289062 7.34216E-11
0.00984375 0.164062 7.13962E-11
0.0107812 0.179688 7.25992E-11
0.00515625 0.0859375 7.30191E-11
-0.00703125 0.117188 7.0638E-11
0.00328125 0.0546875 7.33941E-11
-0.00703125 0.117188 7.28938E-11
-0.00796875 0.132812 7.28489E-11
0.00421875 0.0703125 7.37091E-11
-0.0173437 0.289062 7.1911E-11
-0.00046875 0.0078125 7.28516E-11
0.0126562 0.210938 7.24244E-11
0.00234375 0.0390625 7.34342E-11
-0.0229688 0.382813 7.37869E-11
0.0239062 0.398437 7.21215E-11
0.00421875 0.0703125 7.23956E-11
0.0154687 0.257812 7.19395E-11
0.00046875 0.0078125 7.24549E-11
-0.0107812 0.179688 7.19947E-11
-0.00328125 0.0546875 7.28091E-11
-0.00609375 0.101563 7.09421E-11
0.0126562 0.210938 7.12181E-11
-0.00796875 0.132812 7.09046E-11
0.00515625 0.0859375 7.12286E-11
-0.0107812 0.179688 7.37711E-11
-0.0220313 0.367188 7.29637E-11
0.0210937 0.351562 7.27556E-11
-0.00421875 0.0703125 7.1229E-11
0.0182812 0.304688 7.19614E-11
0.00046875 0.0078125 7.03343E-11
-0.00046875 0.0078125 7.26759E-11
0.00703125 0.117188 7.1315E-11
0.0145312 0.242188 7.2594E-11
0.00796875 0.132812 7.26197E-11
-0.00609375 0.101563 7.14796E-11
0.00609375 0.101563 7.08003E-11
0.00984375 0.164062 7.27457E-11
-0.0145312 0.242188 7.14373E-11
-0.0107812 0.179688 7.19687E-11
0.00234375 0.0390625 7.13858E-11
0.00703125 0.117188 7.25161E-11
0.0220313 0.367188 7.19706E-11
0.00421875 0.0703125 7.16816E-11
0.0145312 0.242188 7.119E-11
-0.00046875 0.0078125 7.1985E-11
0.00796875 0.132812 7.28104E-11
-0.00421875 0.0703125 7.18644E-11
0.0126562 0.210938 7.07605E-11
-0.00890625 0.148438 7.29355E-11
-0.0117188 0.195312 7.19173E-11
0.00046875 0.0078125 7.16869E-11
-0.00046875 0.0078125 7.39387E-11
0.00328125 0.0546875 7.26177E-11
0.00703125 0.117188 7.07556E-11
-0.00421875 0.0703125 7.08415E-11
0.0182812 0.304688 7.34838E-11
0.00703125 0.117188 7.20614E-11
0.0135937 0.226562 7.17179E-11
0.00421875 0.0703125 7.205E-11
0.0257812 0.429688 7.14018E-11
-0.00703125 0.117188 7.20489E-11
0.0107812 0.179688 7.21811E-11
0.00796875 0.132812 7.31483E-11
-0.00421875 0.0703125 7.26943E-11
0.00421875 0.0703125 7.22218E-11
-0.0154687 0.257812 7.18014E-11
-0.00984375 0.164062 7.34661E-11
-0.00890625 0.148438 7.24622E-11
-0.00890625 0.148438 7.30218E-11
-0.00046875 0.0078125 7.3405E-11
-0.00515625 0.0859375 7.19555E-11
0.00234375 0.0390625 7.18338E-11
0.00703125 0.117188 7.24258E-11
0.00890625 0.148438 7.26623E-11
-0.0135937 0.226562 7.2504E-11
0.00609375 0.101563 7.30718E-11
-0.0117188 0.195312 7.33704E-11
-0.0135937 0.226562 7.24978E-11
-0.0257812 0.429688 7.30718E-11
-0.00421875 0.0703125 7.23861E-11
0.00984375 0.164062 7.10173E-11
-0.00328125 0.0546875 7.39255E-11
0.00421875 0.0703125 7.29839E-11
-0.0182812 0.304688 7.25355E-11
-0.0173437 0.289062 7.26649E-11
0.00234375 0.0390625 7.28943E-11
0.00703125 0.117188 7.1313E-11
0.00328125 0.0546875 7.23129E-11
0.0154687 0.257812 7.32197E-11
0.00234375 0.0390625 7.19655E-11
-0.00984375 0.164062 7.30257E-11
-0.00984375 0.164062 7.18298E-11
0.00703125 0.117188 7.35252E-11
-0.00609375 0.101563 7.34828E-11
0.00234375 0.0390625 7.16574E-11
0.0164062 0.273437 7.25317E-11
0.0107812 0.179688 7.163E-11
-0.0135937 0.226562 7.29948E-11
-0.00421875 0.0703125 7.25617E-11
0.0173437 0.289062 7.21215E-11
-0.0164062 0.273437 7.23215E-11
-0.0239062 0.398437 7.40593E-11
-0.00796875 0.132812 7.24468E-11
0.0154687 0.257812 7.26633E-11
-0.0173437 0.289062 7.29725E-11
0.00890625 0.148438 7.32191E-11
0.00234375 0.0390625 7.2542E-11
-0.00328125 0.0546875 7.12904E-11
0.0210937 0.351562 7.12342E-11
-0.00234375 0.0390625 7.25845E-11
-0.00421875 0.0703125 7.30624E-11
-0.00328125 0.0546875 7.35432E-11
0.00703125 0.117188 7.19067E-11
0.0173437 0.289062 7.19523E-11
0.00046875 0.0078125 7.32275E-11
-0.0107812 0.179688 7.33569E-11
0.00328125 0.0546875 7.28979E-11
0.0192187 0.320312 7.25734E-11
-0.00046875 0.0078125 7.26107E-11
-0.0145312 0.242188 7.11825E-11
0.00234375 0.0390625 7.30121E-11
0.00140625 0.0234375 7.20674E-11
-0.00890625 0.148438 7.37794E-11
-0.0164062 0.273437 7.31714E-11
-0.00984375 0.164062 7.20164E-11
0.00890625 0.148438 7.10683E-11
-0.00046875 0.0078125 7.23052E-11
-0.00984375 0.164062 7.25273E-11
0.00140625 0.0234375 7.1456E-11
-0.0107812 0.179688 7.2508E-11
-0.0145312 0.242188 7.34322E-11
-0.00421875 0.0703125 7.23256E-11
0.00421875 0.0703125 7.2381E-11
-0.00609375 0.101563 7.08589E-11
0.0145312 0.242188 7.14454E-11
0.00890625 0.148438 7.19085E-11
0.0145312 0.242188 7.32931E-11
-0.00421875 0.0703125 7.21181E-11
-0.00515625 0.0859375 7.31112E-11
-0.00890625 0.148438 7.30399E-11
0.00796875 0.132812 7.03174E-11
0.00234375 0.0390625 7.19374E-11
-0.00328125 0.0546875 7.27425E-11
0.00328125 0.0546875 7.17458E-11
-0.00796875 0.132812 7.22042E-11
-0.0126562 0.210938 7.156E-11
0.00421875 0.0703125 7.3672E-11
0.0117188 0.195312 7.33824E-11
0.00328125 0.0546875 7.16202E-11
0.00421875 0.0703125 7.37082E-11
-0.00609375 0.101563 7.25634E-11
-0.0126562 0.210938 7.18137E-11
0.00234375 0.0390625 7.34728E-11
0.00890625 0.148438 7.26128E-11
-0.0229688 0.382813 7.10481E-11
-0.0126562 0.210938 7.27833E-11
-0.0107812 0.179688 7.12747E-11
-0.0248437 0.414062 7.17421E-11
0.00046875 0.0078125 7.10461E-11
-0.0107812 0.179688 7.34279E-11
0.00328125 0.0546875 7.0357E-11
-0.00140625 0.0234375 7.12637E-11
-0.00234375 0.0390625 7.31587E-11
0.0182812 0.304688 7.08782E-11
-0.00984375 0.164062 7.2745E-11
0.0145312 0.242188 7.21707E-11
0.00609375 0.101563 7.36894E-11
-0.00796875 0.132812 7.30885E-11
0.0126562 0.210938 7.21135E-11
-0.00984375 0.164062 7.13324E-11
0.00515625 0.0859375 7.16781E-11
-0.00515625 0.0859375 7.12115E-11
0.00421875 0.0703125 7.23347E-11
0.00515625 0.0859375 7.25735E-11
-0.0220313 0.367188 7.31371E-11
-0.00421875 0.0703125 7.24644E-11
-0.00328125 0.0546875 7.277E-11
-0.00421875 0.0703125 7.24718E-11
0.00890625 0.148438 7.22623E-11
0.00890625 0.148438 7.23869E-11
0.00421875 0.0703125 7.21673E-11
-0.00328125 0.0546875 7.30982E-11
0.0145312 0.242188 7.36925E-11
0.00515625 0.0859375 7.2036E-11
0.00046875 0.0078125 7.29105E-11
0.00328125 0.0546875 7.20085E-11
0.0126562 0.210938 7.115E-11
0.0173437 0.289062 7.20788E-11
0.00328125 0.0546875 7.32968E-11
0.00515625 0.0859375 7.30994E-11
0.0304687 0.507812 7.18581E-11
-0.0201563 0.335938 7.31211E-11
0.00609375 0.101563 7.25946E-11
-0.00234375 0.0390625 7.18579E-11
-0.00609375 0.101563 7.29954E-11
-0.00234375 0.0390625 7.3405E-11
-0.00515625 0.0859375 7.08789E-11
-0.00609375 0.101563 7.18213E-11
0.00890625 0.148438 7.23354E-11
0.0192187 0.320312 7.13606E-11
0.0248437 0.414062 7.11284E-11
-0.00140625 0.0234375 7.08521E-11
0.0135937 0.226562 7.1261E-11
0.00328125 0.0546875 7.30167E-11
0.00703125 0.117188 7.12742E-11
-0.00140625 0.0234375 7.40463E-11
-0.0154687 0.257812 7.35461E-11
0.0248437 0.414062 7.18565E-11
-0.00703125 0.117188 7.34238E-11
-0.00609375 0.101563 7.06501E-11
-0.0173437 0.289062 7.2686E-11
-0.00703125 0.117188 7.10322E-11
0.00046875 0.0078125 7.22729E-11
0.00609375 0.101563 7.22794E-11
0.00796875 0.132812 7.23475E-11
0.00328125 0.0546875 7.27902E-11
0.00421875 0.0703125 7.11265E-11
-0.00140625 0.0234375 7.09149E-11
0.0107812 0.179688 7.2283E-11
-0.00234375 0.0390625 7.10841E-11
0.0257812 0.429688 7.10815E-11
-0.00046875 0.0078125 7.01266E-11
-0.00328125 0.0546875 7.17765E-11
0.00703125 0.117188 7.31017E-11
0.00515625 0.0859375 7.28381E-11
0.00890625 0.148438 7.07506E-11
0.00140625 0.0234375 7.3015E-11
0.0117188 0.195312 7.27279E-11
0.00984375 0.164062 7.1119E-11
0.00984375 0.164062 7.13129E-11
0.0126562 0.210938 7.35633E-11
-0.00140625 0.0234375 7.33019E-11
-0.00421875 0.0703125 7.24692E-11
0.00140625 0.0234375 7.14116E-11
0.0126562 0.210938 7.30308E-11
-0.00234375 0.0390625 7.28273E-11
0.00234375 0.0390625 7.29611E-11
0.00703125 0.117188 7.24014E-11
0.0126562 0.210938 7.12776E-11
-0.00328125 0.0546875 7.09155E-11
-0.00515625 0.0859375 7.27559E-11
-0.0192187 0.320312 7.39802E-11
0.00140625 0.0234375 7.10096E-11
0.0154687 0.257812 7.10958E-11
0.00328125 0.0546875 7.30564E-11
-0.0239062 0.398437 7.2469E-11
0.00703125 0.117188 7.34827E-11
0.0182812 0.304688 7.20606E-11
0.00796875 0.132812 7.2696E-11
0.0145312 0.242188 7.28917E-11
-0.00140625 0.0234375 7.32072E-11
0.00609375 0.101563 7.26835E-11
0.0201563 0.335938 7.18447E-11
-0.0107812 0.179688 7.1888E-11
-0.00328125 0.0546875 7.30185E-11
0.0192187 0.320312 7.10216E-11
0.00609375 0.101563 7.2295E-11
0.00328125 0.0546875 7.06145E-11
-0.0154687 0.257812 7.32197E-11
-0.0107812 0.179688 7.24517E-11
-0.00140625 0.0234375 7.19607E-11
0.0126562 0.210938 7.20598E-11
0.00328125 0.0546875 7.23135E-11
0.0276563 0.460938 7.17565E-11
0.0126562 0.210938 7.14393E-11
-0.00046875 0.0078125 7.29088E-11
-0.00234375 0.0390625 7.11154E-11
