-0.00515625 0.0859375 6.92446E-11
0.00796875 0.132812 6.99049E-11
0.00046875 0.0078125 6.9836E-11
0.00703125 0.117188 6.99292E-11
0.0107812 0.179688 7.05191E-11
0.0107812 0.179688 6.89159E-11
-0.00703125 0.117188 6.91608E-11
-0.0126562 0.210938 6.93925E-11
-0.00796875 0.132812 6.98116E-11
-0.00421875 0.0703125 6.99891E-11
-0.00234375 0.0390625 7.0924E-11
-0.0145312 0.242188 6.96993E-11
-0.00796875 0.132812 7.00319E-11
-0.00234375 0.0390625 6.938E-11
0.00328125 0.0546875 6.80036E-11
-0.0257812 0.429688 6.93937E-11
-0.0126562 0.210938 6.93371E-11
0.00328125 0.0546875 6.99225E-11
0.00234375 0.0390625 6.97981E-11
-0.0126562 0.210938 6.93041E-11
-0.00515625 0.0859375 6.97123E-11
0.00515625 0.0859375 6.9598E-11
0.0164062 0.273437 6.96418E-11
0.0154687 0.257812 7.00611E-11
0.0220313 0.367188 6.95053E-11
0.0351562 0.585938 6.8713E-11
0.0173437 0.289062 6.88694E-11
-0.0276563 0.460938 7.04437E-11
-0.0342187 0.570312 6.94317E-11
0.0210937 0.351562 7.06953E-11
0.0164062 0.273437 6.96369E-11
-0.00046875 0.0078125 6.98435E-11
0.00328125 0.0546875 6.98341E-11
0.00421875 0.0703125 6.98718E-11
-0.0154687 0.257812 6.9457E-11
0.0135937 0.226562 6.98067E-11
0.0285937 0.476562 6.98021E-11
-0.0276563 0.460938 6.94702E-11
0.0164062 0.273437 6.89762E-11
-0.0107812 0.179688 7.01834E-11
-0.00234375 0.0390625 6.90091E-11
0.00140625 0.0234375 6.9631E-11
-0.0229688 0.382813 7.11698E-11
-0.0173437 0.289062 7.04358E-11
-0.0126562 0.210938 6.8463E-11
0.00328125 0.0546875 7.02655E-11
-0.00046875 0.0078125 6.98889E-11
-0.00890625 0.148438 6.90363E-11
-0.0285937 0.476562 7.10661E-11
-0.0154687 0.257812 6.81454E-11
0.00328125 0.0546875 6.97254E-11
0.0154687 0.257812 6.89072E-11
0.00140625 0.0234375 6.94946E-11
-0.00328125 0.0546875 6.91594E-11
0.00234375 0.0390625 6.98669E-11
-0.0398437 0.664062 7.15457E-11
-0.0107812 0.179688 7.1185E-11
0.00234375 0.0390625 6.90668E-11
0.00796875 0.132812 6.93017E-11
-0.0145312 0.242188 6.96963E-11
-0.00140625 0.0234375 7.02881E-11
0.00515625 0.0859375 7.09963E-11
0.00421875 0.0703125 6.89672E-11
0.00609375 0.101563 6.84317E-11
-0.00796875 0.132812 6.98429E-11
0.0117188 0.195312 6.97511E-11
0.00515625 0.0859375 6.97729E-11
0.00421875 0.0703125 6.9708E-11
0.0126562 0.210938 6.96763E-11
0.0117188 0.195312 6.92873E-11
0.00609375 0.101563 7.02415E-11
-0.00328125 0.0546875 6.88411E-11
0.00890625 0.148438 6.97472E-11
-0.00890625 0.148438 6.86616E-11
-0.00609375 0.101563 6.85968E-11
-0.00046875 0.0078125 6.97334E-11
0.00328125 0.0546875 7.09372E-11
-0.0182812 0.304688 6.92758E-11
-0.00328125 0.0546875 6.95942E-11
0.00515625 0.0859375 6.94337E-11
0.00234375 0.0390625 7.00733E-11
0.00421875 0.0703125 6.98299E-11
-0.00234375 0.0390625 6.99257E-11
0.0173437 0.289062 6.96148E-11
0.0107812 0.179688 6.95131E-11
-0.00046875 0.0078125 6.91649E-11
-0.00796875 0.132812 6.93912E-11
-0.0192187 0.320312 6.97174E-11
-0.00609375 0.101563 7.05061E-11
-0.0145312 0.242188 6.87069E-11
0.00515625 0.0859375 6.95821E-11
-0.00328125 0.0546875 6.95321E-11
0.00046875 0.0078125 6.90332E-11
-0.00796875 0.132812 7.12051E-11
-0.0164062 0.273437 7.13345E-11
0.00140625 0.0234375 6.94079E-11
-0.00328125 0.0546875 6.8911E-11
0.00609375 0.101563 6.97605E-11
-0.00046875 0.0078125 6.98783E-11
-0.00421875 0.0703125 6.8478E-11
0.0201563 0.335938 6.97086E-11
-0.00140625 0.0234375 7.02773E-11
-0.00796875 0.132812 6.8348E-11
0.0229688 0.382813 6.96102E-11
0.00328125 0.0546875 6.97718E-11
-0.00703125 0.117188 6.9326E-11
0.00890625 0.148438 6.98622E-11
0.0323438 0.539063 6.95365E-11
-0.00046875 0.0078125 6.91176E-11
-0.00703125 0.117188 6.94222E-11
-0.0135937 0.226562 6.83881E-11
-0.00046875 0.0078125 6.70395E-11
-0.00703125 0.117188 6.95167E-11
-0.0164062 0.273437 7.01174E-11
0.00046875 0.0078125 6.96677E-11
-0.0145312 0.242188 6.89049E-11
0.00890625 0.148438 6.87908E-11
-0.0126562 0.210938 6.87018E-11
-0.0135937 0.226562 6.83088E-11
0.0173437 0.289062 6.94634E-11
0.00984375 0.164062 6.93707E-11
0.00703125 0.117188 6.98751E-11
-0.00140625 0.0234375 6.94876E-11
0.0145312 0.242188 6.93065E-11
-0.0182812 0.304688 7.02346E-11
0.00140625 0.0234375 6.98754E-11
-0.0220313 0.367188 7.14307E-11
0.00234375 0.0390625 6.94641E-11
0.0117188 0.195312 7.06655E-11
-0.0173437 0.289062 6.93677E-11
-0.0239062 0.398437 7.11868E-11
0.0117188 0.195312 6.93194E-11
-0.0107812 0.179688 6.85242E-11
-0.0154687 0.257812 6.91144E-11
0.0164062 0.273437 6.95215E-11
-0.00046875 0.0078125 6.99643E-11
0.0173437 0.289062 7.0023E-11
-0.00609375 0.101563 6.8872E-11
0.00515625 0.0859375 6.95327E-11
-0.00046875 0.0078125 6.74894E-11
-0.0135937 0.226562 6.99587E-11
0.00703125 0.117188 7.00596E-11
-0.0379687 0.632812 6.96317E-11
-0.0182812 0.304688 6.97259E-11
0.00609375 0.101563 6.94316E-11
-0.00609375 0.101563 7.13846E-11
0.0126562 0.210938 6.98449E-11
-0.00515625 0.0859375 6.87756E-11
0.00703125 0.117188 6.99135E-11
-0.00890625 0.148438 6.97058E-11
0.0117188 0.195312 6.97465E-11
0.0135937 0.226562 6.94511E-11
-0.00140625 0.0234375 6.9898E-11
-0.0239062 0.398437 7.03719E-11
0.0107812 0.179688 7.02493E-11
-0.00046875 0.0078125 7.01958E-11
-0.00421875 0.0703125 7.05816E-11
-0.0135937 0.226562 6.95667E-11
0.00234375 0.0390625 6.9171E-11
-0.00328125 0.0546875 7.01596E-11
0.0239062 0.398437 6.96783E-11
0.00796875 0.132812 7.10515E-11
-0.0201563 0.335938 6.93967E-11
0.0182812 0.304688 7.00062E-11
-0.00609375 0.101563 7.02285E-11
0.00046875 0.0078125 6.89806E-11
0.00515625 0.0859375 6.99305E-11
-0.0267187 0.445312 6.81434E-11
0.0145312 0.242188 6.95481E-11
-0.00421875 0.0703125 6.89788E-11
-0.00046875 0.0078125 6.99538E-11
0.0126562 0.210938 7.01391E-11
-0.00421875 0.0703125 6.90971E-11
0.00609375 0.101563 6.95463E-11
0.00421875 0.0703125 6.95814E-11
0.00796875 0.132812 7.07724E-11
0.00046875 0.0078125 6.99315E-11
-0.0257812 0.429688 7.00021E-11
-0.00421875 0.0703125 7.00441E-11
-0.0107812 0.179688 7.00026E-11
-0.00609375 0.101563 6.94645E-11
-0.00796875 0.132812 6.89923E-11
-0.0145312 0.242188 7.01379E-11
-0.00703125 0.117188 6.87282E-11
0.0117188 0.195312 7.09249E-11
0.00046875 0.0078125 6.98512E-11
-0.0332812 0.554688 7.00202E-11
-0.0135937 0.226562 6.99068E-11
-0.00046875 0.0078125 6.9313E-11
0.00046875 0.0078125 6.92901E-11
-0.0267187 0.445312 6.92884E-11
0.00140625 0.0234375 6.94949E-11
0.0145312 0.242188 6.98284E-11
0.00703125 0.117188 6.96143E-11
0.0182812 0.304688 6.96025E-11
0.0210937 0.351562 6.97811E-11
0.0173437 0.289062 6.98486E-11
0.0154687 0.257812 6.94452E-11
0.00796875 0.132812 6.8982E-11
0.00609375 0.101563 6.99273E-11
0.0248437 0.414062 6.81188E-11
0.0229688 0.382813 6.98593E-11
0.00703125 0.117188 6.96655E-11
-0.00609375 0.101563 6.99832E-11
0.0229688 0.382813 6.9474E-11
0.0210937 0.351562 6.94944E-11
0.0135937 0.226562 6.98329E-11
0.00796875 0.132812 6.94897E-11
-0.0182812 0.304688 7.14286E-11
0.00328125 0.0546875 6.96315E-11
-0.00984375 0.164062 6.8569E-11
-0.00515625 0.0859375 7.00012E-11
-0.00421875 0.0703125 6.80667E-11
0.0107812 0.179688 6.92179E-11
-0.00796875 0.132812 6.96854E-11
-0.00984375 0.164062 7.1204E-11
0.0192187 0.320312 6.83916E-11
-0.00421875 0.0703125 6.99473E-11
0.0154687 0.257812 6.96045E-11
-0.00890625 0.148438 7.00036E-11
-0.0173437 0.289062 6.86147E-11
0.00515625 0.0859375 7.03379E-11
0.0173437 0.289062 6.97482E-11
0.00515625 0.0859375 7.0241E-11
0.0239062 0.398437 6.993E-11
-0.00234375 0.0390625 7.05596E-11
0.0210937 0.351562 6.9326E-11
0.0164062 0.273437 6.96121E-11
-0.00421875 0.0703125 6.9759E-11
0.00984375 0.164062 6.98969E-11
-0.00515625 0.0859375 6.91054E-11
-0.0126562 0.210938 6.9516E-11
0.0117188 0.195312 6.97322E-11
0.00328125 0.0546875 6.96677E-11
0.00234375 0.0390625 7.00715E-11
-0.0107812 0.179688 6.98126E-11
0.00796875 0.132812 7.01252E-11
0.00890625 0.148438 6.95781E-11
0.0145312 0.242188 6.98283E-11
0.0173437 0.289062 7.09107E-11
-0.00703125 0.117188 6.97216E-11
-0.00609375 0.101563 6.9334E-11
0.00515625 0.0859375 6.90724E-11
0.00703125 0.117188 6.84365E-11
-0.0285937 0.476562 6.93431E-11
-0.0210937 0.351562 7.06905E-11
0.00609375 0.101563 6.89097E-11
0.0154687 0.257812 6.93295E-11
-0.00140625 0.0234375 7.07866E-11
0.00890625 0.148438 6.8646E-11
-0.00421875 0.0703125 7.0207E-11
-0.00796875 0.132812 6.95011E-11
0.00046875 0.0078125 7.09034E-11
-0.00984375 0.164062 7.09247E-11
0.0107812 0.179688 6.98839E-11
0.00234375 0.0390625 7.06421E-11
0.0164062 0.273437 6.96812E-11
0.0117188 0.195312 7.10089E-11
-0.00703125 0.117188 6.96493E-11
-0.00796875 0.132812 7.01127E-11
-0.0126562 0.210938 6.95001E-11
-0.0145312 0.242188 6.89675E-11
-0.0145312 0.242188 6.91793E-11
-0.00796875 0.132812 7.01196E-11
0.00234375 0.0390625 6.921E-11
0.0164062 0.273437 6.94696E-11
-0.00796875 0.132812 6.98231E-11
-0.00421875 0.0703125 6.83552E-11
0.00046875 0.0078125 6.96563E-11
0.00609375 0.101563 6.87634E-11
0.00421875 0.0703125 6.97374E-11
-0.0145312 0.242188 6.85047E-11
0.00140625 0.0234375 6.95148E-11
-0.0173437 0.289062 7.08337E-11
-0.00421875 0.0703125 6.99952E-11
-0.00703125 0.117188 7.05408E-11
0.00890625 0.148438 6.81935E-11
-0.00234375 0.0390625 7.12437E-11
0.0201563 0.335938 6.96184E-11
-0.00140625 0.0234375 6.87635E-11
-0.00234375 0.0390625 6.93996E-11
-0.00234375 0.0390625 6.92123E-11
0.00796875 0.132812 6.89844E-11
-0.00328125 0.0546875 7.03393E-11
0.0126562 0.210938 6.99746E-11
0.00984375 0.164062 7.05655E-11
-0.00234375 0.0390625 7.1007E-11
0.00984375 0.164062 6.86245E-11
0.00984375 0.164062 7.01119E-11
-0.00984375 0.164062 6.997E-11
0.0248437 0.414062 6.9831E-11
0.0192187 0.320312 7.03036E-11
0.00984375 0.164062 6.94896E-11
0.00046875 0.0078125 6.92579E-11
0.0107812 0.179688 6.8839E-11
-0.00140625 0.0234375 6.85253E-11
0.00703125 0.117188 6.96933E-11
0.00890625 0.148438 6.88836E-11
-0.00609375 0.101563 6.98385E-11
-0.00046875 0.0078125 6.94413E-11
0.00703125 0.117188 6.82009E-11
0.00421875 0.0703125 6.96415E-11
0.00328125 0.0546875 6.91507E-11
-0.00609375 0.101563 7.03378E-11
0.00703125 0.117188 6.9679E-11
-0.00421875 0.0703125 6.8973E-11
0.00515625 0.0859375 6.96315E-11
0.00515625 0.0859375 6.97778E-11
-0.00609375 0.101563 7.03431E-11
0.0107812 0.179688 6.95124E-11
-0.00328125 0.0546875 7.0082E-11
0.0135937 0.226562 6.99188E-11
-0.00234375 0.0390625 6.91782E-11
0.00609375 0.101563 6.91334E-11
0.00234375 0.0390625 6.96668E-11
-0.00609375 0.101563 6.87849E-11
0.00046875 0.0078125 6.9557E-11
-0.00609375 0.101563 6.80554E-11
-0.00890625 0.148438 6.94242E-11
0.00796875 0.132812 6.91106E-11
-0.0107812 0.179688 6.97697E-11
-0.00421875 0.0703125 6.92527E-11
0.0276563 0.460938 6.95815E-11
-0.00328125 0.0546875 6.85822E-11
0.00328125 0.0546875 6.92975E-11
0.0239062 0.398437 6.8881E-11
-0.0164062 0.273437 6.93566E-11
0.00234375 0.0390625 6.95884E-11
0.0239062 0.398437 6.92689E-11
0.0398437 0.664062 6.91991E-11
-0.00703125 0.117188 7.08084E-11
-0.0117188 0.195312 6.89985E-11
-0.0276563 0.460938 7.00304E-11
0.00046875 0.0078125 7.02015E-11
-0.00140625 0.0234375 6.92762E-11
0.00515625 0.0859375 6.99249E-11
0.0126562 0.210938 6.89636E-11
-0.00703125 0.117188 6.85635E-11
0.00890625 0.148438 7.0313E-11
-0.00515625 0.0859375 6.97966E-11
0.00046875 0.0078125 6.90623E-11
-0.00328125 0.0546875 6.92838E-11
-0.00984375 0.164062 6.77578E-11
-0.00515625 0.0859375 6.99855E-11
0.0182812 0.304688 6.96199E-11
0.00515625 0.0859375 6.94117E-11
0.00515625 0.0859375 7.0557E-11
-0.00234375 0.0390625 6.96383E-11
-0.00046875 0.0078125 6.84468E-11
0.00234375 0.0390625 6.99643E-11
0.00046875 0.0078125 7.00309E-11
-0.00796875 0.132812 6.9821E-11
-0.0164062 0.273437 7.11395E-11
-0.00703125 0.117188 7.05849E-11
0.00515625 0.0859375 6.88507E-11
0.0117188 0.195312 6.97237E-11
0.0107812 0.179688 6.95999E-11
0.0145312 0.242188 6.96707E-11
0.00703125 0.117188 6.89675E-11
-0.00046875 0.0078125 6.92859E-11
0.00046875 0.0078125 6.91502E-11
0.0173437 0.289062 6.97121E-11
-0.0154687 0.257812 6.89408E-11
-0.00890625 0.148438 6.92541E-11
-0.0117188 0.195312 6.9892E-11
0.0285937 0.476562 6.93587E-11
0.00328125 0.0546875 6.98136E-11
0.00984375 0.164062 6.88249E-11
0.0220313 0.367188 6.96258E-11
0.00890625 0.148438 6.96749E-11
0.0145312 0.242188 6.93107E-11
0.00046875 0.0078125 6.90898E-11
-0.00515625 0.0859375 6.97111E-11
0.0135937 0.226562 7.04754E-11
-0.00890625 0.148438 6.96349E-11
-0.00796875 0.132812 6.95054E-11
-0.00046875 0.0078125 7.09195E-11
-0.00140625 0.0234375 7.09522E-11
-0.0117188 0.195312 6.92105E-11
-0.0145312 0.242188 6.95637E-11
-0.0145312 0.242188 6.99358E-11
0.0135937 0.226562 6.98842E-11
-0.0173437 0.289062 6.95381E-11
-0.00421875 0.0703125 6.73465E-11
0.00234375 0.0390625 7.05158E-11
0.00140625 0.0234375 7.07712E-11
0.0126562 0.210938 6.96908E-11
0.0154687 0.257812 7.00661E-11
0.00234375 0.0390625 6.96968E-11
0.00421875 0.0703125 7.01576E-11
-0.00609375 0.101563 7.15003E-11
0.0192187 0.320312 6.97674E-11
0.0126562 0.210938 6.90241E-11
-0.0154687 0.257812 6.99563E-11
0.00890625 0.148438 7.07805E-11
-0.00609375 0.101563 6.84021E-11
-0.00140625 0.0234375 6.93167E-11
0.0192187 0.320312 6.89768E-11
-0.00796875 0.132812 6.94742E-11
-0.00796875 0.132812 6.96962E-11
0.00890625 0.148438 6.83586E-11
-0.0173437 0.289062 7.0006E-11
0.0117188 0.195312 6.97295E-11
-0.00046875 0.0078125 6.9724E-11
-0.00609375 0.101563 6.97387E-11
0.00515625 0.0859375 6.89083E-11
0.0126562 0.210938 6.9859E-11
-0.0173437 0.289062 7.00974E-11
-0.00515625 0.0859375 6.94733E-11
0.0135937 0.226562 6.96474E-11
0.00421875 0.0703125 6.97593E-11
-0.00984375 0.164062 7.01675E-11
0.00140625 0.0234375 6.87851E-11
0.0220313 0.367188 6.93021E-11
-0.0164062 0.273437 6.94442E-11
0.00421875 0.0703125 6.86114E-11
-0.00890625 0.148438 6.94637E-11
0.00140625 0.0234375 6.97728E-11
-0.00609375 0.101563 7.08369E-11
0.0107812 0.179688 6.94733E-11
0.0164062 0.273437 7.12304E-11
-0.0154687 0.257812 6.84373E-11
-0.0126562 0.210938 6.88465E-11
0.00234375 0.0390625 7.00914E-11
0.0257812 0.429688 6.80019E-11
-0.00140625 0.0234375 6.90435E-11
0.00234375 0.0390625 6.87261E-11
-0.00421875 0.0703125 7.00517E-11
0.0107812 0.179688 6.79391E-11
-0.0173437 0.289062 6.9061E-11
-0.00796875 0.132812 6.84833E-11
0.0154687 0.257812 6.90497E-11
0.0154687 0.257812 6.96012E-11
-0.00796875 0.132812 6.98699E-11
0.0229688 0.382813 6.89511E-11
-0.0126562 0.210938 7.07801E-11
-0.00515625 0.0859375 6.93759E-11
0.00703125 0.117188 7.00658E-11
-0.00234375 0.0390625 6.97595E-11
0.00796875 0.132812 7.03414E-11
-0.0126562 0.210938 6.93923E-11
0.00890625 0.148438 7.04067E-11
0.00515625 0.0859375 6.85175E-11
-0.00234375 0.0390625 6.98546E-11
0.00421875 0.0703125 6.8874E-11
-0.00890625 0.148438 6.94944E-11
0.00421875 0.0703125 6.9093E-11
-0.00703125 0.117188 6.91498E-11
0.00890625 0.148438 6.94908E-11
-0.00890625 0.148438 6.86894E-11
-0.00703125 0.117188 6.97681E-11
-0.0126562 0.210938 7.09565E-11
-0.00140625 0.0234375 6.90993E-11
-0.00234375 0.0390625 7.02051E-11
-0.00703125 0.117188 6.93393E-11
0.0323438 0.539063 6.88983E-11
-0.0173437 0.289062 7.0526E-11
0.00046875 0.0078125 7.09618E-11
0.00515625 0.0859375 6.9734E-11
0.0107812 0.179688 6.90812E-11
0.0117188 0.195312 6.96419E-11
-0.0164062 0.273437 7.13372E-11
-0.00515625 0.0859375 6.84963E-11
-0.00515625 0.0859375 6.98783E-11
0.0117188 0.195312 6.99109E-11
-0.00421875 0.0703125 6.9231E-11
-0.00890625 0.148438 6.92357E-11
-0.00515625 0.0859375 6.90496E-11
-0.0154687 0.257812 7.04549E-11
0.00140625 0.0234375 7.01732E-11
0.00609375 0.101563 6.98445E-11
-0.00046875 0.0078125 6.98763E-11
0.0135937 0.226562 7.00945E-11
-0.00796875 0.132812 6.95757E-11
-0.00515625 0.0859375 6.9838E-11
-0.0107812 0.179688 6.92491E-11
-0.00609375 0.101563 7.08059E-11
-0.00890625 0.148438 6.89971E-11
0.00515625 0.0859375 6.9611E-11
-0.00421875 0.0703125 6.94382E-11
0.0126562 0.210938 6.88068E-11
0.00703125 0.117188 6.98692E-11
-0.0351562 0.585938 6.87833E-11
-0.0314062 0.523438 6.93326E-11
0.00234375 0.0390625 6.99044E-11
-0.0107812 0.179688 6.95239E-11
0.0257812 0.429688 7.07147E-11
-0.00703125 0.117188 7.10968E-11
-0.0107812 0.179688 6.92868E-11
-0.0126562 0.210938 6.81339E-11
0.00984375 0.164062 6.98975E-11
-0.0220313 0.367188 6.97499E-11
0.00984375 0.164062 7.17443E-11
0.0145312 0.242188 6.86962E-11
0.00421875 0.0703125 6.99119E-11
-0.00515625 0.0859375 6.91879E-11
-0.0145312 0.242188 7.07276E-11
0.00421875 0.0703125 6.94818E-11
0.00984375 0.164062 6.90896E-11
-0.00140625 0.0234375 6.989E-11
