0.00421875 0.0703125 8.15301E-11
-0.00421875 0.0703125 8.14979E-11
0.00609375 0.101563 8.3843E-11
-0.0145312 0.242188 8.34982E-11
-0.00328125 0.0546875 8.26677E-11
0.0135937 0.226562 8.3251E-11
-0.00234375 0.0390625 8.24981E-11
0.0210937 0.351562 8.29988E-11
-0.0135937 0.226562 8.41321E-11
-0.00328125 0.0546875 8.31174E-11
-0.0201563 0.335938 8.28782E-11
0.00234375 0.0390625 8.28586E-11
-0.0117188 0.195312 8.2254E-11
0.00984375 0.164062 8.25136E-11
-0.00234375 0.0390625 8.33902E-11
0.00046875 0.0078125 8.17571E-11
0.00515625 0.0859375 8.27678E-11
0.00984375 0.164062 8.13359E-11
-0.0201563 0.335938 8.34556E-11
0.00796875 0.132812 8.20697E-11
0.00046875 0.0078125 8.29415E-11
-0.00515625 0.0859375 8.32786E-11
0.00234375 0.0390625 8.10224E-11
-0.00515625 0.0859375 8.30812E-11
-0.00140625 0.0234375 8.31679E-11
-0.00140625 0.0234375 8.31599E-11
0.00984375 0.164062 8.08602E-11
-0.0145312 0.242188 8.12253E-11
0.00515625 0.0859375 8.35393E-11
-0.00890625 0.148438 8.21548E-11
0.00703125 0.117188 8.12335E-11
-0.00328125 0.0546875 8.3443E-11
-0.00234375 0.0390625 8.40304E-11
0.0164062 0.273437 8.31329E-11
0.00796875 0.132812 8.29845E-11
0.00609375 0.101563 8.40203E-11
0.0117188 0.195312 8.22305E-11
-0.00328125 0.0546875 8.32793E-11
-0.0342187 0.570312 8.2577E-11
0.00796875 0.132812 8.17876E-11
-0.0126562 0.210938 8.34916E-11
-0.0117188 0.195312 8.30281E-11
-0.00046875 0.0078125 8.28661E-11
-0.00234375 0.0390625 8.31113E-11
0.0107812 0.179688 8.36711E-11
0.00140625 0.0234375 8.34478E-11
0.00609375 0.101563 8.17141E-11
-0.00234375 0.0390625 8.26894E-11
-0.00515625 0.0859375 8.36691E-11
0.0145312 0.242188 8.06431E-11
0.00328125 0.0546875 8.2077E-11
-0.00046875 0.0078125 8.19659E-11
-0.00140625 0.0234375 8.35952E-11
0.00796875 0.132812 8.22558E-11
0.0154687 0.257812 8.13625E-11
-0.00046875 0.0078125 8.27455E-11
-0.00140625 0.0234375 8.28584E-11
-0.0192187 0.320312 8.36107E-11
-0.0154687 0.257812 8.29485E-11
0.00890625 0.148438 8.31094E-11
-0.0126562 0.210938 8.4018E-11
-0.00140625 0.0234375 8.32876E-11
0.00515625 0.0859375 8.2562E-11
-0.00609375 0.101563 8.22331E-11
-0.00703125 0.117188 8.16156E-11
0.00328125 0.0546875 8.23399E-11
0.00234375 0.0390625 8.40468E-11
-0.00515625 0.0859375 8.16817E-11
0.00984375 0.164062 8.1163E-11
0.00328125 0.0546875 8.03809E-11
-0.00046875 0.0078125 8.03927E-11
0.0154687 0.257812 8.25683E-11
0.00046875 0.0078125 8.22633E-11
0.00515625 0.0859375 8.27106E-11
-0.00703125 0.117188 8.37138E-11
0.0182812 0.304688 8.15011E-11
-0.0248437 0.414062 8.29188E-11
-0.0164062 0.273437 8.26736E-11
0.0145312 0.242188 8.31632E-11
0.00140625 0.0234375 8.27856E-11
-0.00140625 0.0234375 8.18946E-11
0.00515625 0.0859375 8.30539E-11
-0.0135937 0.226562 8.31133E-11
-0.00140625 0.0234375 8.33069E-11
0.00515625 0.0859375 8.25604E-11
-0.00703125 0.117188 8.24752E-11
0.00328125 0.0546875 8.23447E-11
0.00234375 0.0390625 8.15268E-11
-0.00328125 0.0546875 8.30742E-11
0.00234375 0.0390625 8.30848E-11
0.00796875 0.132812 8.24233E-11
0.00890625 0.148438 8.02769E-11
0.0126562 0.210938 8.29496E-11
0.0173437 0.289062 8.17667E-11
-0.0126562 0.210938 8.251E-11
-0.00984375 0.164062 8.38002E-11
-0.0107812 0.179688 8.2443E-11
-0.00140625 0.0234375 8.26961E-11
0.0107812 0.179688 8.25648E-11
-0.00046875 0.0078125 8.37579E-11
0.00140625 0.0234375 8.24104E-11
-0.00796875 0.132812 8.36697E-11
-0.00796875 0.132812 8.37349E-11
0.00703125 0.117188 8.22704E-11
-0.00328125 0.0546875 8.28619E-11
-0.0126562 0.210938 8.28006E-11
0.0107812 0.179688 8.28858E-11
0.00515625 0.0859375 8.21308E-11
-0.00515625 0.0859375 8.33248E-11
0.0126562 0.210938 8.23287E-11
-0.00140625 0.0234375 8.35815E-11
0.00609375 0.101563 8.1593E-11
0.00140625 0.0234375 8.41929E-11
-0.0126562 0.210938 8.28269E-11
0.00890625 0.148438 8.33965E-11
-0.00984375 0.164062 8.38013E-11
0.00609375 0.101563 8.2821E-11
-0.0135937 0.226562 8.38183E-11
0.00421875 0.0703125 8.39237E-11
-0.00234375 0.0390625 8.34592E-11
0.00140625 0.0234375 8.29491E-11
-0.00421875 0.0703125 8.36879E-11
-0.00515625 0.0859375 8.31049E-11
0.0248437 0.414062 8.38802E-11
0.0117188 0.195312 8.35357E-11
0.00046875 0.0078125 8.0902E-11
0.00421875 0.0703125 8.39597E-11
-0.00984375 0.164062 8.0714E-11
0.00609375 0.101563 8.27403E-11
0.00984375 0.164062 8.24888E-11
0.0248437 0.414062 8.26261E-11
0.00609375 0.101563 8.30451E-11
-0.00234375 0.0390625 8.3698E-11
-0.0145312 0.242188 8.37968E-11
-0.0126562 0.210938 8.30315E-11
0.0164062 0.273437 8.3095E-11
0.0107812 0.179688 8.24204E-11
0.00328125 0.0546875 8.42258E-11
-0.00328125 0.0546875 8.25627E-11
0.00515625 0.0859375 8.26022E-11
0.00703125 0.117188 8.25527E-11
-0.0126562 0.210938 8.23393E-11
0.00609375 0.101563 8.25755E-11
0.00421875 0.0703125 8.33621E-11
-0.00890625 0.148438 8.33408E-11
-0.0229688 0.382813 8.23137E-11
-0.00515625 0.0859375 8.04924E-11
-0.00703125 0.117188 8.16335E-11
-0.00234375 0.0390625 8.17527E-11
0.00328125 0.0546875 8.23778E-11
0.00421875 0.0703125 8.2184E-11
0.00703125 0.117188 8.18933E-11
0.00421875 0.0703125 8.06189E-11
0.00703125 0.117188 8.17978E-11
-0.00234375 0.0390625 8.26126E-11
0.0192187 0.320312 8.35752E-11
-0.00328125 0.0546875 8.18203E-11
0.0107812 0.179688 8.3486E-11
-0.00703125 0.117188 8.30526E-11
0.0173437 0.289062 8.37758E-11
-0.00234375 0.0390625 8.25289E-11
0.0126562 0.210938 8.27456E-11
-0.00234375 0.0390625 8.36789E-11
0.00703125 0.117188 8.24738E-11
-0.00515625 0.0859375 8.15673E-11
-0.0192187 0.320312 8.26122E-11
-0.00046875 0.0078125 8.26918E-11
0.00703125 0.117188 8.26706E-11
0.00890625 0.148438 8.27312E-11
0.00703125 0.117188 8.27554E-11
-0.0126562 0.210938 8.16776E-11
-0.00515625 0.0859375 8.38717E-11
-0.00609375 0.101563 8.42013E-11
0.00140625 0.0234375 8.31759E-11
0.00328125 0.0546875 8.2826E-11
-0.00609375 0.101563 8.34225E-11
0.00046875 0.0078125 8.29186E-11
-0.0135937 0.226562 8.29289E-11
-0.0182812 0.304688 8.2838E-11
-0.0135937 0.226562 8.19454E-11
0.00421875 0.0703125 8.2843E-11
-0.0210937 0.351562 8.28126E-11
-0.00328125 0.0546875 8.32276E-11
-0.00703125 0.117188 8.28904E-11
0.0154687 0.257812 8.35511E-11
0.00046875 0.0078125 8.47893E-11
0.0126562 0.210938 8.31463E-11
-0.00890625 0.148438 8.3674E-11
-0.00796875 0.132812 8.25857E-11
-0.00328125 0.0546875 8.34277E-11
0.00703125 0.117188 8.38415E-11
-0.00328125 0.0546875 8.25557E-11
0.00515625 0.0859375 8.06887E-11
-0.00796875 0.132812 8.23383E-11
-0.00796875 0.132812 8.12688E-11
0.00046875 0.0078125 8.31002E-11
-0.00046875 0.0078125 8.27626E-11
0.0145312 0.242188 8.28784E-11
-0.00984375 0.164062 8.28804E-11
0.00140625 0.0234375 8.38344E-11
-0.00890625 0.148438 8.34688E-11
-0.00140625 0.0234375 8.38295E-11
0.00140625 0.0234375 8.32998E-11
-0.00515625 0.0859375 8.3934E-11
0.0135937 0.226562 8.30536E-11
0.0107812 0.179688 8.3673E-11
-0.00421875 0.0703125 8.32054E-11
-0.0145312 0.242188 8.18562E-11
-0.00421875 0.0703125 8.28668E-11
-0.0107812 0.179688 8.078E-11
-0.00703125 0.117188 8.21828E-11
-0.0154687 0.257812 8.15756E-11
0.00234375 0.0390625 8.16682E-11
-0.00796875 0.132812 8.27312E-11
-0.00046875 0.0078125 8.28352E-11
0.0135937 0.226562 8.24528E-11
-0.0154687 0.257812 8.42271E-11
-0.0173437 0.289062 8.24274E-11
-0.00703125 0.117188 8.37943E-11
-0.00234375 0.0390625 8.31335E-11
-0.00609375 0.101563 8.32587E-11
-0.00515625 0.0859375 8.21148E-11
-0.00984375 0.164062 8.17653E-11
0.0126562 0.210938 8.15685E-11
-0.00234375 0.0390625 8.28208E-11
0.0117188 0.195312 8.26715E-11
0.00984375 0.164062 8.2626E-11
0.00796875 0.132812 8.31646E-11
0.00890625 0.148438 8.26355E-11
-0.00515625 0.0859375 8.31353E-11
-0.00421875 0.0703125 8.29562E-11
0.0145312 0.242188 8.08866E-11
0.00234375 0.0390625 8.09223E-11
0.0107812 0.179688 8.28955E-11
-0.0173437 0.289062 8.32806E-11
0.00703125 0.117188 8.24815E-11
-0.0201563 0.335938 8.25464E-11
-0.00984375 0.164062 8.27757E-11
0.00046875 0.0078125 8.36803E-11
0.00703125 0.117188 8.33984E-11
0.0164062 0.273437 8.33563E-11
0.0107812 0.179688 8.25385E-11
0.00046875 0.0078125 8.25775E-11
0.0117188 0.195312 8.29831E-11
0.00703125 0.117188 8.10525E-11
0.00796875 0.132812 8.07311E-11
-0.00609375 0.101563 8.25781E-11
-0.0145312 0.242188 8.17996E-11
-0.0164062 0.273437 8.35134E-11
0.00328125 0.0546875 8.27953E-11
-0.00140625 0.0234375 8.35395E-11
0.00703125 0.117188 8.39839E-11
0.0173437 0.289062 8.29398E-11
0.00796875 0.132812 8.29935E-11
0.00046875 0.0078125 8.34431E-11
0.0107812 0.179688 8.3052E-11
-0.00609375 0.101563 8.20104E-11
-0.0210937 0.351562 8.4117E-11
-0.00140625 0.0234375 8.29747E-11
0.00984375 0.164062 8.25754E-11
-0.0192187 0.320312 8.30564E-11
0.0145312 0.242188 8.35899E-11
-0.00421875 0.0703125 8.24526E-11
0.0145312 0.242188 8.26438E-11
-0.0135937 0.226562 8.37524E-11
0.00328125 0.0546875 8.38847E-11
-0.0173437 0.289062 8.30297E-11
-0.00796875 0.132812 8.41954E-11
0.00515625 0.0859375 8.39162E-11
-0.00609375 0.101563 8.35737E-11
-0.00515625 0.0859375 8.29303E-11
-0.0126562 0.210938 8.13797E-11
0.00515625 0.0859375 8.36676E-11
-0.00890625 0.148438 8.32665E-11
0.0135937 0.226562 8.37861E-11
0.00703125 0.117188 8.36558E-11
0.00234375 0.0390625 8.27957E-11
-0.00890625 0.148438 8.3724E-11
-0.00234375 0.0390625 8.27416E-11
0.00609375 0.101563 8.35658E-11
0.0117188 0.195312 8.27334E-11
-0.0135937 0.226562 8.29126E-11
0.00328125 0.0546875 8.34424E-11
0.0135937 0.226562 8.37347E-11
0.0117188 0.195312 8.3886E-11
-0.0295312 0.492188 8.4161E-11
-0.00234375 0.0390625 8.2884E-11
-0.0182812 0.304688 8.21566E-11
0.00421875 0.0703125 8.31187E-11
0.0248437 0.414062 8.26136E-11
-0.0154687 0.257812 8.40671E-11
-0.00328125 0.0546875 8.38081E-11
-0.00796875 0.132812 8.32908E-11
0.00328125 0.0546875 8.32441E-11
-0.0135937 0.226562 8.35512E-11
0.00890625 0.148438 8.15265E-11
0.00421875 0.0703125 8.15843E-11
0.00328125 0.0546875 8.33054E-11
0.00515625 0.0859375 8.33729E-11
-0.00421875 0.0703125 8.41069E-11
-0.00234375 0.0390625 8.2583E-11
-0.00984375 0.164062 8.36371E-11
-0.0154687 0.257812 8.36603E-11
0.0135937 0.226562 8.26296E-11
0.00421875 0.0703125 8.34056E-11
0.00609375 0.101563 8.31897E-11
0.00328125 0.0546875 8.27623E-11
-0.0117188 0.195312 8.29784E-11
0.0107812 0.179688 8.25721E-11
0.0164062 0.273437 8.1442E-11
-0.0285937 0.476562 8.31588E-11
-0.00046875 0.0078125 8.33425E-11
-0.0126562 0.210938 8.33936E-11
0.00421875 0.0703125 8.36547E-11
-0.00328125 0.0546875 8.3394E-11
-0.00890625 0.148438 8.27494E-11
-0.00796875 0.132812 8.38598E-11
-0.0304687 0.507812 8.31992E-11
0.0164062 0.273437 8.24384E-11
0.00984375 0.164062 8.25716E-11
0.0360937 0.601562 8.09206E-11
-0.0126562 0.210938 8.27416E-11
-0.0107812 0.179688 8.22995E-11
-0.0126562 0.210938 8.26441E-11
-0.00703125 0.117188 8.16347E-11
0.00328125 0.0546875 8.28473E-11
-0.0126562 0.210938 8.25821E-11
0.00328125 0.0546875 8.31135E-11
0.0107812 0.179688 8.26535E-11
-0.0107812 0.179688 8.38087E-11
-0.00046875 0.0078125 8.24452E-11
-0.0126562 0.210938 8.28842E-11
-0.00796875 0.132812 8.33512E-11
0.00328125 0.0546875 8.23628E-11
0.00515625 0.0859375 8.1816E-11
0.00046875 0.0078125 8.19329E-11
-0.0107812 0.179688 8.31429E-11
0.00140625 0.0234375 8.22496E-11
0.00421875 0.0703125 8.24139E-11
-0.00421875 0.0703125 8.45553E-11
-0.00046875 0.0078125 8.29731E-11
0.0126562 0.210938 8.30523E-11
0.00984375 0.164062 8.29509E-11
0.00984375 0.164062 8.3736E-11
-0.0210937 0.351562 8.29102E-11
-0.00984375 0.164062 8.21669E-11
0.00328125 0.0546875 8.28504E-11
-0.0164062 0.273437 8.11893E-11
-0.00328125 0.0546875 8.43693E-11
0.00984375 0.164062 8.35978E-11
-0.00890625 0.148438 8.41239E-11
-0.00421875 0.0703125 8.0881E-11
0.0117188 0.195312 8.1829E-11
-0.0145312 0.242188 8.37201E-11
0.0210937 0.351562 8.28952E-11
-0.00796875 0.132812 8.32448E-11
0.00796875 0.132812 8.16816E-11
-0.00609375 0.101563 8.32871E-11
-0.0164062 0.273437 8.19772E-11
-0.00421875 0.0703125 8.22572E-11
-0.00796875 0.132812 8.34284E-11
0.00796875 0.132812 8.16657E-11
0.0164062 0.273437 8.26239E-11
0.0145312 0.242188 8.38336E-11
-0.0126562 0.210938 8.18176E-11
-0.0210937 0.351562 8.24784E-11
0.0154687 0.257812 8.35788E-11
-0.00796875 0.132812 8.26454E-11
0.0192187 0.320312 8.30939E-11
0.00140625 0.0234375 8.37324E-11
-0.00234375 0.0390625 8.19745E-11
0.0135937 0.226562 8.21199E-11
-0.00421875 0.0703125 8.27636E-11
0.0154687 0.257812 8.25706E-11
0.00890625 0.148438 8.27789E-11
0.0107812 0.179688 8.28588E-11
-0.00328125 0.0546875 8.27515E-11
-0.00328125 0.0546875 8.26165E-11
0.00984375 0.164062 8.28243E-11
-0.0154687 0.257812 8.29259E-11
-0.0145312 0.242188 8.27136E-11
-0.00609375 0.101563 8.34023E-11
0.0323438 0.539063 8.15474E-11
0.00421875 0.0703125 8.32376E-11
-0.0276563 0.460938 8.18136E-11
0.0201563 0.335938 8.28356E-11
0.0323438 0.539063 8.26923E-11
0.00046875 0.0078125 8.13977E-11
0.00140625 0.0234375 8.28631E-11
-0.00328125 0.0546875 8.27033E-11
0.0117188 0.195312 8.14177E-11
0.0192187 0.320312 8.38937E-11
-0.00703125 0.117188 8.28261E-11
0.00328125 0.0546875 8.3432E-11
-0.0154687 0.257812 8.30658E-11
-0.00796875 0.132812 8.3063E-11
0.00703125 0.117188 8.24638E-11
-0.00890625 0.148438 8.18118E-11
0.00796875 0.132812 8.3445E-11
0.00796875 0.132812 8.22491E-11
-0.00140625 0.0234375 8.17498E-11
-0.00140625 0.0234375 8.26869E-11
0.00234375 0.0390625 8.32318E-11
0.0126562 0.210938 8.26476E-11
0.00609375 0.101563 8.28339E-11
0.0117188 0.195312 8.32526E-11
-0.00421875 0.0703125 8.36975E-11
-0.00140625 0.0234375 8.35924E-11
0.00703125 0.117188 8.1736E-11
0.0192187 0.320312 8.33601E-11
-0.0164062 0.273437 8.29202E-11
0.00796875 0.132812 8.27671E-11
0.0126562 0.210938 8.29134E-11
0.00234375 0.0390625 8.03692E-11
0.0154687 0.257812 8.13393E-11
0.00234375 0.0390625 8.11448E-11
-0.0126562 0.210938 8.32421E-11
-0.0107812 0.179688 8.28408E-11
0.0135937 0.226562 8.19293E-11
0.00140625 0.0234375 8.29031E-11
-0.00234375 0.0390625 8.28176E-11
0.00984375 0.164062 8.17087E-11
0.00515625 0.0859375 8.27266E-11
-0.00703125 0.117188 8.30762E-11
-0.00890625 0.148438 8.41168E-11
-0.00140625 0.0234375 8.35498E-11
-0.00984375 0.164062 8.20328E-11
-0.0135937 0.226562 8.2395E-11
0.00328125 0.0546875 8.39822E-11
0.0154687 0.257812 8.3395E-11
-0.0107812 0.179688 8.29391E-11
-0.00140625 0.0234375 8.13653E-11
-0.00328125 0.0546875 8.22584E-11
-0.00890625 0.148438 8.16611E-11
-0.0285937 0.476562 8.25429E-11
0.0173437 0.289062 8.27224E-11
-0.00703125 0.117188 8.36678E-11
-0.0107812 0.179688 8.24705E-11
-0.00328125 0.0546875 8.37138E-11
0.0154687 0.257812 8.16906E-11
-0.0126562 0.210938 8.26256E-11
0.00703125 0.117188 8.2989E-11
-0.0182812 0.304688 8.22773E-11
0.0201563 0.335938 8.27051E-11
-0.00046875 0.0078125 8.31297E-11
0.0192187 0.320312 8.35253E-11
-0.00328125 0.0546875 8.2248E-11
-0.00046875 0.0078125 8.41921E-11
0.0164062 0.273437 8.37115E-11
-0.00796875 0.132812 8.22981E-11
-0.00890625 0.148438 8.39106E-11
-0.00140625 0.0234375 8.30433E-11
-0.00703125 0.117188 8.30955E-11
0.00140625 0.0234375 8.42915E-11
0.00328125 0.0546875 8.2979E-11
-0.00984375 0.164062 8.37837E-11
0.00890625 0.148438 8.15152E-11
-0.0107812 0.179688 8.27586E-11
0.0117188 0.195312 8.29466E-11
0.00703125 0.117188 8.322E-11
0.0192187 0.320312 8.42087E-11
-0.00046875 0.0078125 8.19003E-11
-0.0210937 0.351562 8.37842E-11
0.0257812 0.429688 8.35851E-11
-0.00890625 0.148438 8.26937E-11
-0.0126562 0.210938 8.30722E-11
0.00796875 0.132812 8.23665E-11
-0.00890625 0.148438 8.28362E-11
0.00703125 0.117188 8.27568E-11
0.00703125 0.117188 8.24049E-11
-0.00796875 0.132812 8.2457E-11
-0.00046875 0.0078125 8.27476E-11
0.0145312 0.242188 8.26363E-11
-0.00515625 0.0859375 8.35238E-11
0.00046875 0.0078125 8.38298E-11
-0.0126562 0.210938 8.30451E-11
0.00890625 0.148438 8.09002E-11
0.00234375 0.0390625 8.31229E-11
-0.0220313 0.367188 8.43784E-11
-0.00421875 0.0703125 8.27782E-11
0.0154687 0.257812 8.28088E-11
-0.0126562 0.210938 8.32969E-11
0.0145312 0.242188 8.33324E-11
0.00890625 0.148438 8.31539E-11
0.0117188 0.195312 8.239E-11
-0.0239062 0.398437 8.30556E-11
0.00328125 0.0546875 8.31571E-11
0.00046875 0.0078125 8.19659E-11
0.00796875 0.132812 8.29381E-11
0.00234375 0.0390625 8.12688E-11
0.00515625 0.0859375 8.39504E-11
-0.00421875 0.0703125 8.18105E-11
0.00984375 0.164062 8.30009E-11
0.00609375 0.101563 8.3309E-11
-0.0145312 0.242188 8.41606E-11
0.0314062 0.523438 8.2752E-11
-0.00890625 0.148438 8.31033E-11
0.00140625 0.0234375 8.07623E-11
-0.00046875 0.0078125 8.38393E-11
0.0239062 0.398437 8.37752E-11
