0.00890625 0.148438 1.31315E-10
0.00046875 0.0078125 1.33694E-10
-0.00796875 0.132812 1.28494E-10
0.00234375 0.0390625 1.30136E-10
0.00140625 0.0234375 1.30396E-10
-0.00515625 0.0859375 1.30851E-10
-0.0182812 0.304688 1.30832E-10
-0.00796875 0.132812 1.3088E-10
0.0248437 0.414062 1.29294E-10
0.00234375 0.0390625 1.3347E-10
0.0117188 0.195312 1.35599E-10
-0.00890625 0.148438 1.31842E-10
0.00328125 0.0546875 1.30823E-10
0.00046875 0.0078125 1.30959E-10
0.00890625 0.148438 1.28326E-10
-0.0154687 0.257812 1.27014E-10
0.00609375 0.101563 1.30661E-10
0.00609375 0.101563 1.31777E-10
-0.00703125 0.117188 1.28733E-10
-0.00609375 0.101563 1.35264E-10
0.0117188 0.195312 1.31196E-10
0.00140625 0.0234375 1.31919E-10
0.00515625 0.0859375 1.29368E-10
0.00609375 0.101563 1.31192E-10
0.0135937 0.226562 1.29611E-10
-0.00328125 0.0546875 1.3126E-10
0.0257812 0.429688 1.31705E-10
0.00890625 0.148438 1.29754E-10
-0.00046875 0.0078125 1.31267E-10
0.00234375 0.0390625 1.31149E-10
-0.00796875 0.132812 1.30391E-10
-0.0126562 0.210938 1.31368E-10
-0.0117188 0.195312 1.32111E-10
0.00140625 0.0234375 1.30944E-10
-0.0164062 0.273437 1.27286E-10
-0.00140625 0.0234375 1.29743E-10
0.00609375 0.101563 1.31284E-10
0.0154687 0.257812 1.30956E-10
0.00796875 0.132812 1.30144E-10
0.00140625 0.0234375 1.31307E-10
0.00140625 0.0234375 1.27098E-10
0.0248437 0.414062 1.29551E-10
0.0117188 0.195312 1.28342E-10
-0.0117188 0.195312 1.30584E-10
-0.00140625 0.0234375 1.32029E-10
0.0145312 0.242188 1.29122E-10
0.00328125 0.0546875 1.31075E-10
-0.00515625 0.0859375 1.31054E-10
0.0145312 0.242188 1.3135E-10
-0.00234375 0.0390625 1.31319E-10
-0.00234375 0.0390625 1.30329E-10
-0.00703125 0.117188 1.31599E-10
-0.0126562 0.210938 1.29846E-10
-0.0154687 0.257812 1.3056E-10
0.0135937 0.226562 1.3425E-10
-0.00234375 0.0390625 1.32389E-10
-0.0192187 0.320312 1.31677E-10
0.00609375 0.101563 1.28872E-10
-0.00140625 0.0234375 1.32123E-10
-0.0126562 0.210938 1.31897E-10
-0.00796875 0.132812 1.29398E-10
-0.00515625 0.0859375 1.30706E-10
0.0117188 0.195312 1.31313E-10
-0.00421875 0.0703125 1.30878E-10
-0.00234375 0.0390625 1.30803E-10
0.0248437 0.414062 1.31597E-10
-0.00046875 0.0078125 1.29585E-10
-0.00796875 0.132812 1.30062E-10
-0.00140625 0.0234375 1.31482E-10
-0.00515625 0.0859375 1.31468E-10
-0.00328125 0.0546875 1.30742E-10
-0.00984375 0.164062 1.32369E-10
0.00609375 0.101563 1.31746E-10
0.00234375 0.0390625 1.31327E-10
-0.00234375 0.0390625 1.31699E-10
-0.00703125 0.117188 1.30634E-10
-0.0117188 0.195312 1.27087E-10
0.0126562 0.210938 1.30295E-10
-0.00703125 0.117188 1.30181E-10
0.00984375 0.164062 1.31852E-10
0.00609375 0.101563 1.31251E-10
0.0257812 0.429688 1.31362E-10
-0.0107812 0.179688 1.30704E-10
-0.00609375 0.101563 1.29705E-10
0.00234375 0.0390625 1.31456E-10
-0.00609375 0.101563 1.30361E-10
0.00796875 0.132812 1.30025E-10
0.00140625 0.0234375 1.30076E-10
0.00890625 0.148438 1.34201E-10
0.0192187 0.320312 1.32297E-10
-0.00609375 0.101563 1.31564E-10
0.00140625 0.0234375 1.31702E-10
-0.00328125 0.0546875 1.32128E-10
0.00140625 0.0234375 1.31379E-10
0.00703125 0.117188 1.29939E-10
0.00046875 0.0078125 1.32444E-10
-0.00703125 0.117188 1.29185E-10
-0.00046875 0.0078125 1.33505E-10
-0.00890625 0.148438 1.31696E-10
-0.00234375 0.0390625 1.33651E-10
0.00515625 0.0859375 1.30194E-10
-0.0164062 0.273437 1.30876E-10
0.0107812 0.179688 1.29464E-10
0.00515625 0.0859375 1.313E-10
0.0154687 0.257812 1.30587E-10
-0.00234375 0.0390625 1.32339E-10
0.00609375 0.101563 1.30996E-10
-0.00421875 0.0703125 1.30239E-10
0.00609375 0.101563 1.31387E-10
-0.00609375 0.101563 1.31651E-10
-0.00140625 0.0234375 1.2997E-10
-0.0126562 0.210938 1.3124E-10
-0.00515625 0.0859375 1.2861E-10
-0.0126562 0.210938 1.31296E-10
-0.00046875 0.0078125 1.3095E-10
0.0173437 0.289062 1.32144E-10
0.00984375 0.164062 1.29015E-10
-0.00328125 0.0546875 1.29701E-10
-0.00046875 0.0078125 1.304E-10
0.00234375 0.0390625 1.31964E-10
0.00046875 0.0078125 1.26817E-10
0.0117188 0.195312 1.31309E-10
-0.0107812 0.179688 1.29824E-10
0.00796875 0.132812 1.32143E-10
-0.00328125 0.0546875 1.30291E-10
0.0182812 0.304688 1.28749E-10
0.00234375 0.0390625 1.31515E-10
0.0323438 0.539063 1.31731E-10
-0.00796875 0.132812 1.30857E-10
-0.0229688 0.382813 1.32953E-10
-0.00703125 0.117188 1.30995E-10
0.0107812 0.179688 1.31116E-10
-0.00515625 0.0859375 1.30902E-10
0.0182812 0.304688 1.29932E-10
0.00234375 0.0390625 1.32759E-10
-0.0126562 0.210938 1.32459E-10
-0.00234375 0.0390625 1.31909E-10
0.00609375 0.101563 1.30882E-10
-0.00515625 0.0859375 1.3009E-10
0.00234375 0.0390625 1.32845E-10
0.00328125 0.0546875 1.34082E-10
0.00421875 0.0703125 1.33394E-10
0.00703125 0.117188 1.31468E-10
0.0173437 0.289062 1.31704E-10
-0.00796875 0.132812 1.29893E-10
0.00515625 0.0859375 1.28247E-10
-0.0107812 0.179688 1.31301E-10
-0.0192187 0.320312 1.30197E-10
-0.00796875 0.132812 1.30476E-10
-0.00609375 0.101563 1.30699E-10
-0.00140625 0.0234375 1.31651E-10
-0.00890625 0.148438 1.30998E-10
0.00140625 0.0234375 1.29422E-10
0.00515625 0.0859375 1.31642E-10
-0.00421875 0.0703125 1.30114E-10
0.00703125 0.117188 1.30292E-10
-0.00890625 0.148438 1.33783E-10
0.00984375 0.164062 1.31419E-10
0.00703125 0.117188 1.26912E-10
0.0107812 0.179688 1.2826E-10
-0.00046875 0.0078125 1.27039E-10
-0.00046875 0.0078125 1.30871E-10
0.00703125 0.117188 1.30864E-10
0.00796875 0.132812 1.32391E-10
-0.00515625 0.0859375 1.31094E-10
0.00046875 0.0078125 1.29312E-10
0.00046875 0.0078125 1.31285E-10
0.00890625 0.148438 1.30765E-10
0.00890625 0.148438 1.30181E-10
-0.00234375 0.0390625 1.31042E-10
-0.00046875 0.0078125 1.32636E-10
0.00328125 0.0546875 1.30551E-10
0.00609375 0.101563 1.30375E-10
-0.00421875 0.0703125 1.31638E-10
-0.00984375 0.164062 1.34428E-10
-0.00234375 0.0390625 1.30174E-10
0.00140625 0.0234375 1.30845E-10
0.00046875 0.0078125 1.31125E-10
-0.00609375 0.101563 1.32146E-10
0.00421875 0.0703125 1.32125E-10
0.00421875 0.0703125 1.2798E-10
-0.0164062 0.273437 1.30136E-10
0.00796875 0.132812 1.31963E-10
-0.00609375 0.101563 1.30586E-10
-0.0126562 0.210938 1.30328E-10
0.00515625 0.0859375 1.32599E-10
0.00515625 0.0859375 1.29263E-10
-0.00328125 0.0546875 1.30329E-10
-0.00796875 0.132812 1.31588E-10
0.00140625 0.0234375 1.29838E-10
-0.00046875 0.0078125 1.31156E-10
0.0323438 0.539063 1.3024E-10
0.00515625 0.0859375 1.28702E-10
0.0117188 0.195312 1.31281E-10
-0.00515625 0.0859375 1.31058E-10
0.00703125 0.117188 1.29506E-10
0.00609375 0.101563 1.27503E-10
-0.00515625 0.0859375 1.31576E-10
-0.00046875 0.0078125 1.32042E-10
-0.00234375 0.0390625 1.33292E-10
0.00515625 0.0859375 1.32939E-10
0.00140625 0.0234375 1.32131E-10
0.00046875 0.0078125 1.30636E-10
-0.00140625 0.0234375 1.32902E-10
0.00046875 0.0078125 1.31719E-10
0.00890625 0.148438 1.32455E-10
0.00234375 0.0390625 1.31981E-10
0.0173437 0.289062 1.27594E-10
-0.0117188 0.195312 1.30655E-10
0.00328125 0.0546875 1.31274E-10
-0.00421875 0.0703125 1.30984E-10
0.00328125 0.0546875 1.28832E-10
0.0135937 0.226562 1.31286E-10
0.0107812 0.179688 1.31042E-10
-0.00890625 0.148438 1.30357E-10
-0.0192187 0.320312 1.297E-10
-0.0220313 0.367188 1.27979E-10
-0.0107812 0.179688 1.31965E-10
0.0220313 0.367188 1.34193E-10
0.00796875 0.132812 1.3025E-10
-0.00703125 0.117188 1.31401E-10
0.0107812 0.179688 1.30186E-10
0.00890625 0.148438 1.2995E-10
0.00703125 0.117188 1.30535E-10
-0.00046875 0.0078125 1.31938E-10
-0.00609375 0.101563 1.30244E-10
-0.0107812 0.179688 1.30816E-10
0.00609375 0.101563 1.31225E-10
0.00703125 0.117188 1.29672E-10
-0.00609375 0.101563 1.30705E-10
-0.00984375 0.164062 1.31793E-10
-0.00046875 0.0078125 1.29539E-10
0.00890625 0.148438 1.31103E-10
-0.00796875 0.132812 1.30009E-10
0.0107812 0.179688 1.30847E-10
0.0154687 0.257812 1.31711E-10
-0.0126562 0.210938 1.31637E-10
0.00609375 0.101563 1.29768E-10
0.00796875 0.132812 1.30151E-10
-0.00421875 0.0703125 1.328E-10
-0.00234375 0.0390625 1.31413E-10
-0.00328125 0.0546875 1.31026E-10
-0.0201563 0.335938 1.30211E-10
-0.00421875 0.0703125 1.30069E-10
0.00703125 0.117188 1.32665E-10
-0.00421875 0.0703125 1.31439E-10
-0.00421875 0.0703125 1.3133E-10
-0.00515625 0.0859375 1.32132E-10
0.00703125 0.117188 1.3316E-10
-0.0145312 0.242188 1.30436E-10
0.00515625 0.0859375 1.26732E-10
0.0107812 0.179688 1.28066E-10
-0.00703125 0.117188 1.31213E-10
-0.00328125 0.0546875 1.30835E-10
-0.00609375 0.101563 1.32898E-10
-0.00890625 0.148438 1.26436E-10
0.0164062 0.273437 1.29224E-10
0.00140625 0.0234375 1.28504E-10
-0.0154687 0.257812 1.30782E-10
0.00328125 0.0546875 1.28682E-10
0.0145312 0.242188 1.31496E-10
0.00140625 0.0234375 1.33573E-10
0.0173437 0.289062 1.29769E-10
0.00328125 0.0546875 1.2734E-10
0.00140625 0.0234375 1.30773E-10
-0.00703125 0.117188 1.29817E-10
-0.0135937 0.226562 1.33108E-10
-0.00421875 0.0703125 1.35215E-10
-0.0239062 0.398437 1.31272E-10
-0.0107812 0.179688 1.28935E-10
-0.0239062 0.398437 1.32804E-10
0.0164062 0.273437 1.32193E-10
0.00234375 0.0390625 1.31149E-10
0.00328125 0.0546875 1.30136E-10
-0.00703125 0.117188 1.32809E-10
0.0126562 0.210938 1.30792E-10
0.0201563 0.335938 1.31735E-10
0.0135937 0.226562 1.31348E-10
-0.00890625 0.148438 1.30842E-10
0.00796875 0.132812 1.31367E-10
-0.00609375 0.101563 1.28687E-10
-0.00890625 0.148438 1.35577E-10
0.00046875 0.0078125 1.32611E-10
-0.0126562 0.210938 1.31213E-10
-0.0164062 0.273437 1.3087E-10
-0.00421875 0.0703125 1.31214E-10
0.0117188 0.195312 1.28562E-10
0.00140625 0.0234375 1.3124E-10
-0.00796875 0.132812 1.30748E-10
0.0145312 0.242188 1.30329E-10
-0.0135937 0.226562 1.34901E-10
0.0135937 0.226562 1.32244E-10
-0.00609375 0.101563 1.30509E-10
0.00421875 0.0703125 1.30642E-10
0.0173437 0.289062 1.329E-10
-0.00234375 0.0390625 1.31797E-10
0.00140625 0.0234375 1.31973E-10
-0.00796875 0.132812 1.3193E-10
-0.00609375 0.101563 1.30501E-10
0.00609375 0.101563 1.31073E-10
0.00515625 0.0859375 1.33602E-10
-0.00421875 0.0703125 1.30932E-10
0.00609375 0.101563 1.33412E-10
-0.0220313 0.367188 1.30469E-10
0.0173437 0.289062 1.32991E-10
0.00515625 0.0859375 1.35438E-10
0.0135937 0.226562 1.26589E-10
-0.00703125 0.117188 1.31807E-10
0.00046875 0.0078125 1.30229E-10
-0.00796875 0.132812 1.29059E-10
0.0220313 0.367188 1.31636E-10
-0.00703125 0.117188 1.33192E-10
-0.00984375 0.164062 1.2996E-10
0.00796875 0.132812 1.30242E-10
0.0145312 0.242188 1.3142E-10
0.00796875 0.132812 1.31402E-10
-0.0126562 0.210938 1.29828E-10
-0.00234375 0.0390625 1.30019E-10
-0.00515625 0.0859375 1.31386E-10
0.0107812 0.179688 1.31797E-10
0.00515625 0.0859375 1.31404E-10
0.00421875 0.0703125 1.32835E-10
0.00421875 0.0703125 1.31018E-10
0.00234375 0.0390625 1.32241E-10
0.00703125 0.117188 1.30445E-10
-0.00328125 0.0546875 1.31323E-10
-0.00234375 0.0390625 1.32171E-10
0.00234375 0.0390625 1.27947E-10
-0.00140625 0.0234375 1.30225E-10
-0.00703125 0.117188 1.34799E-10
-0.0126562 0.210938 1.29622E-10
-0.00046875 0.0078125 1.31585E-10
0.00609375 0.101563 1.31434E-10
0.00703125 0.117188 1.29738E-10
0.00703125 0.117188 1.32409E-10
0.00328125 0.0546875 1.31042E-10
-0.00328125 0.0546875 1.30479E-10
0.00515625 0.0859375 1.29396E-10
-0.0107812 0.179688 1.31269E-10
0.00796875 0.132812 1.31615E-10
0.00609375 0.101563 1.29964E-10
-0.00140625 0.0234375 1.29677E-10
0.0145312 0.242188 1.28825E-10
-0.00140625 0.0234375 1.32455E-10
0.00515625 0.0859375 1.31244E-10
0.00890625 0.148438 1.33164E-10
-0.00984375 0.164062 1.31886E-10
-0.00890625 0.148438 1.31971E-10
0.00609375 0.101563 1.31713E-10
-0.00890625 0.148438 1.32218E-10
-0.00515625 0.0859375 1.30021E-10
-0.00796875 0.132812 1.29943E-10
0.00328125 0.0546875 1.27754E-10
0.00890625 0.148438 1.30159E-10
0.00328125 0.0546875 1.3052E-10
0.00796875 0.132812 1.32081E-10
0.0182812 0.304688 1.29879E-10
0.0173437 0.289062 1.30817E-10
0.0107812 0.179688 1.30656E-10
0.0145312 0.242188 1.31252E-10
0.00890625 0.148438 1.30412E-10
0.00234375 0.0390625 1.28593E-10
0.00140625 0.0234375 1.30301E-10
-0.00796875 0.132812 1.31411E-10
0.00421875 0.0703125 1.288E-10
0.00421875 0.0703125 1.32193E-10
0.00515625 0.0859375 1.31479E-10
0.0220313 0.367188 1.31148E-10
0.00796875 0.132812 1.30762E-10
-0.0107812 0.179688 1.30364E-10
0.00796875 0.132812 1.31504E-10
-0.0126562 0.210938 1.31274E-10
0.00046875 0.0078125 1.31372E-10
0.0135937 0.226562 1.30903E-10
0.00234375 0.0390625 1.30945E-10
-0.0145312 0.242188 1.31263E-10
0.0164062 0.273437 1.31057E-10
-0.00140625 0.0234375 1.31955E-10
-0.0248437 0.414062 1.31474E-10
-0.00984375 0.164062 1.31052E-10
0.00703125 0.117188 1.32015E-10
0.00890625 0.148438 1.30908E-10
0.00234375 0.0390625 1.30667E-10
-0.00328125 0.0546875 1.30668E-10
-0.00046875 0.0078125 1.30717E-10
0.00046875 0.0078125 1.31446E-10
0.00328125 0.0546875 1.3121E-10
0.00515625 0.0859375 1.34771E-10
-0.0164062 0.273437 1.30621E-10
-0.00890625 0.148438 1.29442E-10
-0.0126562 0.210938 1.32646E-10
-0.00515625 0.0859375 1.32024E-10
0.0107812 0.179688 1.31245E-10
-0.00421875 0.0703125 1.31234E-10
0.00140625 0.0234375 1.30607E-10
-0.00140625 0.0234375 1.32603E-10
0.0117188 0.195312 1.31302E-10
-0.0107812 0.179688 1.31416E-10
-0.0107812 0.179688 1.30582E-10
-0.00421875 0.0703125 1.30531E-10
-0.00234375 0.0390625 1.2982E-10
-0.0192187 0.320312 1.28658E-10
0.00234375 0.0390625 1.30119E-10
0.0192187 0.320312 1.29988E-10
-0.0182812 0.304688 1.29903E-10
0.00140625 0.0234375 1.31284E-10
0.00703125 0.117188 1.31034E-10
0.00421875 0.0703125 1.30476E-10
0.00890625 0.148438 1.30372E-10
-0.0145312 0.242188 1.30272E-10
-0.0145312 0.242188 1.30674E-10
-0.00234375 0.0390625 1.2847E-10
-0.0192187 0.320312 1.30549E-10
0.0107812 0.179688 1.30949E-10
-0.00328125 0.0546875 1.31646E-10
0.00140625 0.0234375 1.29017E-10
-0.00140625 0.0234375 1.31279E-10
0.00234375 0.0390625 1.30706E-10
-0.0229688 0.382813 1.29521E-10
0.0201563 0.335938 1.31212E-10
-0.00796875 0.132812 1.31846E-10
0.00234375 0.0390625 1.2994E-10
-0.00234375 0.0390625 1.30918E-10
-0.00609375 0.101563 1.30807E-10
-0.0126562 0.210938 1.29986E-10
-0.00234375 0.0390625 1.29867E-10
0.00515625 0.0859375 1.30881E-10
0.0117188 0.195312 1.29717E-10
-0.0173437 0.289062 1.30775E-10
-0.00890625 0.148438 1.293E-10
0.0135937 0.226562 1.29778E-10
0.0107812 0.179688 1.29371E-10
0.00984375 0.164062 1.30716E-10
0.00609375 0.101563 1.30258E-10
0.00046875 0.0078125 1.3076E-10
0.0107812 0.179688 1.30603E-10
0.00890625 0.148438 1.32493E-10
-0.00890625 0.148438 1.29414E-10
0.00421875 0.0703125 1.30581E-10
0.00234375 0.0390625 1.29779E-10
0.00703125 0.117188 1.32104E-10
0.00421875 0.0703125 1.3212E-10
-0.00515625 0.0859375 1.30453E-10
0.00046875 0.0078125 1.32619E-10
0.00890625 0.148438 1.30705E-10
-0.00515625 0.0859375 1.29387E-10
0.00140625 0.0234375 1.29177E-10
-0.00703125 0.117188 1.29542E-10
0.0135937 0.226562 1.30531E-10
0.0135937 0.226562 1.32463E-10
0.0173437 0.289062 1.29361E-10
0.00328125 0.0546875 1.31233E-10
0.0107812 0.179688 1.29601E-10
0.00890625 0.148438 1.29073E-10
0.00421875 0.0703125 1.29879E-10
-0.0201563 0.335938 1.29068E-10
0.0126562 0.210938 1.27515E-10
-0.0126562 0.210938 1.31752E-10
-0.0267187 0.445312 1.30882E-10
0.00703125 0.117188 1.31813E-10
0.00328125 0.0546875 1.28737E-10
0.00421875 0.0703125 1.30988E-10
0.00140625 0.0234375 1.30494E-10
0.0192187 0.320312 1.30653E-10
0.00984375 0.164062 1.30762E-10
0.00890625 0.148438 1.31557E-10
0.0229688 0.382813 1.32657E-10
0.0210937 0.351562 1.31249E-10
-0.0154687 0.257812 1.31646E-10
-0.00234375 0.0390625 1.3173E-10
-0.0154687 0.257812 1.29197E-10
-0.0107812 0.179688 1.29233E-10
-0.00140625 0.0234375 1.32846E-10
0.0135937 0.226562 1.31266E-10
-0.00703125 0.117188 1.29251E-10
-0.0154687 0.257812 1.30482E-10
0.00609375 0.101563 1.31629E-10
-0.00796875 0.132812 1.30899E-10
0.00046875 0.0078125 1.32474E-10
0.00703125 0.117188 1.31099E-10
0.00796875 0.132812 1.34612E-10
-0.00234375 0.0390625 1.30743E-10
0.0126562 0.210938 1.30039E-10
-0.0164062 0.273437 1.30307E-10
-0.0154687 0.257812 1.34701E-10
-0.00796875 0.132812 1.3063E-10
-0.00328125 0.0546875 1.30137E-10
-0.00984375 0.164062 1.31693E-10
-0.00046875 0.0078125 1.3046E-10
-0.00234375 0.0390625 1.3015E-10
-0.00703125 0.117188 1.3074E-10
0.00234375 0.0390625 1.3113E-10
0.0210937 0.351562 1.30638E-10
-0.0248437 0.414062 1.31572E-10
0.00515625 0.0859375 1.31567E-10
0.00796875 0.132812 1.33153E-10
-0.00703125 0.117188 1.30531E-10
0.00703125 0.117188 1.32119E-10
0.00140625 0.0234375 1.28708E-10
0.00796875 0.132812 1.30493E-10
