-0.00515625 0.0859375 3.24607E-10
-0.00609375 0.101563 3.09899E-10
0.00890625 0.148438 3.34235E-10
0.00890625 0.148438 3.34094E-10
-0.0107812 0.179688 3.23568E-10
-0.00890625 0.148438 3.16636E-10
-0.0220313 0.367188 3.2061E-10
-0.0192187 0.320312 3.12698E-10
0.00328125 0.0546875 3.18744E-10
-0.00890625 0.148438 3.24405E-10
0.00140625 0.0234375 3.26371E-10
0.00515625 0.0859375 3.19636E-10
0.00328125 0.0546875 3.13042E-10
-0.00140625 0.0234375 3.17555E-10
0.00890625 0.148438 3.22359E-10
-0.00328125 0.0546875 3.23591E-10
0.00515625 0.0859375 3.22131E-10
0.0117188 0.195312 3.19748E-10
0.00421875 0.0703125 3.09349E-10
0.0135937 0.226562 3.26346E-10
0.00046875 0.0078125 3.15418E-10
-0.0154687 0.257812 3.20656E-10
-0.00421875 0.0703125 3.2519E-10
-0.00515625 0.0859375 3.13219E-10
-0.00140625 0.0234375 3.16063E-10
-0.00234375 0.0390625 3.13029E-10
-0.0192187 0.320312 3.1353E-10
-0.0154687 0.257812 3.24904E-10
0.00140625 0.0234375 3.27785E-10
0.00234375 0.0390625 3.23492E-10
0.0117188 0.195312 3.2077E-10
0.00421875 0.0703125 3.24718E-10
0.00046875 0.0078125 3.22221E-10
0.00421875 0.0703125 3.14477E-10
-0.00890625 0.148438 3.22571E-10
-0.0107812 0.179688 3.29755E-10
0.00609375 0.101563 3.32482E-10
0.00046875 0.0078125 3.31426E-10
-0.00515625 0.0859375 3.12941E-10
-0.00046875 0.0078125 3.24096E-10
0.00609375 0.101563 3.33664E-10
0.00234375 0.0390625 3.1192E-10
-0.00796875 0.132812 3.23804E-10
0.00046875 0.0078125 3.23794E-10
-0.00609375 0.101563 3.19363E-10
0.0135937 0.226562 3.21771E-10
0.0107812 0.179688 3.33428E-10
0.0117188 0.195312 3.19758E-10
-0.00046875 0.0078125 3.1725E-10
-0.00421875 0.0703125 3.25267E-10
-0.00046875 0.0078125 3.16963E-10
-0.0107812 0.179688 3.19506E-10
-0.00703125 0.117188 3.14647E-10
0.00328125 0.0546875 3.18089E-10
0.00046875 0.0078125 3.23103E-10
0.00234375 0.0390625 3.24819E-10
0.00609375 0.101563 3.29842E-10
0.00703125 0.117188 3.15715E-10
0.00046875 0.0078125 3.23524E-10
-0.0135937 0.226562 3.29037E-10
0.0126562 0.210938 3.23104E-10
0.0267187 0.445312 3.24293E-10
0.00046875 0.0078125 3.35327E-10
-0.0126562 0.210938 3.13366E-10
0.00421875 0.0703125 3.19327E-10
0.00140625 0.0234375 3.22078E-10
0.0107812 0.179688 3.13672E-10
-0.00703125 0.117188 3.23496E-10
0.00046875 0.0078125 3.21722E-10
-0.00890625 0.148438 3.13349E-10
-0.0107812 0.179688 3.28421E-10
0.00609375 0.101563 3.25165E-10
-0.0154687 0.257812 3.18085E-10
-0.00234375 0.0390625 3.23037E-10
-0.00234375 0.0390625 3.20026E-10
0.00515625 0.0859375 3.1366E-10
0.00140625 0.0234375 3.21831E-10
-0.00421875 0.0703125 3.20927E-10
0.00609375 0.101563 3.31594E-10
0.00703125 0.117188 3.26136E-10
-0.00515625 0.0859375 3.16145E-10
-0.0117188 0.195312 3.19866E-10
-0.00328125 0.0546875 3.26739E-10
0.0135937 0.226562 3.21928E-10
0.00984375 0.164062 3.04965E-10
-0.0117188 0.195312 3.23193E-10
-0.0173437 0.289062 3.30911E-10
-0.00046875 0.0078125 3.16481E-10
-0.00515625 0.0859375 3.25047E-10
-0.00421875 0.0703125 3.21728E-10
-0.00796875 0.132812 3.1721E-10
-0.00515625 0.0859375 3.22422E-10
0.0117188 0.195312 3.33496E-10
0.0210937 0.351562 3.21032E-10
0.0107812 0.179688 3.31095E-10
0.0135937 0.226562 3.24157E-10
-0.0107812 0.179688 3.21018E-10
-0.00140625 0.0234375 3.1222E-10
0.00046875 0.0078125 3.17569E-10
0.00328125 0.0546875 3.26704E-10
-0.0154687 0.257812 3.16119E-10
0.0107812 0.179688 3.23988E-10
0.00984375 0.164062 3.2434E-10
-0.00140625 0.0234375 3.14737E-10
0.0173437 0.289062 3.24567E-10
0.0126562 0.210938 3.23678E-10
0.0107812 0.179688 3.27397E-10
-0.00890625 0.148438 3.2448E-10
-0.00328125 0.0546875 3.33709E-10
0.00609375 0.101563 3.13818E-10
0.00046875 0.0078125 3.26491E-10
-0.00140625 0.0234375 3.43502E-10
-0.0126562 0.210938 3.14633E-10
-0.0154687 0.257812 3.12342E-10
0.0135937 0.226562 3.17839E-10
0.00890625 0.148438 3.2032E-10
0.0126562 0.210938 3.29614E-10
-0.00140625 0.0234375 3.21674E-10
0.0126562 0.210938 3.19637E-10
0.00046875 0.0078125 3.22345E-10
-0.00046875 0.0078125 3.16423E-10
-0.00796875 0.132812 3.20297E-10
-0.00796875 0.132812 3.17629E-10
-0.0135937 0.226562 3.15954E-10
-0.00609375 0.101563 3.22683E-10
-0.00328125 0.0546875 3.25645E-10
0.0117188 0.195312 3.2697E-10
-0.00328125 0.0546875 3.21265E-10
0.00515625 0.0859375 3.23742E-10
0.00328125 0.0546875 3.2322E-10
-0.00703125 0.117188 3.13202E-10
0.00046875 0.0078125 3.22885E-10
-0.00328125 0.0546875 3.18704E-10
-0.00046875 0.0078125 3.22605E-10
0.0154687 0.257812 3.20416E-10
-0.00796875 0.132812 3.3458E-10
0.00515625 0.0859375 3.07475E-10
-0.00140625 0.0234375 3.22255E-10
0.0182812 0.304688 3.14324E-10
-0.00703125 0.117188 3.21553E-10
-0.00140625 0.0234375 3.07803E-10
-0.00234375 0.0390625 3.20945E-10
0.0135937 0.226562 3.25358E-10
-0.00421875 0.0703125 3.15322E-10
0.00796875 0.132812 3.23294E-10
-0.00140625 0.0234375 3.1201E-10
-0.0182812 0.304688 3.05795E-10
0.00328125 0.0546875 3.26328E-10
-0.00234375 0.0390625 3.14962E-10
0.0107812 0.179688 3.23628E-10
0.00984375 0.164062 3.18776E-10
-0.00890625 0.148438 3.1644E-10
0.00140625 0.0234375 3.13012E-10
-0.00609375 0.101563 3.19472E-10
-0.00421875 0.0703125 3.17123E-10
-0.00140625 0.0234375 3.23922E-10
0.00984375 0.164062 3.16147E-10
-0.0220313 0.367188 3.13672E-10
-0.00046875 0.0078125 3.2766E-10
-0.00984375 0.164062 3.25372E-10
0.00234375 0.0390625 3.27529E-10
-0.00703125 0.117188 3.31155E-10
0.0126562 0.210938 3.18936E-10
0.0210937 0.351562 3.27756E-10
0.00609375 0.101563 3.25643E-10
0.0117188 0.195312 3.10089E-10
0.00140625 0.0234375 3.18598E-10
0.00328125 0.0546875 3.07318E-10
-0.00703125 0.117188 3.19085E-10
-0.00328125 0.0546875 3.2067E-10
-0.00796875 0.132812 3.21702E-10
0.00796875 0.132812 3.14253E-10
0.00140625 0.0234375 3.21433E-10
-0.0117188 0.195312 3.14185E-10
0.0126562 0.210938 3.28365E-10
-0.00796875 0.132812 3.2583E-10
-0.00890625 0.148438 3.12412E-10
0.0135937 0.226562 3.16108E-10
0.00515625 0.0859375 3.15414E-10
0.00046875 0.0078125 3.11519E-10
0.00609375 0.101563 3.23597E-10
0.00421875 0.0703125 3.22535E-10
-0.00703125 0.117188 3.31995E-10
0.00984375 0.164062 3.19155E-10
0.00890625 0.148438 3.26518E-10
-0.00046875 0.0078125 3.09616E-10
0.00234375 0.0390625 3.20867E-10
0.0117188 0.195312 3.24884E-10
-0.00046875 0.0078125 3.13773E-10
0.0164062 0.273437 3.2265E-10
-0.00515625 0.0859375 3.14021E-10
0.00984375 0.164062 3.20946E-10
0.0145312 0.242188 3.32046E-10
-0.00328125 0.0546875 3.22175E-10
0.00796875 0.132812 3.13236E-10
0.00984375 0.164062 3.08942E-10
-0.0220313 0.367188 3.16051E-10
-0.00703125 0.117188 3.29607E-10
0.0164062 0.273437 3.21861E-10
0.0107812 0.179688 3.35199E-10
