0.00703125 0.117188 1.18709E-10
0.00328125 0.0546875 1.18093E-10
-0.0164062 0.273437 1.2135E-10
0.00515625 0.0859375 1.19569E-10
0.00984375 0.164062 1.19523E-10
0.00796875 0.132812 1.18779E-10
0.00609375 0.101563 1.18558E-10
0.00234375 0.0390625 1.1897E-10
0.00890625 0.148438 1.18741E-10
-0.00328125 0.0546875 1.16621E-10
-0.00703125 0.117188 1.17509E-10
-0.00046875 0.0078125 1.1737E-10
0.00046875 0.0078125 1.18608E-10
0.00234375 0.0390625 1.18586E-10
0.00890625 0.148438 1.19012E-10
-0.0135937 0.226562 1.19396E-10
-0.00796875 0.132812 1.19865E-10
0.00515625 0.0859375 1.18277E-10
0.00703125 0.117188 1.17045E-10
0.00140625 0.0234375 1.18567E-10
-0.00046875 0.0078125 1.17197E-10
-0.0117188 0.195312 1.21944E-10
-0.00421875 0.0703125 1.21172E-10
-0.00421875 0.0703125 1.19299E-10
-0.0107812 0.179688 1.1794E-10
-0.00328125 0.0546875 1.19925E-10
0.0117188 0.195312 1.18115E-10
0.0145312 0.242188 1.16562E-10
0.00046875 0.0078125 1.18601E-10
-0.0182812 0.304688 1.21796E-10
0.0154687 0.257812 1.15928E-10
0.00421875 0.0703125 1.17216E-10
-0.00609375 0.101563 1.19886E-10
-0.00703125 0.117188 1.20153E-10
0.0145312 0.242188 1.19477E-10
-0.00328125 0.0546875 1.19976E-10
-0.00703125 0.117188 1.2029E-10
-0.0201563 0.335938 1.20451E-10
-0.00890625 0.148438 1.18299E-10
-0.00421875 0.0703125 1.20834E-10
0.00140625 0.0234375 1.17264E-10
-0.00796875 0.132812 1.18941E-10
-0.00328125 0.0546875 1.18532E-10
0.0107812 0.179688 1.17783E-10
-0.00046875 0.0078125 1.19656E-10
-0.0107812 0.179688 1.19714E-10
0.00046875 0.0078125 1.18412E-10
-0.00421875 0.0703125 1.19436E-10
0.0239062 0.398437 1.18988E-10
-0.0135937 0.226562 1.15835E-10
-0.00234375 0.0390625 1.17682E-10
0.00703125 0.117188 1.18703E-10
0.00421875 0.0703125 1.17958E-10
0.00796875 0.132812 1.21357E-10
0.00609375 0.101563 1.18927E-10
0.0173437 0.289062 1.19705E-10
0.00890625 0.148438 1.17661E-10
0.00046875 0.0078125 1.19025E-10
-0.00421875 0.0703125 1.22207E-10
0.0192187 0.320312 1.17936E-10
-0.00890625 0.148438 1.18603E-10
0.00703125 0.117188 1.17335E-10
0.00421875 0.0703125 1.20608E-10
0.0126562 0.210938 1.19727E-10
-0.00515625 0.0859375 1.16954E-10
0.00328125 0.0546875 1.19255E-10
0.00609375 0.101563 1.19603E-10
0.00984375 0.164062 1.18127E-10
-0.0192187 0.320312 1.20389E-10
0.00046875 0.0078125 1.18742E-10
-0.00515625 0.0859375 1.18504E-10
0.0126562 0.210938 1.17994E-10
0.00234375 0.0390625 1.17852E-10
-0.00703125 0.117188 1.20679E-10
0.00890625 0.148438 1.16326E-10
0.00421875 0.0703125 1.19927E-10
0.00984375 0.164062 1.20113E-10
-0.00234375 0.0390625 1.20406E-10
0.0164062 0.273437 1.19787E-10
0.00234375 0.0390625 1.16045E-10
0.00421875 0.0703125 1.18202E-10
-0.00328125 0.0546875 1.19495E-10
0.0173437 0.289062 1.21215E-10
-0.0145312 0.242188 1.19111E-10
-0.0220313 0.367188 1.17898E-10
0.0210937 0.351562 1.17089E-10
0.00328125 0.0546875 1.21541E-10
-0.00046875 0.0078125 1.19675E-10
0.00328125 0.0546875 1.21145E-10
-0.00890625 0.148438 1.21744E-10
-0.0126562 0.210938 1.18935E-10
0.00609375 0.101563 1.17668E-10
-0.00328125 0.0546875 1.183E-10
0.00234375 0.0390625 1.15834E-10
-0.0154687 0.257812 1.18318E-10
0.0126562 0.210938 1.17282E-10
-0.00234375 0.0390625 1.1785E-10
0.00234375 0.0390625 1.20826E-10
-0.00046875 0.0078125 1.19657E-10
0.0135937 0.226562 1.21214E-10
-0.00609375 0.101563 1.17158E-10
0.0192187 0.320312 1.17491E-10
-0.0154687 0.257812 1.17362E-10
-0.00515625 0.0859375 1.20022E-10
-0.0285937 0.476562 1.19411E-10
0.00421875 0.0703125 1.19731E-10
0.00421875 0.0703125 1.20355E-10
-0.00609375 0.101563 1.16914E-10
0.00515625 0.0859375 1.18542E-10
0.00703125 0.117188 1.19525E-10
0.00421875 0.0703125 1.16234E-10
-0.00515625 0.0859375 1.17275E-10
0.0107812 0.179688 1.19058E-10
-0.0192187 0.320312 1.1938E-10
0.00890625 0.148438 1.19129E-10
0.00421875 0.0703125 1.20433E-10
0.00609375 0.101563 1.20022E-10
0.00421875 0.0703125 1.19594E-10
0.0126562 0.210938 1.16876E-10
0.00328125 0.0546875 1.20211E-10
0.0107812 0.179688 1.18986E-10
0.0126562 0.210938 1.19835E-10
-0.00421875 0.0703125 1.17816E-10
0.0117188 0.195312 1.18151E-10
-0.00234375 0.0390625 1.19541E-10
-0.0126562 0.210938 1.1775E-10
0.0154687 0.257812 1.18626E-10
0.00890625 0.148438 1.18265E-10
0.00234375 0.0390625 1.18496E-10
-0.00046875 0.0078125 1.17545E-10
0.00421875 0.0703125 1.18257E-10
-0.00609375 0.101563 1.17498E-10
-0.00515625 0.0859375 1.18543E-10
-0.00984375 0.164062 1.1969E-10
0.0107812 0.179688 1.20314E-10
-0.0210937 0.351562 1.19719E-10
0.00140625 0.0234375 1.18942E-10
0.0285937 0.476562 1.19771E-10
0.0182812 0.304688 1.16838E-10
0.0201563 0.335938 1.16526E-10
0.00421875 0.0703125 1.19845E-10
-0.00609375 0.101563 1.19933E-10
-0.00140625 0.0234375 1.19961E-10
-0.00984375 0.164062 1.16516E-10
-0.00421875 0.0703125 1.16944E-10
-0.00890625 0.148438 1.17458E-10
-0.00421875 0.0703125 1.20037E-10
0.00703125 0.117188 1.18247E-10
0.00140625 0.0234375 1.1915E-10
-0.0164062 0.273437 1.20995E-10
-0.00234375 0.0390625 1.1945E-10
0.00890625 0.148438 1.18848E-10
-0.00328125 0.0546875 1.21966E-10
0.00796875 0.132812 1.18445E-10
-0.00328125 0.0546875 1.18673E-10
-0.00140625 0.0234375 1.16955E-10
-0.0117188 0.195312 1.19701E-10
-0.00515625 0.0859375 1.18469E-10
-0.00703125 0.117188 1.18484E-10
0.0182812 0.304688 1.17605E-10
0.00046875 0.0078125 1.17281E-10
-0.0276563 0.460938 1.21426E-10
0.00890625 0.148438 1.2113E-10
-0.00328125 0.0546875 1.21544E-10
-0.00234375 0.0390625 1.16869E-10
-0.00609375 0.101563 1.19365E-10
-0.00421875 0.0703125 1.17181E-10
-0.00703125 0.117188 1.20294E-10
0.0117188 0.195312 1.19042E-10
-0.0107812 0.179688 1.17304E-10
0.0107812 0.179688 1.16525E-10
0.00234375 0.0390625 1.167E-10
0.0164062 0.273437 1.20192E-10
-0.00703125 0.117188 1.17215E-10
-0.00890625 0.148438 1.20618E-10
0.00046875 0.0078125 1.19913E-10
-0.00046875 0.0078125 1.17193E-10
0.0332812 0.554688 1.17445E-10
0.0192187 0.320312 1.1926E-10
-0.00890625 0.148438 1.20185E-10
-0.00515625 0.0859375 1.18041E-10
0.00328125 0.0546875 1.17579E-10
0.00046875 0.0078125 1.17608E-10
0.0126562 0.210938 1.19309E-10
0.00046875 0.0078125 1.18022E-10
-0.00046875 0.0078125 1.20855E-10
0.0173437 0.289062 1.17646E-10
-0.00140625 0.0234375 1.18882E-10
-0.0126562 0.210938 1.18763E-10
0.0107812 0.179688 1.18934E-10
-0.0154687 0.257812 1.21783E-10
0.00421875 0.0703125 1.19547E-10
-0.00796875 0.132812 1.19857E-10
-0.00515625 0.0859375 1.19736E-10
-0.00703125 0.117188 1.19137E-10
0.0182812 0.304688 1.17323E-10
-0.0229688 0.382813 1.20298E-10
-0.0164062 0.273437 1.17195E-10
0.00890625 0.148438 1.175E-10
-0.00234375 0.0390625 1.20981E-10
