-0.00796875 0.132812 7.19799E-11
0.0220313 0.367188 7.18733E-11
0.00796875 0.132812 7.21455E-11
-0.0135937 0.226562 7.12197E-11
0.00609375 0.101563 7.15489E-11
0.00140625 0.0234375 7.20471E-11
0.00984375 0.164062 7.25231E-11
-0.0117188 0.195312 7.25935E-11
-0.0229688 0.382813 7.1319E-11
-0.00984375 0.164062 7.14642E-11
-0.0210937 0.351562 7.36019E-11
-0.00515625 0.0859375 7.25049E-11
0.0126562 0.210938 7.16993E-11
0.00890625 0.148438 7.14703E-11
0.0164062 0.273437 7.07978E-11
-0.00046875 0.0078125 7.16695E-11
-0.0126562 0.210938 7.3039E-11
-0.0117188 0.195312 7.14079E-11
0.0182812 0.304688 7.23998E-11
-0.0135937 0.226562 7.36925E-11
0.00421875 0.0703125 7.21878E-11
0.0192187 0.320312 7.23336E-11
0.0107812 0.179688 7.23452E-11
-0.00046875 0.0078125 7.28478E-11
0.00328125 0.0546875 7.32312E-11
-0.0351562 0.585938 7.27432E-11
0.00046875 0.0078125 7.35678E-11
0.00890625 0.148438 7.36061E-11
0.0248437 0.414062 7.26705E-11
0.0164062 0.273437 7.24511E-11
-0.00328125 0.0546875 7.07711E-11
-0.00703125 0.117188 7.1706E-11
-0.0135937 0.226562 7.28936E-11
-0.00140625 0.0234375 7.14756E-11
0.0154687 0.257812 7.29766E-11
0.00890625 0.148438 7.14281E-11
-0.00796875 0.132812 7.40238E-11
0.00796875 0.132812 7.08341E-11
0.00984375 0.164062 7.20581E-11
0.0107812 0.179688 7.21529E-11
-0.00796875 0.132812 7.23728E-11
-0.00609375 0.101563 7.1247E-11
0.00515625 0.0859375 7.21469E-11
0.0154687 0.257812 7.19297E-11
-0.00328125 0.0546875 7.30957E-11
0.0173437 0.289062 7.22926E-11
-0.00796875 0.132812 7.33976E-11
-0.0182812 0.304688 7.15434E-11
0.00140625 0.0234375 7.15393E-11
-0.00609375 0.101563 7.16645E-11
-0.00515625 0.0859375 7.15507E-11
-0.00140625 0.0234375 7.19534E-11
0.00515625 0.0859375 7.12439E-11
0.0154687 0.257812 7.30829E-11
0.0135937 0.226562 7.22754E-11
-0.0229688 0.382813 7.35973E-11
-0.00609375 0.101563 7.25663E-11
-0.0145312 0.242188 7.12482E-11
0.00703125 0.117188 7.30248E-11
0.00796875 0.132812 7.15716E-11
0.0182812 0.304688 7.17845E-11
-0.00046875 0.0078125 7.17213E-11
-0.00703125 0.117188 7.28506E-11
0.00140625 0.0234375 7.13858E-11
0.0117188 0.195312 7.16582E-11
-0.00046875 0.0078125 7.1395E-11
0.00140625 0.0234375 7.31991E-11
0.0107812 0.179688 7.13615E-11
-0.0210937 0.351562 7.2407E-11
0.0107812 0.179688 7.21835E-11
-0.00890625 0.148438 7.13061E-11
-0.00234375 0.0390625 7.18972E-11
0.0210937 0.351562 7.18305E-11
0.00984375 0.164062 7.0672E-11
-0.0276563 0.460938 7.15268E-11
0.00140625 0.0234375 7.14837E-11
-0.00234375 0.0390625 7.32806E-11
-0.0107812 0.179688 7.18681E-11
-0.00796875 0.132812 7.26522E-11
0.00890625 0.148438 7.22739E-11
0.00140625 0.0234375 7.2163E-11
0.0323438 0.539063 7.25763E-11
0.00140625 0.0234375 7.20743E-11
-0.0192187 0.320312 7.39993E-11
-0.00515625 0.0859375 7.16669E-11
0.0229688 0.382813 7.20819E-11
-0.00421875 0.0703125 7.29825E-11
-0.0154687 0.257812 7.32943E-11
-0.00234375 0.0390625 7.22303E-11
-0.0145312 0.242188 7.30137E-11
-0.0107812 0.179688 7.39545E-11
0.0201563 0.335938 7.14314E-11
0.00046875 0.0078125 7.18863E-11
-0.00046875 0.0078125 7.17861E-11
0.0117188 0.195312 7.30933E-11
0.00234375 0.0390625 7.19496E-11
-0.00796875 0.132812 7.16895E-11
-0.00328125 0.0546875 7.1874E-11
-0.0173437 0.289062 7.11174E-11
-0.00984375 0.164062 7.11893E-11
0.00046875 0.0078125 7.37584E-11
-0.0192187 0.320312 7.21017E-11
-0.00140625 0.0234375 7.11961E-11
-0.00328125 0.0546875 7.13549E-11
0.0107812 0.179688 7.19533E-11
-0.0145312 0.242188 7.38029E-11
-0.00984375 0.164062 7.14303E-11
-0.00234375 0.0390625 7.18424E-11
-0.0135937 0.226562 7.40082E-11
0.00046875 0.0078125 7.15402E-11
-0.00796875 0.132812 7.20842E-11
0.00796875 0.132812 7.36264E-11
-0.0164062 0.273437 7.17607E-11
-0.00234375 0.0390625 7.24436E-11
0.00609375 0.101563 7.205E-11
-0.00703125 0.117188 7.22878E-11
0.0154687 0.257812 7.2042E-11
-0.0145312 0.242188 7.14553E-11
-0.0285937 0.476562 7.18093E-11
-0.0229688 0.382813 7.15338E-11
0.0164062 0.273437 7.05723E-11
0.0126562 0.210938 7.12854E-11
-0.0154687 0.257812 7.18512E-11
-0.00984375 0.164062 7.13629E-11
0.0182812 0.304688 7.19459E-11
-0.0107812 0.179688 7.13763E-11
-0.0276563 0.460938 7.27495E-11
-0.00328125 0.0546875 7.10791E-11
0.00046875 0.0078125 7.15295E-11
0.0154687 0.257812 7.13292E-11
-0.0164062 0.273437 7.34518E-11
-0.00515625 0.0859375 7.2475E-11
-0.00421875 0.0703125 7.22168E-11
0.0154687 0.257812 7.27628E-11
0.00328125 0.0546875 7.22083E-11
0.00890625 0.148438 7.39741E-11
-0.0126562 0.210938 7.15745E-11
0.00890625 0.148438 7.2634E-11
-0.00609375 0.101563 7.25025E-11
-0.00328125 0.0546875 7.28734E-11
-0.0173437 0.289062 7.35904E-11
0.00140625 0.0234375 7.20118E-11
0.00234375 0.0390625 7.13657E-11
-0.00609375 0.101563 7.29119E-11
-0.00046875 0.0078125 7.23446E-11
-0.00984375 0.164062 7.3007E-11
-0.00046875 0.0078125 7.2458E-11
-0.00890625 0.148438 7.17128E-11
-0.0164062 0.273437 7.16472E-11
-0.0267187 0.445312 7.18989E-11
-0.0145312 0.242188 7.27863E-11
0.0173437 0.289062 7.17767E-11
-0.00890625 0.148438 7.26023E-11
-0.00984375 0.164062 7.13677E-11
-0.0135937 0.226562 7.123E-11
0.00046875 0.0078125 7.27564E-11
-0.0107812 0.179688 7.20842E-11
0.00421875 0.0703125 7.17683E-11
-0.0370313 0.617188 7.45662E-11
-0.0135937 0.226562 7.19261E-11
-0.00609375 0.101563 7.22476E-11
-0.0145312 0.242188 7.12201E-11
-0.0182812 0.304688 7.34186E-11
0.0192187 0.320312 7.19633E-11
-0.00890625 0.148438 7.36988E-11
-0.0117188 0.195312 7.30904E-11
-0.0201563 0.335938 7.37939E-11
0.0145312 0.242188 7.24674E-11
0.00796875 0.132812 7.30934E-11
-0.0145312 0.242188 7.12733E-11
-0.0117188 0.195312 7.17867E-11
-0.00234375 0.0390625 7.17292E-11
0.0126562 0.210938 7.23194E-11
-0.00890625 0.148438 7.34807E-11
-0.0304687 0.507812 7.29919E-11
-0.0164062 0.273437 7.13006E-11
-0.00140625 0.0234375 7.18731E-11
0.0117188 0.195312 7.21288E-11
-0.00046875 0.0078125 7.25991E-11
-0.00046875 0.0078125 7.16545E-11
-0.00609375 0.101563 7.1343E-11
0.0210937 0.351562 7.00486E-11
0.00140625 0.0234375 7.2038E-11
-0.00421875 0.0703125 7.32003E-11
-0.00703125 0.117188 7.19961E-11
-0.00609375 0.101563 7.38114E-11
-0.00234375 0.0390625 7.27995E-11
-0.00984375 0.164062 7.15761E-11
-0.0107812 0.179688 7.1258E-11
-0.00046875 0.0078125 7.39018E-11
0.00984375 0.164062 7.07406E-11
-0.00140625 0.0234375 7.28564E-11
0.00046875 0.0078125 7.14704E-11
0.00609375 0.101563 7.13664E-11
0.00515625 0.0859375 7.20093E-11
-0.00140625 0.0234375 7.20057E-11
0.0257812 0.429688 7.26948E-11
-0.00796875 0.132812 7.19897E-11
0.00140625 0.0234375 7.13799E-11
-0.0107812 0.179688 7.33806E-11
