0.00890625 0.148438 8.08032E-11
-0.00421875 0.0703125 7.90339E-11
-0.0107812 0.179688 8.24557E-11
0.0182812 0.304688 7.86341E-11
-0.00796875 0.132812 8.14873E-11
0.00234375 0.0390625 7.92944E-11
0.00046875 0.0078125 7.92596E-11
-0.00703125 0.117188 8.09383E-11
0.0126562 0.210938 8.12939E-11
0.00515625 0.0859375 8.00542E-11
0.0107812 0.179688 7.87958E-11
0.00421875 0.0703125 7.98219E-11
-0.0145312 0.242188 8.05703E-11
0.0126562 0.210938 8.24798E-11
-0.0126562 0.210938 8.07051E-11
-0.00046875 0.0078125 7.83149E-11
-0.00703125 0.117188 7.997E-11
0.0117188 0.195312 8.00325E-11
-0.0276563 0.460938 8.22439E-11
-0.00046875 0.0078125 7.87628E-11
0.00234375 0.0390625 8.02758E-11
0.00140625 0.0234375 7.97539E-11
0.00140625 0.0234375 8.07801E-11
0.00328125 0.0546875 8.14635E-11
-0.0164062 0.273437 7.99944E-11
0.00328125 0.0546875 8.01723E-11
0.00328125 0.0546875 8.05498E-11
-0.00421875 0.0703125 8.03148E-11
0.00796875 0.132812 8.08933E-11
0.0107812 0.179688 8.00688E-11
-0.00046875 0.0078125 8.08826E-11
0.00421875 0.0703125 8.08752E-11
-0.00046875 0.0078125 8.00638E-11
-0.0201563 0.335938 8.23193E-11
-0.00328125 0.0546875 7.98418E-11
0.0126562 0.210938 7.98379E-11
-0.0107812 0.179688 8.16633E-11
-0.00046875 0.0078125 8.09107E-11
0.00515625 0.0859375 7.83516E-11
-0.00703125 0.117188 8.10655E-11
0.0173437 0.289062 7.91092E-11
0.00046875 0.0078125 8.00767E-11
0.00046875 0.0078125 8.14284E-11
-0.0117188 0.195312 8.12087E-11
-0.0173437 0.289062 8.09092E-11
-0.00234375 0.0390625 7.9429E-11
0.00796875 0.132812 7.98325E-11
0.00421875 0.0703125 7.8898E-11
-0.00890625 0.148438 7.99797E-11
-0.00609375 0.101563 8.04122E-11
-0.00328125 0.0546875 7.92972E-11
-0.0220313 0.367188 8.0764E-11
-0.0126562 0.210938 8.07094E-11
0.00609375 0.101563 7.94103E-11
-0.0126562 0.210938 7.99847E-11
-0.00796875 0.132812 8.06389E-11
0.00140625 0.0234375 8.00585E-11
-0.0314062 0.523438 8.0722E-11
0.00234375 0.0390625 7.81726E-11
-0.00046875 0.0078125 7.93587E-11
-0.00234375 0.0390625 8.02587E-11
-0.0145312 0.242188 7.97315E-11
0.00703125 0.117188 8.21904E-11
-0.0210937 0.351562 8.02391E-11
-0.00703125 0.117188 8.06099E-11
-0.00609375 0.101563 7.87438E-11
0.0360937 0.601562 8.1372E-11
-0.0117188 0.195312 7.99878E-11
-0.0135937 0.226562 7.96004E-11
-0.00703125 0.117188 8.01456E-11
0.0126562 0.210938 8.09715E-11
-0.00890625 0.148438 8.14422E-11
0.00328125 0.0546875 7.89728E-11
0.0145312 0.242188 7.99799E-11
-0.0323438 0.539063 7.96034E-11
-0.00609375 0.101563 8.03036E-11
0.0145312 0.242188 7.83178E-11
-0.0257812 0.429688 8.09896E-11
-0.00609375 0.101563 7.99372E-11
-0.00515625 0.0859375 8.03914E-11
-0.0107812 0.179688 7.9227E-11
0.00046875 0.0078125 8.12125E-11
-0.00796875 0.132812 8.06536E-11
0.00140625 0.0234375 7.84186E-11
0.00796875 0.132812 7.88444E-11
0.00140625 0.0234375 8.08764E-11
-0.0107812 0.179688 8.10267E-11
-0.0135937 0.226562 7.93514E-11
-0.00515625 0.0859375 8.15572E-11
0.00046875 0.0078125 7.96483E-11
-0.0164062 0.273437 7.83337E-11
-0.00796875 0.132812 7.98817E-11
0.0145312 0.242188 8.12253E-11
0.00140625 0.0234375 8.06158E-11
0.00890625 0.148438 7.94697E-11
-0.0229688 0.382813 8.02371E-11
0.00046875 0.0078125 7.87269E-11
0.0164062 0.273437 8.09567E-11
0.00046875 0.0078125 8.21838E-11
-0.00984375 0.164062 8.11738E-11
0.0117188 0.195312 8.01598E-11
-0.0182812 0.304688 8.042E-11
-0.00515625 0.0859375 8.09969E-11
-0.00421875 0.0703125 8.06301E-11
-0.00421875 0.0703125 8.18617E-11
0.0135937 0.226562 8.01577E-11
0.00515625 0.0859375 8.04831E-11
0.0182812 0.304688 7.80755E-11
0.00234375 0.0390625 8.06388E-11
0.0145312 0.242188 7.94336E-11
-0.00515625 0.0859375 7.91877E-11
0.00328125 0.0546875 8.06008E-11
-0.00609375 0.101563 8.08649E-11
-0.00890625 0.148438 8.11694E-11
0.0173437 0.289062 8.17296E-11
0.00046875 0.0078125 8.00696E-11
-0.00046875 0.0078125 8.04999E-11
0.00140625 0.0234375 7.94456E-11
0.00328125 0.0546875 8.05374E-11
-0.00234375 0.0390625 7.93838E-11
-0.0135937 0.226562 8.07856E-11
0.00515625 0.0859375 7.98287E-11
0.0145312 0.242188 8.01043E-11
0.0201563 0.335938 7.81393E-11
-0.00984375 0.164062 7.99766E-11
-0.00703125 0.117188 8.18005E-11
-0.00890625 0.148438 8.14783E-11
-0.00703125 0.117188 8.06469E-11
-0.0126562 0.210938 8.02184E-11
0.00140625 0.0234375 7.98971E-11
0.00421875 0.0703125 7.91236E-11
0.0173437 0.289062 8.00913E-11
0.0267187 0.445312 7.83849E-11
-0.00609375 0.101563 7.96016E-11
0.00421875 0.0703125 7.96715E-11
0.0201563 0.335938 7.94793E-11
0.00890625 0.148438 8.10013E-11
-0.0154687 0.257812 8.06581E-11
-0.00984375 0.164062 8.01547E-11
0.00515625 0.0859375 8.08784E-11
0.0145312 0.242188 8.01002E-11
0.0135937 0.226562 8.05211E-11
-0.00421875 0.0703125 8.07048E-11
0.0220313 0.367188 7.80315E-11
-0.0126562 0.210938 8.06795E-11
0.0182812 0.304688 7.80722E-11
-0.00046875 0.0078125 8.01692E-11
-0.0107812 0.179688 8.01841E-11
0.00515625 0.0859375 8.08275E-11
-0.0192187 0.320312 8.02865E-11
-0.0107812 0.179688 7.82623E-11
0.00140625 0.0234375 8.00526E-11
-0.0135937 0.226562 8.03547E-11
-0.00046875 0.0078125 8.01717E-11
-0.00421875 0.0703125 7.97309E-11
-0.00421875 0.0703125 7.95229E-11
-0.00984375 0.164062 8.00977E-11
-0.00796875 0.132812 7.94871E-11
-0.0192187 0.320312 8.03087E-11
-0.00796875 0.132812 8.04391E-11
-0.0182812 0.304688 8.08297E-11
0.00515625 0.0859375 8.07806E-11
0.00140625 0.0234375 7.98806E-11
0.00046875 0.0078125 7.99621E-11
0.0107812 0.179688 8.02579E-11
0.00234375 0.0390625 8.09668E-11
0.00234375 0.0390625 8.13675E-11
0.00703125 0.117188 7.99921E-11
0.0107812 0.179688 8.0109E-11
0.00328125 0.0546875 8.12075E-11
-0.00328125 0.0546875 8.11462E-11
-0.00984375 0.164062 8.01202E-11
0.00890625 0.148438 7.86829E-11
0.00328125 0.0546875 7.84538E-11
0.0182812 0.304688 7.88357E-11
0.00890625 0.148438 8.06053E-11
0.00796875 0.132812 8.16816E-11
0.00234375 0.0390625 8.02602E-11
-0.00234375 0.0390625 8.00818E-11
0.0154687 0.257812 8.07209E-11
-0.0220313 0.367188 7.98113E-11
-0.0135937 0.226562 8.04098E-11
-0.00140625 0.0234375 8.03267E-11
0.00703125 0.117188 8.00441E-11
0.0201563 0.335938 7.83254E-11
-0.0220313 0.367188 8.03408E-11
-0.00328125 0.0546875 8.06275E-11
0.0239062 0.398437 7.92469E-11
-0.0135937 0.226562 7.81327E-11
-0.00703125 0.117188 8.14345E-11
-0.00046875 0.0078125 8.02892E-11
-0.00328125 0.0546875 8.04135E-11
0.00140625 0.0234375 7.97083E-11
-0.00421875 0.0703125 7.79904E-11
-0.00703125 0.117188 8.01405E-11
-0.0135937 0.226562 8.00262E-11
-0.00796875 0.132812 8.03202E-11
-0.00515625 0.0859375 8.11826E-11
0.00140625 0.0234375 7.98831E-11
-0.00234375 0.0390625 8.00437E-11
