-0.00188233 0.0313721 1.01897E-09
0.00563233 0.0938721 1.02292E-09
-0.0138794 0.231323 1.02806E-09
0.000124513 0.00207521 9.97424E-10
0.0144506 0.240843 9.70026E-10
-0.00261474 0.0435791 1.06863E-09
0.00227783 0.0379639 9.58165E-10
-0.010232 0.170533 9.97832E-10
0.0134985 0.224975 9.76684E-10
-0.00270264 0.0450439 9.76558E-10
-0.00913329 0.152222 1.0014E-09
0.00889893 0.148315 1.03891E-09
0.00281982 0.0469971 9.49165E-10
0.00280518 0.0467529 1.11343E-09
-0.00678955 0.113159 1.01858E-09
-0.000695801 0.0115967 1.00897E-09
0.00787354 0.131226 1.04451E-09
0.000168458 0.00280763 1.01993E-09
-0.00633546 0.105591 1.01972E-09
0.00759522 0.126587 1.0086E-09
0.00311279 0.0518799 1.01867E-09
-0.00944092 0.157349 1.08285E-09
-0.0111987 0.186645 9.77574E-10
0.0058667 0.0977783 1.00408E-09
0.00249756 0.0416259 1.00755E-09
0.0265795 0.442992 9.78275E-10
-0.00755127 0.125855 1.02776E-09
0.0205297 0.342162 9.67173E-10
0.00364015 0.0606691 9.97128E-10
0.00841553 0.140259 1.01684E-09
-0.00217529 0.0362549 9.96888E-10
-0.00903076 0.150513 1.00914E-09
0.00131103 0.0218506 1.08812E-09
0.00175048 0.0291747 1.02517E-09
-0.0109497 0.182494 1.01671E-09
0.00128173 0.0213622 9.82871E-10
-0.000183106 0.00305178 1.06153E-09
0.0050464 0.0841066 9.5961E-10
0.0139673 0.232788 1.01809E-09
0.00816649 0.136108 1.00891E-09
0.00656982 0.109497 9.68806E-10
0.00201417 0.0335694 1.03401E-09
0.00194092 0.0323486 1.02393E-09
-0.0149926 0.249878 9.81668E-10
0.00662842 0.110474 9.5306E-10
-7.32425E-06 0.000122071 9.66874E-10
0.00226319 0.0377198 9.57429E-10
-0.0115796 0.192993 9.51365E-10
0.00613038 0.102173 9.97698E-10
-0.0142748 0.237914 9.8443E-10
0.00509033 0.0848389 9.86847E-10
0.00661377 0.110229 9.37576E-10
0.00951416 0.158569 9.83162E-10
0.00365479 0.0609132 1.03626E-09
-0.00435792 0.0726319 9.73053E-10
-0.00550049 0.0916748 1.00498E-09
-0.0130444 0.217407 9.59291E-10
-0.0127367 0.212279 1.00839E-09
-0.00569092 0.0948486 9.77727E-10
0.00126709 0.0211181 1.02352E-09
-0.0133519 0.222532 1.00687E-09
0.00552979 0.0921631 1.01504E-09
-0.0035962 0.0599367 9.86326E-10
0.00421142 0.0701904 1.03509E-09
-0.00378663 0.0631104 9.95242E-10
-0.00485597 0.0809328 9.68481E-10
0.000666505 0.0111084 1.00338E-09
-0.00343507 0.0572511 1.01736E-09
0.0133812 0.223021 9.82155E-10
0.00103272 0.0172119 1.02529E-09
-0.00749268 0.124878 9.87367E-10
-0.0143334 0.23889 9.81874E-10
0.00131103 0.0218506 1.0825E-09
0.0035962 0.0599367 9.53831E-10
0.00254151 0.0423584 1.00868E-09
0.00210206 0.0350343 9.59213E-10
0.00199952 0.0333253 1.05695E-09
0.00506105 0.0843508 1.05842E-09
0.000197755 0.00329592 9.88823E-10
-0.0119604 0.19934 1.01276E-09
-0.00180909 0.0301514 9.56934E-10
-0.00273194 0.0455323 1.06875E-09
0.00982178 0.163696 1.01504E-09
-0.00279053 0.0465088 9.38079E-10
0.0103198 0.171997 1.006E-09
-0.00804931 0.134155 1.00431E-09
-0.00183839 0.0306398 1.00679E-09
0.00443115 0.0738526 1.03431E-09
0.0100561 0.167602 9.56943E-10
0.0030542 0.0509034 9.96433E-10
-0.0117553 0.195922 1.01827E-09
-0.00618897 0.103149 1.01562E-09
0.00254151 0.0423584 1.02796E-09
0.00866454 0.144409 1.04424E-09
-0.00535401 0.0892334 9.81821E-10
0.0115943 0.193238 9.29976E-10
-0.004021 0.0670166 1.04292E-09
-0.00569092 0.0948486 1.04156E-09
0.0131761 0.219603 1.00083E-09
0.00284912 0.0474853 1.00728E-09
-0.0121801 0.203003 1.06347E-09
-0.00384522 0.064087 9.75257E-10
0.0101294 0.168823 1.00757E-09
0.00778564 0.129761 1.01755E-09
-0.00327392 0.0545654 1.01901E-09
-0.00103272 0.0172119 9.97123E-10
-0.0021167 0.0352784 1.03117E-09
0.00576416 0.0960694 9.92034E-10
0.0126928 0.211547 1.0171E-09
-0.00536865 0.0894775 1.01872E-09
-0.00847412 0.141235 1.03667E-09
0.00355225 0.0592042 1.01928E-09
0.00572021 0.0953369 1.0374E-09
0.000549317 0.00915528 1.06874E-09
-0.00374268 0.062378 1.00097E-09
0.00232177 0.0386963 9.77873E-10
0.00201417 0.0335694 9.69013E-10
0.000285645 0.00476075 1.02313E-09
0.00106201 0.0177003 9.84806E-10
0.0119165 0.198608 1.0162E-09
0.00886962 0.147827 9.82069E-10
-0.00979248 0.163208 1.06311E-09
-0.0156372 0.26062 1.02659E-09
-0.00762452 0.127075 9.91088E-10
-0.0260961 0.434936 1.0043E-09
-0.00179444 0.0299073 1.01796E-09
-0.00135498 0.0225831 1.03475E-09
0.00150147 0.0250244 1.00421E-09
0.00583742 0.0972903 1.00721E-09
0.00342042 0.0570069 1.01304E-09
0.00339112 0.0565187 9.68495E-10
0.0016919 0.0281983 1.0162E-09
-0.0101879 0.169799 9.86885E-10
0.000769043 0.0128174 9.66106E-10
-0.0104955 0.174925 9.98514E-10
0.00847412 0.141235 1.03808E-09
0.00280518 0.0467529 1.03821E-09
0.00866454 0.144409 9.9188E-10
-0.00103272 0.0172119 9.76357E-10
0.00784424 0.130737 1.01727E-09
0.00734619 0.122437 1.01729E-09
0.00826904 0.137817 1.02386E-09
-0.00627685 0.104614 1.06578E-09
-0.00334717 0.0557863 9.97485E-10
0.00388916 0.0648194 9.92536E-10
-0.00264405 0.0440674 1.03378E-09
0.000637208 0.0106201 9.74506E-10
-0.00336182 0.0560304 1.00072E-09
0.0147289 0.245482 9.58694E-10
0.0050464 0.0841066 1.01639E-09
-0.00847412 0.141235 1.06813E-09
-0.00235108 0.0391846 9.94599E-10
0.0166186 0.276977 9.87267E-10
0.00966064 0.161011 9.92149E-10
-0.00917725 0.152954 1.03498E-09
-0.00901611 0.150269 1.02163E-09
0.00139893 0.0233154 9.87071E-10
0.00139893 0.0233154 1.00614E-09
-0.00356691 0.0594484 9.64165E-10
0.00693604 0.115601 1.04685E-09
0.00202881 0.0338136 1.00621E-09
-0.000461426 0.00769043 1.01697E-09
-0.00223389 0.0372314 9.67893E-10
0.00232177 0.0386963 1.0037E-09
-0.000915527 0.0152588 1.0225E-09
-0.0021167 0.0352784 1.02165E-09
-0.00424072 0.0706787 1.0071E-09
-0.00261474 0.0435791 1.05036E-09
-0.00702393 0.117066 9.77432E-10
-0.00223389 0.0372314 1.01138E-09
-0.000285645 0.00476075 1.0057E-09
-0.00400634 0.0667724 9.95997E-10
0.0111694 0.186157 9.67197E-10
-0.0102905 0.171508 9.88315E-10
-0.000300294 0.00500489 9.88138E-10
-0.000959473 0.0159912 1.06258E-09
0.00574952 0.0958253 1.05997E-09
-0.000227051 0.00378418 9.72956E-10
3.66213E-05 0.000610354 9.68112E-10
-0.00785888 0.130981 1.03608E-09
0.00325927 0.0543213 9.67319E-10
-0.00476807 0.0794678 1.05389E-09
-0.00699463 0.116577 9.96793E-10
-0.000534668 0.00891113 1.0182E-09
-0.0123705 0.206175 1.05691E-09
-0.0119604 0.19934 1.07392E-09
-0.00528075 0.0880126 1.04591E-09
-0.0117992 0.196654 1.02499E-09
-0.00706787 0.117798 9.7755E-10
-0.00558837 0.0931396 1.03775E-09
0.000446778 0.0074463 1.03782E-09
0.00656982 0.109497 1.0329E-09
0.000490723 0.00817872 1.02498E-09
-0.0016919 0.0281983 1.0548E-09
-0.012019 0.200317 1.05821E-09
-0.00736085 0.122681 9.94141E-10
-0.0113891 0.189819 1.02701E-09
-0.00249756 0.0416259 1.0026E-09
0.0159741 0.266236 9.86596E-10
-0.0074048 0.123413 1.02576E-09
