-0.0180834 0.30139 1.07744E-10
0.0172777 0.287962 1.0878E-10
0.0030542 0.0509034 1.09784E-10
-0.00422608 0.0704346 1.08997E-10
0.0293481 0.489134 1.09429E-10
0.00826904 0.137817 1.09547E-10
0.00516358 0.0860596 1.10972E-10
-0.00460694 0.0767823 1.10319E-10
-0.0111694 0.186157 1.09119E-10
-0.00434326 0.0723878 1.09514E-10
0.0166919 0.278198 1.08669E-10
-0.0179662 0.299437 1.09033E-10
-0.00334717 0.0557863 1.09489E-10
0.00733155 0.122193 1.09501E-10
0.00230713 0.0384522 1.07502E-10
-0.00670165 0.111694 1.08422E-10
0.000783692 0.0130615 1.10479E-10
0.00510499 0.0850831 1.10459E-10
0.0153881 0.256468 1.09364E-10
-0.0103051 0.171753 1.08488E-10
0.00296631 0.0494386 1.08208E-10
-0.00186768 0.0311279 1.07069E-10
0.00429931 0.0716553 1.11172E-10
-0.00221924 0.0369873 1.10795E-10
0.00717042 0.119507 1.08648E-10
0.0120776 0.201294 1.09384E-10
-0.000124513 0.00207521 1.08649E-10
0.0284691 0.474486 1.0796E-10
0.0167798 0.279663 1.11304E-10
0.0121362 0.20227 1.08682E-10
0.00988037 0.164673 1.09218E-10
-0.00481202 0.0802003 1.08716E-10
-0.014641 0.244017 1.09803E-10
0.00429931 0.0716553 1.09391E-10
-0.0129858 0.21643 1.10468E-10
-0.0165454 0.275756 1.10125E-10
0.0142455 0.237425 1.08757E-10
0.00966064 0.161011 1.08802E-10
9.5215E-05 0.00158692 1.1073E-10
0.000915527 0.0152588 1.08659E-10
0.00872314 0.145386 1.09814E-10
0.0025122 0.0418701 1.09729E-10
0.0161645 0.269409 1.11162E-10
-0.0114624 0.19104 1.0957E-10
-0.0139965 0.233276 1.10941E-10
-0.00593995 0.0989991 1.11652E-10
-0.00925048 0.154175 1.10408E-10
-0.017102 0.285033 1.08985E-10
0.00879639 0.146606 1.10512E-10
0.00602784 0.100464 1.08548E-10
0.00703858 0.11731 1.1082E-10
0.0159302 0.265503 1.08907E-10
-0.00366945 0.0611574 1.08814E-10
-0.00519286 0.0865477 1.08755E-10
-0.00649659 0.108276 1.09717E-10
0.0191967 0.319946 1.08901E-10
-0.00993895 0.165649 1.10284E-10
-0.0087085 0.145142 1.0936E-10
0.00733155 0.122193 1.10035E-10
0.0226392 0.37732 1.08697E-10
-0.00734619 0.122437 1.09675E-10
-0.0144506 0.240843 1.09872E-10
0.0169555 0.282592 1.08517E-10
-0.0236939 0.394898 1.10879E-10
0.00841553 0.140259 1.08977E-10
0.00564698 0.0941163 1.10286E-10
0.0173657 0.289428 1.0878E-10
0.00274659 0.0457764 1.08511E-10
-0.0185522 0.309204 1.08683E-10
0.00888428 0.148071 1.08387E-10
0.0127807 0.213012 1.07585E-10
-0.013264 0.221068 1.10147E-10
-0.00800537 0.133423 1.09492E-10
-0.0117699 0.196166 1.09966E-10
-0.00662842 0.110474 1.10209E-10
0.00832763 0.138794 1.09802E-10
-0.00706787 0.117798 1.09004E-10
0.000534668 0.00891113 1.10175E-10
0.00522216 0.0870361 1.09678E-10
-0.0194604 0.32434 1.10424E-10
-0.0151098 0.251831 1.09026E-10
0.0101147 0.168579 1.09892E-10
-0.00993895 0.165649 1.09992E-10
0.0134545 0.224242 1.09737E-10
0.0216285 0.360474 1.0955E-10
-0.00129639 0.0216064 1.09802E-10
-0.00680419 0.113403 1.08432E-10
0.0131469 0.219115 1.10706E-10
-0.00706787 0.117798 1.08858E-10
0.0125609 0.209349 1.08556E-10
-9.5215E-05 0.00158692 1.08956E-10
-0.000871582 0.0145264 1.08673E-10
-0.00536865 0.0894775 1.12347E-10
0.0140845 0.234742 1.08568E-10
-0.00421142 0.0701904 1.10469E-10
-0.0139819 0.233032 1.09697E-10
-0.00564698 0.0941163 1.093E-10
0.00800537 0.133423 1.09336E-10
-0.00564698 0.0941163 1.09607E-10
0.00172119 0.0286864 1.09871E-10
0.00498779 0.0831299 1.09136E-10
0.00347901 0.0579834 1.09364E-10
0.00639406 0.106568 1.07476E-10
0.00164795 0.0274658 1.08699E-10
-0.00125244 0.0208739 1.1001E-10
0.0249535 0.415892 1.07966E-10
0.0025122 0.0418701 1.09211E-10
0.00711183 0.11853 1.09835E-10
-0.00380127 0.0633546 1.10137E-10
-0.0148608 0.247681 1.0989E-10
-0.00844482 0.140747 1.09275E-10
-0.00649659 0.108276 1.09994E-10
0.0072876 0.12146 1.10074E-10
0.00656982 0.109497 1.08943E-10
-0.00447511 0.0745851 1.09495E-10
-0.00536865 0.0894775 1.10526E-10
0.0054419 0.0906983 1.10028E-10
-0.0102466 0.170777 1.12315E-10
0.0261547 0.435912 1.091E-10
0.00828368 0.138061 1.08695E-10
-0.00226319 0.0377198 1.10702E-10
-7.32425E-06 0.000122071 1.09403E-10
0.0155346 0.25891 1.10983E-10
0.0137182 0.228637 1.08976E-10
-0.025891 0.431517 1.09435E-10
-0.0104222 0.173704 1.09052E-10
0.00819579 0.136597 1.10816E-10
0.00973389 0.162231 1.10648E-10
0.00580811 0.0968019 1.08779E-10
-0.0111547 0.185913 1.10557E-10
-0.00599854 0.0999756 1.12213E-10
-0.0123558 0.205931 1.09137E-10
0.000959473 0.0159912 1.0896E-10
0.00170654 0.0284423 1.09318E-10
-0.000197755 0.00329592 1.09497E-10
-0.00615967 0.102661 1.09143E-10
-0.0026294 0.0438233 1.07613E-10
0.000739747 0.0123291 1.09131E-10
0.00829834 0.138306 1.12052E-10
-0.0107006 0.178343 1.08408E-10
0.0103051 0.171753 1.10135E-10
2.19728E-05 0.000366213 1.09725E-10
0.00298097 0.0496828 1.10738E-10
0.000373536 0.0062256 1.09433E-10
-0.000754395 0.0125733 1.098E-10
-0.000695801 0.0115967 1.09829E-10
0.011477 0.191284 1.08473E-10
0.000256348 0.00427247 1.08729E-10
-0.00283447 0.0472412 1.09003E-10
-0.00507569 0.0845948 1.09912E-10
-0.0208959 0.348265 1.11997E-10
0.0103929 0.173216 1.11288E-10
-0.00661377 0.110229 1.08657E-10
-0.0151245 0.252075 1.11251E-10
0.0138794 0.231323 1.11612E-10
-0.00599854 0.0999756 1.0962E-10
0.0076831 0.128052 1.08081E-10
-0.000300294 0.00500489 1.08612E-10
0.0114185 0.190308 1.09134E-10
0.0251147 0.418578 1.11405E-10
-0.00198486 0.0330811 1.1071E-10
-0.0072876 0.12146 1.08939E-10
-0.0249975 0.416625 1.10473E-10
0.0193725 0.322875 1.09226E-10
0.00557372 0.0928954 1.11517E-10
0.00574952 0.0958253 1.10484E-10
-0.0169847 0.283079 1.0939E-10
0.00488525 0.0814209 1.09063E-10
-0.000388184 0.00646973 1.09143E-10
0.00982178 0.163696 1.06635E-10
0.00172119 0.0286864 1.11194E-10
-0.013557 0.225951 1.09347E-10
0.0129272 0.215453 1.08693E-10
0.0270922 0.451537 1.09529E-10
0.00410888 0.0684814 1.10003E-10
-0.0130151 0.216918 1.10618E-10
-0.00749268 0.124878 1.11077E-10
-0.000388184 0.00646973 1.09994E-10
-0.00270264 0.0450439 1.09503E-10
0.00778564 0.129761 1.08647E-10
-0.0174682 0.291137 1.08995E-10
9.5215E-05 0.00158692 1.1051E-10
0.000109864 0.00183106 1.09901E-10
-0.0119604 0.19934 1.08885E-10
0.000402833 0.00671388 1.08932E-10
0.00595459 0.0992432 1.09244E-10
-0.00161865 0.0269775 1.09091E-10
-0.00498779 0.0831299 1.10717E-10
-0.0196508 0.327514 1.08667E-10
-3.66213E-05 0.000610354 1.09737E-10
0.0108178 0.180297 1.1096E-10
0.00377197 0.0628662 1.10693E-10
-0.00197021 0.0328369 1.08867E-10
-0.00437257 0.0728761 1.08293E-10
0.00873779 0.14563 1.11561E-10
0.00566162 0.0943603 1.08511E-10
0.00173584 0.0289306 1.09217E-10
-0.00481202 0.0802003 1.09351E-10
-0.00722901 0.120484 1.09699E-10
0.00409423 0.0682372 1.08767E-10
