0.0124437 0.207396 9.9798E-11
0.00321533 0.0535889 1.00918E-10
0.00706787 0.117798 1.01238E-10
-2.19728E-05 0.000366213 1.02654E-10
0.000739747 0.0123291 9.98293E-11
-0.0173803 0.289672 9.94863E-11
-0.000783692 0.0130615 1.01432E-10
-0.0148022 0.246703 1.01154E-10
-0.0119311 0.198852 1.00561E-10
-0.0059253 0.0987549 1.01196E-10
0.0067456 0.112427 9.97708E-11
-0.0031421 0.0523683 1.00328E-10
0.00607177 0.101196 1.00409E-10
0.0153295 0.255492 1.00537E-10
-0.00293702 0.0489503 9.90506E-11
-0.00942626 0.157104 1.00197E-10
-0.00230713 0.0384522 1.01331E-10
0.00409423 0.0682372 1.00994E-10
-0.0100122 0.16687 1.00519E-10
0.0186841 0.311401 9.98138E-11
0.019226 0.320433 9.93589E-11
0.00287842 0.0479736 1.01854E-10
0.00270264 0.0450439 9.93188E-11
0.00762452 0.127075 1.01139E-10
-0.0109936 0.183227 9.90232E-11
-0.00132569 0.0220948 1.01112E-10
0.0133959 0.223265 9.9164E-11
0.0141576 0.23596 1.00273E-10
-0.0119018 0.198364 1.01035E-10
-0.00911865 0.151977 9.82449E-11
0.0111987 0.186645 1.00588E-10
-0.0158129 0.263549 1.00083E-10
0.00681885 0.113647 9.96071E-11
-0.00318604 0.0531006 9.98127E-11
-0.00602784 0.100464 1.00313E-10
-0.00331788 0.0552979 1.00394E-10
0.00652589 0.108765 9.94409E-11
0.00831299 0.13855 1.01992E-10
0.007771 0.129517 9.9139E-11
0.0218482 0.364137 1.00233E-10
-0.0148461 0.247436 1.0255E-10
-0.00103272 0.0172119 1.00933E-10
0.00670165 0.111694 1.01655E-10
-0.0136449 0.227416 1.00909E-10
0.0150073 0.250122 1.00016E-10
0.00311279 0.0518799 1.02039E-10
0.004021 0.0670166 1.01558E-10
0.00593995 0.0989991 9.92432E-11
-0.0182153 0.303588 9.89935E-11
-0.00466554 0.0777589 1.0135E-10
0.0135424 0.225707 1.01267E-10
0.00274659 0.0457764 1.00868E-10
-0.0117846 0.19641 1.01149E-10
0.00673096 0.112183 1.01315E-10
0.00468018 0.078003 1.00691E-10
0.00277588 0.0462646 1.01029E-10
0.0076831 0.128052 9.90721E-11
0.00468018 0.078003 1.00473E-10
0.000812989 0.0135498 9.95573E-11
0.00990965 0.165161 9.90623E-11
-0.00602784 0.100464 9.92572E-11
-0.0120483 0.200805 1.01028E-10
-0.00448975 0.0748292 1.00297E-10
-0.0118871 0.198119 1.0081E-10
-0.0226246 0.377076 1.00655E-10
-0.00243897 0.0406496 9.94298E-11
0.0173217 0.288695 1.00264E-10
-0.00844482 0.140747 9.95453E-11
0.00432862 0.0721436 1.01475E-10
0.0175415 0.292357 1.00377E-10
0.00164795 0.0274658 1.01513E-10
0.00315674 0.0526123 1.01788E-10
-0.00693604 0.115601 9.91602E-11
-0.00649659 0.108276 9.96424E-11
0.0132494 0.220823 1.00443E-10
-0.0103051 0.171753 9.99728E-11
-0.00129639 0.0216064 1.00908E-10
-0.00344971 0.0574952 1.01615E-10
0.00574952 0.0958253 1.00309E-10
-0.0102173 0.170288 9.95373E-11
0.000549317 0.00915528 9.98406E-11
0.00180909 0.0301514 9.98428E-11
0.000563965 0.00939942 9.98533E-11
0.00422608 0.0704346 1.01522E-10
-0.00383058 0.0638429 9.89279E-11
0.00753662 0.12561 9.99854E-11
0.0117553 0.195922 1.01437E-10
0.00832763 0.138794 9.94515E-11
-0.0159009 0.265014 1.01293E-10
0.0123705 0.206175 9.9534E-11
-0.000988771 0.0164795 1.00937E-10
0.00838623 0.13977 1.00726E-10
-0.0138647 0.231079 1.02355E-10
-0.0110229 0.183715 1.00758E-10
0.000153809 0.00256348 1.01513E-10
-0.0107446 0.179077 1.00574E-10
0.018728 0.312134 1.01173E-10
-0.0190063 0.316772 1.02727E-10
-9.5215E-05 0.00158692 9.99418E-11
0.0133373 0.222288 1.00834E-10
-0.00574952 0.0958253 1.02164E-10
-0.00785888 0.130981 9.96066E-11
0.0130151 0.216918 1.00196E-10
-0.00385987 0.0643311 9.8908E-11
0.00610108 0.101685 1.0135E-10
0.00979248 0.163208 1.01117E-10
-0.00914795 0.152466 1.0135E-10
-0.00753662 0.12561 9.97492E-11
0.00700929 0.116821 1.02842E-10
0.00652589 0.108765 9.95302E-11
0.00164795 0.0274658 1.02385E-10
-0.0116675 0.194459 1.02648E-10
-0.00850342 0.141724 1.00207E-10
-0.0157837 0.263062 1.01344E-10
-0.0144213 0.240355 9.95935E-11
0.000959473 0.0159912 9.80532E-11
-0.00596923 0.0994872 1.00736E-10
-0.00617431 0.102905 9.93102E-11
-0.00976319 0.16272 1.00458E-10
-0.00485597 0.0809328 1.02439E-10
0.0136742 0.227904 1.02364E-10
-2.19728E-05 0.000366213 1.01131E-10
-0.00167724 0.0279541 1.00512E-10
0.000388184 0.00646973 1.02154E-10
0.0129858 0.21643 1.00466E-10
0.0142455 0.237425 1.00537E-10
-0.00224854 0.0374756 9.96946E-11
0.0125023 0.208372 1.01559E-10
0.00428467 0.0714112 1.00775E-10
-0.0160766 0.267944 1.00331E-10
-0.00573487 0.0955811 1.01594E-10
-0.0257592 0.42932 1.01807E-10
-0.0026294 0.0438233 1.00381E-10
-0.0067749 0.112915 1.02285E-10
0.00079834 0.0133057 1.02229E-10
-0.010232 0.170533 9.91612E-11
-0.0035962 0.0599367 9.93961E-11
-0.0142308 0.237181 9.99124E-11
-0.000285645 0.00476075 1.01847E-10
-0.0249389 0.415648 1.01826E-10
-0.0276782 0.461303 1.00932E-10
-0.0175268 0.292113 1.00589E-10
-0.00790284 0.131714 1.01162E-10
0.00834228 0.139038 1.00887E-10
0.0123851 0.206419 1.00478E-10
-0.00136964 0.0228273 1.00716E-10
-0.0288354 0.480591 1.01537E-10
-0.000681153 0.0113526 1.00802E-10
0.0241625 0.402709 9.91428E-11
-0.0110668 0.184447 9.95346E-11
-0.0226538 0.377563 1.022E-10
0.0104076 0.17346 1.01359E-10
3.66213E-05 0.000610354 1.01256E-10
0.000856934 0.0142822 1.00517E-10
-0.00941162 0.15686 1.00356E-10
0.00718507 0.119751 1.0143E-10
-0.0117699 0.196166 9.89919E-11
-0.01281 0.2135 1.02155E-10
-0.00296631 0.0494386 1.00444E-10
-0.0111401 0.185668 1.00481E-10
-0.0280444 0.467407 1.01268E-10
-0.000886231 0.0147705 1.005E-10
-0.00699463 0.116577 1.01216E-10
0.00676024 0.112671 1.01985E-10
0.00201417 0.0335694 1.02403E-10
-0.00758057 0.126343 1.01725E-10
-0.00977783 0.162964 1.01452E-10
0.0140258 0.233764 1.01909E-10
-0.0164135 0.273559 1.01873E-10
-0.0104222 0.173704 1.02535E-10
0.00999755 0.166626 1.0136E-10
-0.0160474 0.267457 9.8999E-11
-0.0213501 0.355835 1.00685E-10
-0.0124877 0.208128 1.02357E-10
-0.014348 0.239134 1.00308E-10
0.00506105 0.0843508 1.01055E-10
-0.000373536 0.0062256 1.02441E-10
-0.000754395 0.0125733 1.0234E-10
0.00306886 0.0511476 1.01522E-10
0.0146264 0.243773 9.94631E-11
-0.0035083 0.0584717 1.01864E-10
0.00731691 0.121948 1.00242E-10
-0.0138207 0.230346 9.98051E-11
0.00306886 0.0511476 1.01406E-10
0.0048999 0.0816651 1.01525E-10
0.0048999 0.0816651 1.01021E-10
-0.00434326 0.0723878 9.92538E-11
0.0156372 0.26062 1.01331E-10
-0.00949952 0.158325 1.00143E-10
0.0150659 0.251098 1.0203E-10
0.000666505 0.0111084 1.02366E-10
-0.0231811 0.386352 1.00371E-10
-0.0127807 0.213012 9.89468E-11
-0.012517 0.208617 1.03003E-10
0.0137475 0.229125 1.00894E-10
-0.00576416 0.0960694 1.01001E-10
-0.00614503 0.102417 1.02025E-10
-0.0135424 0.225707 9.99702E-11
-0.00646728 0.107788 1.01336E-10
0.0236499 0.394165 9.94768E-11
