0.00947022 0.157837 1.38799E-10
0.00980712 0.163452 1.38422E-10
0.000212403 0.00354005 1.38157E-10
-0.00658448 0.109741 1.35299E-10
-0.0126635 0.211058 1.373E-10
-0.00646728 0.107788 1.37068E-10
-0.000593263 0.00988771 1.38534E-10
0.0195922 0.326537 1.38837E-10
-0.0191235 0.318724 1.38278E-10
0.00985107 0.164185 1.34572E-10
0.00106201 0.0177003 1.36814E-10
-0.000637208 0.0106201 1.35538E-10
0.0213061 0.355102 1.35321E-10
-0.0234302 0.390503 1.3707E-10
-6.59183E-05 0.00109864 1.38483E-10
0.00697999 0.116333 1.38573E-10
-9.5215E-05 0.00158692 1.35065E-10
0.0106127 0.176878 1.34924E-10
0.00221924 0.0369873 1.36641E-10
0.00287842 0.0479736 1.38748E-10
-0.0201782 0.336303 1.35901E-10
0.00198486 0.0330811 1.36121E-10
0.00668701 0.11145 1.38149E-10
-0.00585206 0.0975343 1.38481E-10
0.00794677 0.132446 1.36226E-10
0.0243237 0.405395 1.35391E-10
0.0054419 0.0906983 1.34678E-10
0.0173803 0.289672 1.38982E-10
0.0026294 0.0438233 1.38398E-10
-0.00202881 0.0338136 1.36769E-10
-0.00970459 0.161743 1.39311E-10
-0.00409423 0.0682372 1.34568E-10
0.0100268 0.167113 1.34791E-10
0.00746339 0.12439 1.37798E-10
-0.0228443 0.380738 1.39193E-10
-0.000930176 0.0155029 1.3687E-10
0.0112573 0.187622 1.39012E-10
0.00459228 0.0765381 1.37397E-10
-0.00561767 0.0936279 1.38674E-10
-0.00859131 0.143188 1.36221E-10
0.00170654 0.0284423 1.38471E-10
0.0176 0.293334 1.35696E-10
-0.0202367 0.337279 1.37993E-10
-0.00292237 0.0487061 1.38772E-10
-0.00611573 0.101929 1.37444E-10
0.0213647 0.356078 1.38751E-10
-0.00311279 0.0518799 1.37381E-10
0.015725 0.262084 1.3615E-10
-0.0110522 0.184203 1.3392E-10
-0.00308351 0.0513918 1.38704E-10
-0.0067456 0.112427 1.36369E-10
0.0106713 0.177855 1.36533E-10
0.00557372 0.0928954 1.3834E-10
0.017849 0.297484 1.38342E-10
-0.0117114 0.195191 1.35149E-10
0.00202881 0.0338136 1.35275E-10
-0.00561767 0.0936279 1.38821E-10
-0.00794677 0.132446 1.38168E-10
-0.000944824 0.0157471 1.3472E-10
0.0190209 0.317015 1.38701E-10
-0.000725098 0.012085 1.36869E-10
0.00437257 0.0728761 1.35253E-10
-0.00208742 0.0347903 1.34748E-10
-0.000461426 0.00769043 1.38267E-10
0.0105101 0.175169 1.34279E-10
0.0151098 0.251831 1.34539E-10
-0.0117846 0.19641 1.35907E-10
0.0105688 0.176147 1.403E-10
0.0135864 0.226439 1.35311E-10
-0.0203979 0.339965 1.37921E-10
-0.00126709 0.0211181 1.37789E-10
0.0115064 0.191773 1.3546E-10
0.00424072 0.0706787 1.33631E-10
-0.00542725 0.0904541 1.3851E-10
0.00186768 0.0311279 1.3537E-10
0.00103272 0.0172119 1.38979E-10
-0.00999755 0.166626 1.35443E-10
-0.0199732 0.332887 1.34889E-10
0.00147217 0.0245361 1.39433E-10
-0.00762452 0.127075 1.35132E-10
0.00459228 0.0765381 1.3861E-10
-0.0194165 0.323608 1.35186E-10
0.0115503 0.192505 1.35393E-10
0.00261474 0.0435791 1.34671E-10
-0.0116382 0.19397 1.3475E-10
-0.00923584 0.153931 1.38237E-10
-0.0137475 0.229125 1.38876E-10
0.00911865 0.151977 1.35232E-10
-0.00891357 0.14856 1.35803E-10
0.00199952 0.0333253 1.35718E-10
-0.00560302 0.0933837 1.37583E-10
0.0171606 0.28601 1.38814E-10
0.000578614 0.00964357 1.35909E-10
0.000168458 0.00280763 1.33539E-10
-0.00150147 0.0250244 1.3729E-10
0.00952881 0.158813 1.36971E-10
-0.00107666 0.0179443 1.36516E-10
-0.0142162 0.236937 1.34223E-10
-0.00756592 0.126099 1.37872E-10
0.0011792 0.0196533 1.36645E-10
0.00107666 0.0179443 1.37175E-10
0.00043213 0.00720217 1.3828E-10
-0.0137915 0.229858 1.35864E-10
-0.00509033 0.0848389 1.37773E-10
0.00829834 0.138306 1.34098E-10
0.00705322 0.117554 1.38853E-10
0.00164795 0.0274658 1.34829E-10
-0.00497315 0.0828858 1.38272E-10
-0.00346436 0.0577393 1.38631E-10
-0.00850342 0.141724 1.34763E-10
-0.0002417 0.00402833 1.38399E-10
0.0090454 0.150757 1.38473E-10
0.0152856 0.25476 1.38481E-10
0.00595459 0.0992432 1.37559E-10
0.0144799 0.241332 1.39065E-10
-0.00687744 0.114624 1.3674E-10
0.00236572 0.0394287 1.35927E-10
0.00733155 0.122193 1.38175E-10
0.00699463 0.116577 1.38737E-10
-0.0102612 0.17102 1.38464E-10
-0.00509033 0.0848389 1.33936E-10
0.00365479 0.0609132 1.34675E-10
-0.0103491 0.172485 1.38695E-10
0.00469482 0.0782471 1.36419E-10
-0.00176514 0.0294189 1.33917E-10
-0.0299633 0.499389 1.37854E-10
0.00422608 0.0704346 1.36413E-10
0.00369873 0.0616456 1.37665E-10
-0.00911865 0.151977 1.37503E-10
0.00406495 0.0677491 1.38469E-10
0.00377197 0.0628662 1.38177E-10
0.0135277 0.225463 1.38064E-10
0.0195922 0.326537 1.37567E-10
-0.00158936 0.0264893 1.33625E-10
-0.00646728 0.107788 1.37342E-10
-0.00607177 0.101196 1.37852E-10
-0.000856934 0.0142822 1.37517E-10
-0.00564698 0.0941163 1.39307E-10
-0.00949952 0.158325 1.37939E-10
0.00925048 0.154175 1.38467E-10
-0.00944092 0.157349 1.35205E-10
-0.0158715 0.264526 1.35621E-10
0.0301684 0.502807 1.38463E-10
0.0066577 0.110962 1.38098E-10
0.00330322 0.0550537 1.34169E-10
0.00778564 0.129761 1.37093E-10
-0.00705322 0.117554 1.35265E-10
0.00879639 0.146606 1.38555E-10
-0.0111547 0.185913 1.34807E-10
-0.016809 0.280151 1.38118E-10
-0.0128246 0.213744 1.37896E-10
-0.0119604 0.19934 1.37475E-10
0.00352296 0.0587159 1.38108E-10
0.0128246 0.213744 1.37593E-10
0.0186108 0.31018 1.392E-10
-0.010144 0.169067 1.34835E-10
-0.00321533 0.0535889 1.37185E-10
0.0179955 0.299926 1.38724E-10
0.0063501 0.105835 1.37876E-10
-0.0160913 0.268188 1.36518E-10
0.00446046 0.0743409 1.35572E-10
0.000769043 0.0128174 1.36596E-10
0.00901611 0.150269 1.38629E-10
0.0154174 0.256957 1.34669E-10
-0.00246826 0.0411377 1.33845E-10
0.00298097 0.0496828 1.38906E-10
0.0122827 0.204712 1.39031E-10
-0.00832763 0.138794 1.34554E-10
0.00648194 0.108032 1.37918E-10
0.000227051 0.00378418 1.34769E-10
-0.00175048 0.0291747 1.38137E-10
-0.025979 0.432983 1.39922E-10
0.00473877 0.0789796 1.38571E-10
0.0160913 0.268188 1.38481E-10
-0.00958741 0.15979 1.38657E-10
-0.00233642 0.0389404 1.39119E-10
0.0244701 0.407835 1.37883E-10
0.000666505 0.0111084 1.34184E-10
2.19728E-05 0.000366213 1.35107E-10
0.000563965 0.00939942 1.3551E-10
-0.0139526 0.232543 1.39879E-10
0.00129639 0.0216064 1.36165E-10
-0.0059253 0.0987549 1.37966E-10
0.00741945 0.123657 1.34895E-10
-0.0102758 0.171264 1.37481E-10
-0.00785888 0.130981 1.38087E-10
-0.00175048 0.0291747 1.37471E-10
-0.00301026 0.0501711 1.37268E-10
-0.00982178 0.163696 1.35541E-10
-0.00344971 0.0574952 1.35485E-10
-0.0126342 0.21057 1.37951E-10
0.00872314 0.145386 1.34296E-10
-0.0186401 0.310668 1.40218E-10
0.00785888 0.130981 1.34585E-10
0.00758057 0.126343 1.36278E-10
-0.00646728 0.107788 1.37234E-10
0.0107446 0.179077 1.3896E-10
0.0163696 0.272827 1.38185E-10
-0.00487061 0.0811768 1.3852E-10
0.00346436 0.0577393 1.38787E-10
