0.00515625 0.0859375 1.06419E-10
0.00703125 0.117188 1.09408E-10
0.00046875 0.0078125 1.10905E-10
0.00703125 0.117188 1.11148E-10
-0.00703125 0.117188 1.07121E-10
-0.00703125 0.117188 1.06969E-10
0.00234375 0.0390625 1.10016E-10
-0.0117188 0.195312 1.11925E-10
0.00328125 0.0546875 1.10546E-10
-0.0117188 0.195312 1.10674E-10
-0.00890625 0.148438 1.10034E-10
0.00046875 0.0078125 1.09118E-10
0.0117188 0.195312 1.09826E-10
-0.0201563 0.335938 1.0934E-10
-0.0107812 0.179688 1.07255E-10
-0.00703125 0.117188 1.10778E-10
0.00984375 0.164062 1.10197E-10
-0.00609375 0.101563 1.08445E-10
0.00328125 0.0546875 1.10361E-10
-0.00984375 0.164062 1.08338E-10
0.0192187 0.320312 1.0588E-10
0.00984375 0.164062 1.07782E-10
-0.0135937 0.226562 1.08734E-10
-0.00421875 0.0703125 1.08388E-10
0.0126562 0.210938 1.10393E-10
-0.00328125 0.0546875 1.08498E-10
0.0126562 0.210938 1.11549E-10
0.00796875 0.132812 1.06886E-10
-0.0135937 0.226562 1.10092E-10
-0.00984375 0.164062 1.09556E-10
0.00140625 0.0234375 1.08513E-10
0.00234375 0.0390625 1.09803E-10
0.0107812 0.179688 1.09518E-10
0.0135937 0.226562 1.10881E-10
0.0117188 0.195312 1.08189E-10
0.00421875 0.0703125 1.11308E-10
-0.00515625 0.0859375 1.07825E-10
0.00421875 0.0703125 1.06904E-10
-0.00046875 0.0078125 1.11551E-10
-0.00046875 0.0078125 1.09674E-10
-0.0145312 0.242188 1.08128E-10
0.00046875 0.0078125 1.07119E-10
-0.00234375 0.0390625 1.06955E-10
0.0107812 0.179688 1.09903E-10
0.0220313 0.367188 1.0981E-10
0.0145312 0.242188 1.0749E-10
0.0145312 0.242188 1.09743E-10
-0.00140625 0.0234375 1.09986E-10
0.00796875 0.132812 1.09968E-10
-0.0173437 0.289062 1.11311E-10
0.0210937 0.351562 1.07458E-10
-0.00609375 0.101563 1.06714E-10
-0.00046875 0.0078125 1.09656E-10
-0.0220313 0.367188 1.08454E-10
-0.0117188 0.195312 1.092E-10
-0.00515625 0.0859375 1.07702E-10
0.0135937 0.226562 1.10478E-10
-0.00140625 0.0234375 1.09932E-10
-0.0220313 0.367188 1.07872E-10
-0.00609375 0.101563 1.08487E-10
0.0342187 0.570312 1.07879E-10
0.0154687 0.257812 1.10635E-10
-0.00328125 0.0546875 1.11083E-10
-0.00140625 0.0234375 1.09847E-10
-0.00796875 0.132812 1.09011E-10
-0.0173437 0.289062 1.10041E-10
-0.00703125 0.117188 1.07597E-10
0.0117188 0.195312 1.06743E-10
0.00515625 0.0859375 1.05296E-10
0.00328125 0.0546875 1.10505E-10
-0.00421875 0.0703125 1.12182E-10
0.00421875 0.0703125 1.08634E-10
-0.00140625 0.0234375 1.08284E-10
-0.0210937 0.351562 1.1202E-10
-0.0135937 0.226562 1.08294E-10
0.00234375 0.0390625 1.09942E-10
0.00609375 0.101563 1.0835E-10
0.00421875 0.0703125 1.10984E-10
0.00328125 0.0546875 1.08542E-10
0.00703125 0.117188 1.05281E-10
0.00234375 0.0390625 1.09827E-10
0.0107812 0.179688 1.07226E-10
-0.00046875 0.0078125 1.08194E-10
0.00890625 0.148438 1.04828E-10
0.00140625 0.0234375 1.11447E-10
-0.0117188 0.195312 1.10936E-10
-0.00046875 0.0078125 1.08293E-10
-0.00609375 0.101563 1.05534E-10
0.00234375 0.0390625 1.1011E-10
-0.00609375 0.101563 1.09658E-10
-0.00421875 0.0703125 1.10182E-10
0.00796875 0.132812 1.09411E-10
0.00234375 0.0390625 1.08245E-10
-0.00234375 0.0390625 1.09304E-10
0.00796875 0.132812 1.09244E-10
-0.00703125 0.117188 1.11524E-10
-0.00703125 0.117188 1.09666E-10
-0.0201563 0.335938 1.11578E-10
-0.0182812 0.304688 1.08899E-10
0.0295312 0.492188 1.10641E-10
0.0239062 0.398437 1.08832E-10
-0.00328125 0.0546875 1.06545E-10
0.00140625 0.0234375 1.0892E-10
-0.00140625 0.0234375 1.10324E-10
0.00046875 0.0078125 1.11856E-10
0.00890625 0.148438 1.0707E-10
-0.0126562 0.210938 1.13261E-10
-0.0173437 0.289062 1.09854E-10
0.00328125 0.0546875 1.09375E-10
-0.00046875 0.0078125 1.08184E-10
-0.0164062 0.273437 1.10599E-10
0.00609375 0.101563 1.10464E-10
0.0220313 0.367188 1.06907E-10
-0.00609375 0.101563 1.12272E-10
0.00515625 0.0859375 1.10397E-10
-0.00515625 0.0859375 1.08636E-10
-0.00515625 0.0859375 1.0805E-10
0.0126562 0.210938 1.09013E-10
-0.0145312 0.242188 1.10231E-10
-0.00515625 0.0859375 1.07519E-10
-0.0117188 0.195312 1.09062E-10
-0.0117188 0.195312 1.10604E-10
-0.00140625 0.0234375 1.08914E-10
0.00421875 0.0703125 1.0726E-10
-0.00421875 0.0703125 1.0921E-10
0.00421875 0.0703125 1.08144E-10
-0.00140625 0.0234375 1.07882E-10
0.0126562 0.210938 1.05991E-10
-0.00234375 0.0390625 1.06382E-10
-0.00609375 0.101563 1.10389E-10
-0.00609375 0.101563 1.10026E-10
-0.00328125 0.0546875 1.11553E-10
0.0154687 0.257812 1.09368E-10
0.00703125 0.117188 1.08238E-10
-0.00140625 0.0234375 1.08758E-10
-0.0314062 0.523438 1.10077E-10
0.0145312 0.242188 1.10165E-10
0.0164062 0.273437 1.06047E-10
-0.0164062 0.273437 1.11167E-10
0.00796875 0.132812 1.08379E-10
0.0164062 0.273437 1.10038E-10
0.00984375 0.164062 1.09669E-10
-0.0210937 0.351562 1.10145E-10
0.00515625 0.0859375 1.11105E-10
0.00046875 0.0078125 1.09845E-10
-0.0229688 0.382813 1.0664E-10
-0.00890625 0.148438 1.10845E-10
0.00140625 0.0234375 1.08475E-10
0.0154687 0.257812 1.0834E-10
0.00703125 0.117188 1.06698E-10
0.00703125 0.117188 1.09883E-10
-0.0173437 0.289062 1.07335E-10
0.0135937 0.226562 1.09231E-10
0.0295312 0.492188 1.08979E-10
-0.0145312 0.242188 1.08236E-10
-0.00609375 0.101563 1.08362E-10
-0.00140625 0.0234375 1.10699E-10
-0.0135937 0.226562 1.08297E-10
0.00890625 0.148438 1.08387E-10
-0.00046875 0.0078125 1.10556E-10
-0.00703125 0.117188 1.0708E-10
0.00609375 0.101563 1.08451E-10
0.0135937 0.226562 1.12095E-10
-0.0267187 0.445312 1.10471E-10
-0.0117188 0.195312 1.08458E-10
0.00515625 0.0859375 1.07765E-10
-0.00703125 0.117188 1.07002E-10
-0.0126562 0.210938 1.1E-10
-0.00703125 0.117188 1.10614E-10
-0.00515625 0.0859375 1.07911E-10
-0.0126562 0.210938 1.10931E-10
-0.0135937 0.226562 1.109E-10
0.00984375 0.164062 1.09652E-10
-0.0182812 0.304688 1.09669E-10
0.00703125 0.117188 1.07297E-10
0.00984375 0.164062 1.09048E-10
-0.00140625 0.0234375 1.07447E-10
0.00328125 0.0546875 1.05814E-10
-0.0173437 0.289062 1.0812E-10
0.00984375 0.164062 1.10471E-10
-0.00515625 0.0859375 1.10699E-10
0.0126562 0.210938 1.10408E-10
0.0154687 0.257812 1.08609E-10
0.00515625 0.0859375 1.08431E-10
0.00984375 0.164062 1.09843E-10
0.0117188 0.195312 1.10216E-10
-0.00515625 0.0859375 1.09616E-10
0.0239062 0.398437 1.06027E-10
0.0145312 0.242188 1.05568E-10
0.0117188 0.195312 1.0716E-10
-0.00609375 0.101563 1.07476E-10
-0.0135937 0.226562 1.12366E-10
0.0126562 0.210938 1.07374E-10
-0.00328125 0.0546875 1.07475E-10
-0.0257812 0.429688 1.08176E-10
0.00421875 0.0703125 1.07432E-10
0.00421875 0.0703125 1.06686E-10
0.0164062 0.273437 1.0773E-10
-0.0145312 0.242188 1.09212E-10
0.0135937 0.226562 1.07069E-10
