0.00796875 0.132812 1.2292E-10
-0.00328125 0.0546875 1.23584E-10
0.00796875 0.132812 1.21891E-10
-0.00703125 0.117188 1.22097E-10
0.00796875 0.132812 1.23426E-10
-0.00609375 0.101563 1.22485E-10
-0.00421875 0.0703125 1.19427E-10
-0.0145312 0.242188 1.22359E-10
0.00609375 0.101563 1.23537E-10
0.00609375 0.101563 1.23229E-10
0.0117188 0.195312 1.21046E-10
0.0210937 0.351562 1.22383E-10
0.0210937 0.351562 1.21578E-10
0.00515625 0.0859375 1.20253E-10
-0.0135937 0.226562 1.2267E-10
-0.00703125 0.117188 1.21841E-10
0.00703125 0.117188 1.2176E-10
-0.00796875 0.132812 1.23682E-10
0.00421875 0.0703125 1.23569E-10
0.00796875 0.132812 1.21505E-10
-0.0135937 0.226562 1.2568E-10
-0.0201563 0.335938 1.24342E-10
-0.0379687 0.632812 1.23461E-10
-0.00703125 0.117188 1.20122E-10
-0.00140625 0.0234375 1.21664E-10
0.00421875 0.0703125 1.21609E-10
0.0117188 0.195312 1.22258E-10
0.00234375 0.0390625 1.22502E-10
0.00890625 0.148438 1.22418E-10
0.0126562 0.210938 1.1837E-10
-0.00984375 0.164062 1.22909E-10
-0.0182812 0.304688 1.21656E-10
0.0107812 0.179688 1.21038E-10
0.0117188 0.195312 1.25106E-10
0.00609375 0.101563 1.21596E-10
0.00796875 0.132812 1.22499E-10
0.0173437 0.289062 1.21532E-10
0.00234375 0.0390625 1.21066E-10
-0.00890625 0.148438 1.20499E-10
0.00328125 0.0546875 1.2588E-10
0.00140625 0.0234375 1.22446E-10
-0.00609375 0.101563 1.23922E-10
0.00796875 0.132812 1.23932E-10
-0.0164062 0.273437 1.2416E-10
-0.00703125 0.117188 1.22725E-10
0.0173437 0.289062 1.24413E-10
0.0135937 0.226562 1.2022E-10
-0.00515625 0.0859375 1.25412E-10
-0.00140625 0.0234375 1.20925E-10
-0.00046875 0.0078125 1.21466E-10
-0.0107812 0.179688 1.2333E-10
0.00140625 0.0234375 1.204E-10
0.0107812 0.179688 1.23087E-10
-0.0126562 0.210938 1.23732E-10
0.00890625 0.148438 1.18907E-10
-0.00703125 0.117188 1.21573E-10
0.00234375 0.0390625 1.2177E-10
0.00328125 0.0546875 1.1935E-10
0.00515625 0.0859375 1.1933E-10
-0.00421875 0.0703125 1.24191E-10
0.00984375 0.164062 1.21817E-10
0.00234375 0.0390625 1.22517E-10
0.0182812 0.304688 1.19576E-10
-0.00421875 0.0703125 1.23255E-10
0.00609375 0.101563 1.19133E-10
0.00890625 0.148438 1.22229E-10
0.00421875 0.0703125 1.22787E-10
-0.00328125 0.0546875 1.24245E-10
0.00234375 0.0390625 1.21165E-10
-0.00328125 0.0546875 1.24115E-10
0.0145312 0.242188 1.22209E-10
-0.0145312 0.242188 1.22761E-10
-0.00328125 0.0546875 1.22338E-10
0.0154687 0.257812 1.22036E-10
-0.00515625 0.0859375 1.22283E-10
0.0248437 0.414062 1.22036E-10
-0.00796875 0.132812 1.25199E-10
0.0107812 0.179688 1.22416E-10
0.00890625 0.148438 1.21118E-10
0.0107812 0.179688 1.23484E-10
0.00046875 0.0078125 1.22123E-10
-0.0135937 0.226562 1.23125E-10
0.0192187 0.320312 1.22035E-10
0.00140625 0.0234375 1.21994E-10
0.00609375 0.101563 1.23202E-10
0.00234375 0.0390625 1.24141E-10
-0.00421875 0.0703125 1.23349E-10
0.00328125 0.0546875 1.21542E-10
0.00609375 0.101563 1.22738E-10
-0.00609375 0.101563 1.23367E-10
0.00140625 0.0234375 1.21245E-10
0.00234375 0.0390625 1.24245E-10
-0.00234375 0.0390625 1.221E-10
0.0117188 0.195312 1.24505E-10
0.00046875 0.0078125 1.22153E-10
0.0107812 0.179688 1.22205E-10
-0.0164062 0.273437 1.25546E-10
-0.00421875 0.0703125 1.20995E-10
-0.00515625 0.0859375 1.23766E-10
0.0192187 0.320312 1.22436E-10
0.00515625 0.0859375 1.22435E-10
0.0107812 0.179688 1.23724E-10
-0.00703125 0.117188 1.19915E-10
0.00328125 0.0546875 1.24526E-10
-0.00796875 0.132812 1.2035E-10
-0.0164062 0.273437 1.22199E-10
0.00234375 0.0390625 1.21792E-10
0.00421875 0.0703125 1.22312E-10
0.0117188 0.195312 1.22351E-10
0.00890625 0.148438 1.18181E-10
-0.0145312 0.242188 1.21874E-10
0.0145312 0.242188 1.23635E-10
0.00515625 0.0859375 1.23435E-10
-0.0182812 0.304688 1.22896E-10
-0.00140625 0.0234375 1.21494E-10
-0.00140625 0.0234375 1.22504E-10
0.00515625 0.0859375 1.22061E-10
-0.00703125 0.117188 1.23446E-10
-0.00140625 0.0234375 1.22235E-10
-0.00890625 0.148438 1.19472E-10
-0.00140625 0.0234375 1.24328E-10
-0.0154687 0.257812 1.22365E-10
-0.0135937 0.226562 1.21869E-10
0.00515625 0.0859375 1.25028E-10
-0.00234375 0.0390625 1.22598E-10
0.0154687 0.257812 1.22188E-10
0.00328125 0.0546875 1.22689E-10
0.0173437 0.289062 1.23649E-10
-0.0210937 0.351562 1.20655E-10
0.0276563 0.460938 1.2372E-10
0.00703125 0.117188 1.25522E-10
-0.00140625 0.0234375 1.2396E-10
0.00796875 0.132812 1.20109E-10
0.0117188 0.195312 1.24818E-10
-0.00609375 0.101563 1.2455E-10
-0.0135937 0.226562 1.2324E-10
-0.00984375 0.164062 1.23173E-10
-0.00046875 0.0078125 1.21722E-10
0.00328125 0.0546875 1.21974E-10
0.0107812 0.179688 1.24562E-10
0.00421875 0.0703125 1.24467E-10
0.0173437 0.289062 1.18688E-10
0.0192187 0.320312 1.22417E-10
-0.00609375 0.101563 1.2203E-10
-0.00890625 0.148438 1.22534E-10
0.0173437 0.289062 1.21652E-10
-0.0145312 0.242188 1.25548E-10
0.00890625 0.148438 1.19382E-10
0.00234375 0.0390625 1.24708E-10
-0.0145312 0.242188 1.18477E-10
-0.0126562 0.210938 1.21752E-10
0.0145312 0.242188 1.19891E-10
-0.0117188 0.195312 1.21265E-10
0.00515625 0.0859375 1.22375E-10
-0.00515625 0.0859375 1.23286E-10
-0.00234375 0.0390625 1.2177E-10
-0.00140625 0.0234375 1.22863E-10
-0.00609375 0.101563 1.22528E-10
0.00515625 0.0859375 1.23385E-10
0.00515625 0.0859375 1.1998E-10
-0.00046875 0.0078125 1.22163E-10
0.00609375 0.101563 1.21732E-10
-0.00703125 0.117188 1.26047E-10
-0.0135937 0.226562 1.23628E-10
0.0135937 0.226562 1.20652E-10
-0.00328125 0.0546875 1.21784E-10
0.00515625 0.0859375 1.22999E-10
-0.00796875 0.132812 1.21353E-10
-0.00609375 0.101563 1.2178E-10
0.00609375 0.101563 1.22348E-10
0.0135937 0.226562 1.21792E-10
0.00234375 0.0390625 1.20423E-10
0.00046875 0.0078125 1.22616E-10
-0.0173437 0.289062 1.2174E-10
-0.00796875 0.132812 1.22792E-10
0.00421875 0.0703125 1.23649E-10
0.00796875 0.132812 1.23558E-10
-0.0182812 0.304688 1.21476E-10
0.00140625 0.0234375 1.22266E-10
0.00890625 0.148438 1.25567E-10
0.00515625 0.0859375 1.21952E-10
-0.00703125 0.117188 1.21707E-10
-0.00328125 0.0546875 1.18562E-10
0.0126562 0.210938 1.20558E-10
-0.0154687 0.257812 1.25948E-10
-0.00140625 0.0234375 1.21214E-10
0.0192187 0.320312 1.2173E-10
-0.00515625 0.0859375 1.22067E-10
-0.0117188 0.195312 1.23208E-10
-0.00421875 0.0703125 1.19203E-10
0.00046875 0.0078125 1.21052E-10
-0.0210937 0.351562 1.23679E-10
-0.00328125 0.0546875 1.19847E-10
-0.0126562 0.210938 1.22771E-10
-0.00796875 0.132812 1.20787E-10
-0.00046875 0.0078125 1.21874E-10
-0.00140625 0.0234375 1.21317E-10
-0.00421875 0.0703125 1.21798E-10
0.00890625 0.148438 1.2575E-10
-0.00515625 0.0859375 1.21711E-10
