0.00421875 0.0703125
0.00984375 0.164062
0.00140625 0.0234375
0.00140625 0.0234375
0.00234375 0.0390625
-0.0126562 0.210938
0.00140625 0.0234375
0.00609375 0.101563
-0.0135937 0.226562
0.00796875 0.132812
0.00796875 0.132812
0.00609375 0.101563
0.0229688 0.382813
-0.00703125 0.117188
-0.00046875 0.0078125
-0.0117188 0.195312
0.00703125 0.117188
0.0173437 0.289062
0.0164062 0.273437
-0.00421875 0.0703125
-0.0107812 0.179688
-0.00328125 0.0546875
0.0164062 0.273437
0.00984375 0.164062
-0.00703125 0.117188
0.0135937 0.226562
-0.0126562 0.210938
0.00609375 0.101563
-0.00234375 0.0390625
0.00046875 0.0078125
0.0220313 0.367188
-0.0107812 0.179688
-0.0154687 0.257812
-0.0154687 0.257812
0.00046875 0.0078125
-0.00421875 0.0703125
-0.0107812 0.179688
-0.0135937 0.226562
0.00703125 0.117188
0.0164062 0.273437
0.00796875 0.132812
-0.00421875 0.0703125
0.00421875 0.0703125
0.0145312 0.242188
0.00984375 0.164062
-0.00328125 0.0546875
-0.00703125 0.117188
0.00515625 0.0859375
0.00703125 0.117188
0.0145312 0.242188
-0.0164062 0.273437
-0.00140625 0.0234375
-0.00421875 0.0703125
-0.00796875 0.132812
0.0117188 0.195312
-0.00984375 0.164062
-0.00421875 0.0703125
-0.0145312 0.242188
0.00234375 0.0390625
-0.00140625 0.0234375
0.0145312 0.242188
0.00515625 0.0859375
-0.00046875 0.0078125
-0.00046875 0.0078125
-0.00984375 0.164062
0.00984375 0.164062
-0.00703125 0.117188
0.00703125 0.117188
0.0107812 0.179688
0.00140625 0.0234375
-0.00140625 0.0234375
-0.00609375 0.101563
-0.0201563 0.335938
-0.0192187 0.320312
-0.0210937 0.351562
-0.00609375 0.101563
0.0145312 0.242188
0.00140625 0.0234375
-0.00609375 0.101563
-0.0248437 0.414062
-0.0201563 0.335938
-0.00046875 0.0078125
-0.00421875 0.0703125
0.0126562 0.210938
0.00234375 0.0390625
-0.00140625 0.0234375
0.00140625 0.0234375
0.00703125 0.117188
0.00515625 0.0859375
0.0154687 0.257812
-0.0126562 0.210938
0.00328125 0.0546875
-0.00703125 0.117188
0.00609375 0.101563
0.0107812 0.179688
0.00703125 0.117188
0.00234375 0.0390625
0.00328125 0.0546875
-0.00421875 0.0703125
-0.0173437 0.289062
-0.00046875 0.0078125
-0.00515625 0.0859375
0.0126562 0.210938
0.0173437 0.289062
0.0107812 0.179688
-0.00046875 0.0078125
0.00609375 0.101563
-0.00046875 0.0078125
-0.00328125 0.0546875
-0.00609375 0.101563
-0.00796875 0.132812
0.00890625 0.148438
0.00046875 0.0078125
-0.00796875 0.132812
0.00046875 0.0078125
-0.00703125 0.117188
0.00609375 0.101563
-0.00234375 0.0390625
-0.0107812 0.179688
-0.00328125 0.0546875
-0.0107812 0.179688
0.00046875 0.0078125
-0.00703125 0.117188
0.0276563 0.460938
-0.00796875 0.132812
0.00046875 0.0078125
-0.00609375 0.101563
-0.00796875 0.132812
-0.00234375 0.0390625
0.00890625 0.148438
0.0154687 0.257812
-0.00984375 0.164062
-0.00984375 0.164062
-0.0173437 0.289062
-0.00234375 0.0390625
-0.0192187 0.320312
-0.00046875 0.0078125
0.00234375 0.0390625
0.0117188 0.195312
0.00234375 0.0390625
0.00609375 0.101563
-0.00046875 0.0078125
-0.0210937 0.351562
-0.0126562 0.210938
-0.0173437 0.289062
0.00140625 0.0234375
0.00046875 0.0078125
-0.00421875 0.0703125
0.0173437 0.289062
-0.00140625 0.0234375
0.0173437 0.289062
0.0107812 0.179688
0.0107812 0.179688
0.0117188 0.195312
0.00234375 0.0390625
-0.0117188 0.195312
-0.0192187 0.320312
-0.00046875 0.0078125
-0.0164062 0.273437
0.00328125 0.0546875
0.0117188 0.195312
0.00703125 0.117188
-0.0229688 0.382813
0.00046875 0.0078125
-0.00421875 0.0703125
-0.0182812 0.304688
0.00421875 0.0703125
-0.00328125 0.0546875
-0.00046875 0.0078125
-0.00796875 0.132812
0.0229688 0.382813
-0.00328125 0.0546875
-0.00046875 0.0078125
0.00140625 0.0234375
0.00234375 0.0390625
-0.00234375 0.0390625
0.0164062 0.273437
-0.0107812 0.179688
-0.0145312 0.242188
0.00421875 0.0703125
-0.00328125 0.0546875
0.0295312 0.492188
0.00890625 0.148438
-0.00046875 0.0078125
-0.0164062 0.273437
0.00609375 0.101563
-0.0126562 0.210938
0.00046875 0.0078125
0.00703125 0.117188
-0.00421875 0.0703125
-0.00234375 0.0390625
0.00140625 0.0234375
0.0154687 0.257812
0.00046875 0.0078125
0.00421875 0.0703125
-0.00140625 0.0234375
0.00421875 0.0703125
0.00421875 0.0703125
0.00984375 0.164062
0.00140625 0.0234375
