0.0199438 0.332398 8.25953E-11
0.00561767 0.0936279 8.32216E-11
-0.00656982 0.109497 8.29332E-11
0.0154027 0.256713 8.28546E-11
0.004021 0.0670166 8.25495E-11
0.0115649 0.192749 8.09146E-11
-0.0204272 0.340453 8.39611E-11
0.00410888 0.0684814 8.29506E-11
-0.00270264 0.0450439 8.31584E-11
0.00528075 0.0880126 8.22361E-11
0.017688 0.294799 8.29859E-11
0.00796143 0.13269 8.13411E-11
-0.0147876 0.246459 8.24998E-11
-0.00438721 0.0731202 8.38704E-11
-0.00859131 0.143188 8.28938E-11
0.0036255 0.060425 8.42668E-11
0.00800537 0.133423 8.28661E-11
0.00450441 0.0750734 8.33662E-11
-0.0198706 0.331177 8.29482E-11
-0.0177465 0.295776 8.22399E-11
0.0202221 0.337035 8.2895E-11
-0.00588134 0.0980224 8.16803E-11
-0.00122315 0.0203858 8.24485E-11
0.00062256 0.010376 8.255E-11
-0.0176586 0.294311 8.25344E-11
0.00292237 0.0487061 8.3102E-11
0.0109057 0.181762 8.25409E-11
-0.014641 0.244017 8.17928E-11
-0.0270336 0.450561 8.25986E-11
-0.00548583 0.0914306 8.40001E-11
0.0163403 0.272338 8.25805E-11
-0.00380127 0.0633546 8.32861E-11
0.00391847 0.0653078 8.26506E-11
0.0246313 0.410521 8.31885E-11
0.0131469 0.219115 8.31066E-11
0.0139233 0.232055 8.41459E-11
0.0090747 0.151245 8.22324E-11
-0.0188598 0.314331 8.21452E-11
0.0117114 0.195191 8.16448E-11
0.00276123 0.0460205 8.35106E-11
-0.00583742 0.0972903 8.29245E-11
-0.0282054 0.470091 8.16375E-11
0.0161939 0.269898 8.26594E-11
0.00416749 0.0694581 8.36243E-11
-0.00410888 0.0684814 8.21564E-11
0.00954345 0.159058 8.22554E-11
0.0194018 0.323364 8.28526E-11
-0.00649659 0.108276 8.19334E-11
0.00412354 0.0687256 8.29519E-11
-0.00526611 0.0877685 8.25455E-11
-0.00293702 0.0489503 8.27016E-11
-0.00419677 0.0699463 8.304E-11
0.00525147 0.0875244 8.1393E-11
0.00473877 0.0789796 8.28762E-11
0.00977783 0.162964 8.29468E-11
0.011272 0.187867 8.34876E-11
-0.00996824 0.166137 8.11703E-11
-0.0129565 0.215942 8.25539E-11
0.00570557 0.0950928 8.26661E-11
-0.00400634 0.0667724 8.26865E-11
0.00281982 0.0469971 8.29227E-11
0.0216577 0.360962 8.32822E-11
0.00388916 0.0648194 8.24973E-11
-0.00567626 0.0946044 8.28781E-11
-0.00284912 0.0474853 8.30019E-11
0.000358888 0.00598146 8.27394E-11
0.0261108 0.43518 8.13758E-11
-0.0260669 0.434448 8.26169E-11
0.000329591 0.00549318 8.37789E-11
0.000842286 0.0140381 8.17095E-11
-0.00218994 0.0364991 8.25694E-11
0.0120483 0.200805 8.23365E-11
0.0050464 0.0841066 8.40847E-11
0.0132055 0.220091 8.05199E-11
-0.0201489 0.335816 8.40209E-11
-0.0022046 0.0367433 8.29919E-11
0.00478271 0.0797119 8.38064E-11
-0.00708252 0.118042 8.24584E-11
0.00711183 0.11853 8.27061E-11
0.00154541 0.0257568 8.21611E-11
-0.00926514 0.154419 8.26886E-11
-0.00727296 0.121216 8.18127E-11
0.00280518 0.0467529 8.37829E-11
-0.00245362 0.0408937 8.32214E-11
-0.0149487 0.249145 8.26995E-11
-0.00610108 0.101685 8.30681E-11
-0.0113745 0.189575 8.26664E-11
0.0207348 0.345581 8.33927E-11
-0.0172192 0.286987 8.38128E-11
-0.00923584 0.153931 8.23441E-11
0.00325927 0.0543213 8.24848E-11
-0.00248291 0.0413818 8.33481E-11
0.0103491 0.172485 8.28988E-11
-0.00246826 0.0411377 8.34099E-11
-0.00863525 0.143921 8.23186E-11
0.00460694 0.0767823 8.28373E-11
-0.0159009 0.265014 8.23306E-11
0.00741945 0.123657 8.341E-11
-0.0149194 0.248657 8.26961E-11
0.000549317 0.00915528 8.3908E-11
-0.00252685 0.0421142 8.3736E-11
-0.00157471 0.0262451 8.4124E-11
-0.0288647 0.481078 8.44756E-11
0.0030542 0.0509034 8.30285E-11
-0.0178783 0.297972 8.40433E-11
-0.0116675 0.194459 8.40155E-11
0.00497315 0.0828858 8.12495E-11
0.00479736 0.0799561 8.23359E-11
0.000285645 0.00476075 8.15862E-11
0.00336182 0.0560304 8.27035E-11
-0.00062256 0.010376 8.39585E-11
-0.00825438 0.137573 8.24182E-11
-0.00706787 0.117798 8.28415E-11
-0.0050464 0.0841066 8.26484E-11
-0.00947022 0.157837 8.34547E-11
0.0171166 0.285277 8.18091E-11
0.00960205 0.160034 8.32126E-11
0.00138428 0.0230713 8.39349E-11
0.0150659 0.251098 8.05222E-11
-0.0131323 0.218872 8.16576E-11
0.00989501 0.164917 8.21617E-11
-0.00230713 0.0384522 8.27932E-11
0.0114917 0.191529 8.18181E-11
0.00182373 0.0303956 8.41012E-11
0.0115064 0.191773 8.21973E-11
-0.0161207 0.268678 8.2046E-11
-0.000563965 0.00939942 8.20984E-11
0.00574952 0.0958253 8.35827E-11
0.0124877 0.208128 8.33194E-11
0.00311279 0.0518799 8.19285E-11
-0.00342042 0.0570069 8.25069E-11
0.00435792 0.0726319 8.11652E-11
-0.00513429 0.0855714 8.33625E-11
0.00403565 0.0672608 8.14288E-11
-0.0150219 0.250366 8.35098E-11
-0.00859131 0.143188 8.36766E-11
0.010232 0.170533 8.29807E-11
0.00365479 0.0609132 8.16422E-11
-0.0196215 0.327026 8.39983E-11
0.00374268 0.062378 8.26143E-11
0.0271802 0.453003 8.28011E-11
-0.00182373 0.0303956 8.30573E-11
-0.0147289 0.245482 8.39292E-11
0.0113745 0.189575 8.14716E-11
-0.00135498 0.0225831 8.32143E-11
-0.00119385 0.0198974 8.2584E-11
0.0114477 0.190796 8.31967E-11
-0.00791749 0.131958 8.21194E-11
0.00614503 0.102417 8.17067E-11
-0.0119457 0.199096 8.20936E-11
0.016267 0.271117 8.38994E-11
0.000886231 0.0147705 8.2953E-11
-0.00132569 0.0220948 8.35092E-11
-0.0107152 0.178587 8.133E-11
-0.0104516 0.174193 8.29463E-11
0.00790284 0.131714 8.21921E-11
-0.00374268 0.062378 8.3358E-11
-0.00120849 0.0201416 8.31489E-11
-0.00739014 0.123169 8.27842E-11
0.0040503 0.0675049 8.22442E-11
0.00448975 0.0748292 8.28031E-11
0.00693604 0.115601 8.33809E-11
-0.00696533 0.116089 8.30595E-11
-0.0131323 0.218872 8.20266E-11
0.0125756 0.209593 8.09845E-11
-0.00358156 0.0596926 8.27867E-11
-0.00876709 0.146118 8.20922E-11
0.0118139 0.196898 8.30059E-11
-0.00429931 0.0716553 8.31495E-11
0.00465089 0.0775148 8.29714E-11
0.00736085 0.122681 8.22371E-11
0.007771 0.129517 8.26332E-11
0.00982178 0.163696 8.27252E-11
0.00223389 0.0372314 8.43247E-11
0.00744873 0.124146 8.30331E-11
-0.0303881 0.506468 8.20284E-11
0.0104222 0.173704 8.2741E-11
0.000476075 0.00793458 8.37765E-11
0.0117992 0.196654 8.17557E-11
0.00791749 0.131958 8.24736E-11
0.00692139 0.115356 8.22949E-11
0.00923584 0.153931 8.27571E-11
-0.00478271 0.0797119 8.13826E-11
-0.00593995 0.0989991 8.22129E-11
0.00828368 0.138061 8.3355E-11
-0.00506105 0.0843508 8.24825E-11
0.0128979 0.214966 8.22805E-11
0.0108031 0.180053 8.36899E-11
0.00613038 0.102173 8.32534E-11
-0.0213207 0.355346 8.40162E-11
-0.0134985 0.224975 8.13374E-11
-0.00895751 0.149292 8.24358E-11
0.0190063 0.316772 8.29415E-11
-0.0111987 0.186645 8.32911E-11
0.00245362 0.0408937 8.29014E-11
0.00254151 0.0423584 8.15643E-11
0.00150147 0.0250244 8.37602E-11
0.00327392 0.0545654 8.32382E-11
0.00966064 0.161011 8.36795E-11
0.00925048 0.154175 8.27322E-11
