-0.00264405 0.0440674 1.3026E-10
-0.00526611 0.0877685 1.31148E-10
-0.00377197 0.0628662 1.30604E-10
-0.00145751 0.0242919 1.32269E-10
0.00938233 0.156372 1.31366E-10
0.00762452 0.127075 1.3044E-10
-0.00147217 0.0245361 1.35178E-10
-0.0135864 0.226439 1.31922E-10
-0.00547119 0.0911865 1.31912E-10
-0.00916259 0.15271 1.30258E-10
-0.00388916 0.0648194 1.31816E-10
-0.00372804 0.0621339 1.31E-10
0.00545655 0.0909424 1.34895E-10
0.00806396 0.134399 1.30664E-10
0.000402833 0.00671388 1.30608E-10
-0.00312745 0.0521241 1.29902E-10
0.0090747 0.151245 1.3016E-10
0.00425537 0.0709229 1.32813E-10
-0.00955811 0.159302 1.33855E-10
0.0189185 0.315308 1.32008E-10
0.0143041 0.238402 1.313E-10
-0.0101147 0.168579 1.30894E-10
0.0159302 0.265503 1.33302E-10
0.0257153 0.428588 1.3011E-10
-0.0099243 0.165405 1.29541E-10
0.0126342 0.21057 1.31286E-10
-0.00878173 0.146362 1.31013E-10
-0.000930176 0.0155029 1.32578E-10
0.00043213 0.00720217 1.31742E-10
0.0243676 0.406127 1.2861E-10
-0.00528075 0.0880126 1.29742E-10
0.00415284 0.0692139 1.31105E-10
-0.00851806 0.141968 1.326E-10
0.00579347 0.0965578 1.30004E-10
0.000285645 0.00476075 1.31523E-10
-0.00712648 0.118775 1.31267E-10
0.00662842 0.110474 1.35887E-10
-0.0180541 0.300902 1.30291E-10
0.00560302 0.0933837 1.30891E-10
-0.00235108 0.0391846 1.30029E-10
0.00929443 0.154907 1.2943E-10
-0.00437257 0.0728761 1.32282E-10
-0.0203686 0.339477 1.30809E-10
0.0155492 0.259154 1.31071E-10
0.00750733 0.125122 1.32771E-10
-0.00510499 0.0850831 1.31167E-10
0.000871582 0.0145264 1.30568E-10
0.004021 0.0670166 1.30753E-10
0.0125317 0.208862 1.30513E-10
0.00722901 0.120484 1.32253E-10
-0.0107152 0.178587 1.28289E-10
0.00141357 0.0235596 1.30597E-10
0.00122315 0.0203858 1.30288E-10
0.00652589 0.108765 1.31366E-10
0.00514893 0.0858155 1.321E-10
-0.012268 0.204467 1.31632E-10
0.00739014 0.123169 1.31776E-10
-0.00539795 0.0899658 1.2599E-10
-0.00125244 0.0208739 1.29664E-10
-0.0073755 0.122925 1.31458E-10
-0.00895751 0.149292 1.30641E-10
-0.00258545 0.0430908 1.30907E-10
-0.00533936 0.0889893 1.30831E-10
-0.0091919 0.153198 1.29299E-10
-0.00809326 0.134888 1.30412E-10
-0.00142822 0.0238037 1.316E-10
0.00199952 0.0333253 1.30823E-10
-0.00796143 0.13269 1.27746E-10
0.00120849 0.0201416 1.32947E-10
0.00186768 0.0311279 1.31127E-10
0.00911865 0.151977 1.32711E-10
-0.00639406 0.106568 1.29993E-10
-0.0040503 0.0675049 1.31765E-10
-0.0112427 0.187378 1.31021E-10
-0.0143187 0.238646 1.3109E-10
0.0078003 0.130005 1.26281E-10
-0.00378663 0.0631104 1.31593E-10
-0.00892822 0.148804 1.31824E-10
0.000168458 0.00280763 1.30325E-10
-0.0022046 0.0367433 1.31465E-10
-0.0124437 0.207396 1.29253E-10
0.00613038 0.102173 1.32105E-10
0.0170433 0.284056 1.2976E-10
0.0102026 0.170043 1.31202E-10
0.00202881 0.0338136 1.31856E-10
0.0143774 0.239623 1.31117E-10
0.00618897 0.103149 1.27735E-10
0.0130884 0.21814 1.29514E-10
0.0076831 0.128052 1.27611E-10
-0.0121948 0.203247 1.31027E-10
0.0105834 0.17639 1.29935E-10
-0.0130297 0.217163 1.29588E-10
0.0025122 0.0418701 1.2962E-10
-0.0126781 0.211303 1.30075E-10
0.00560302 0.0933837 1.27642E-10
-6.59183E-05 0.00109864 1.30357E-10
-0.0106274 0.177123 1.30685E-10
0.00901611 0.150269 1.30211E-10
-0.00189697 0.0316162 1.31353E-10
0.0090454 0.150757 1.31412E-10
0.000358888 0.00598146 1.32713E-10
7.32425E-06 0.000122071 1.32506E-10
-0.0146264 0.243773 1.34426E-10
0.0040503 0.0675049 1.30398E-10
-0.00488525 0.0814209 1.31629E-10
-0.00388916 0.0648194 1.31357E-10
0.0139673 0.232788 1.2919E-10
-0.00123779 0.0206298 1.30576E-10
-0.0155199 0.258666 1.30023E-10
0.00472413 0.0787354 1.30472E-10
0.00194092 0.0323486 1.29496E-10
0.00409423 0.0682372 1.29842E-10
-0.00547119 0.0911865 1.30526E-10
0.0067749 0.112915 1.28416E-10
-0.00793213 0.132202 1.34537E-10
0.00629151 0.104858 1.33565E-10
0.00687744 0.114624 1.31671E-10
0.0138207 0.230346 1.31758E-10
0.0133373 0.222288 1.31222E-10
0.0072583 0.120972 1.29748E-10
-0.0111108 0.185181 1.30436E-10
0.00144287 0.0240478 1.31072E-10
0.0086792 0.144653 1.30812E-10
-0.0114331 0.190552 1.30692E-10
-0.000534668 0.00891113 1.31057E-10
-0.00703858 0.11731 1.29795E-10
-0.00132569 0.0220948 1.34874E-10
-0.0116089 0.193482 1.30904E-10
-0.00157471 0.0262451 1.29618E-10
-0.0130737 0.217896 1.33493E-10
0.00790284 0.131714 1.31365E-10
0.0115649 0.192749 1.29755E-10
-0.00658448 0.109741 1.30879E-10
0.00383058 0.0638429 1.31652E-10
0.0238696 0.397827 1.31629E-10
0.0238549 0.397583 1.34E-10
-0.00731691 0.121948 1.30427E-10
-0.000197755 0.00329592 1.30011E-10
0.013894 0.231567 1.32352E-10
0.0180248 0.300413 1.33314E-10
-0.00177978 0.0296631 1.30681E-10
-0.018391 0.306517 1.31826E-10
-0.00364015 0.0606691 1.31093E-10
-0.00306886 0.0511476 1.31549E-10
0.0281615 0.469358 1.30139E-10
-0.00624756 0.104126 1.30946E-10
0.00563233 0.0938721 1.2983E-10
-0.0117992 0.196654 1.28905E-10
-0.00785888 0.130981 1.32431E-10
0.0119311 0.198852 1.3116E-10
-0.00364015 0.0606691 1.30574E-10
-0.0111255 0.185425 1.31173E-10
0.0190941 0.318236 1.31563E-10
0.00945556 0.157593 1.31522E-10
-0.00700929 0.116821 1.31283E-10
-0.0174243 0.290405 1.25947E-10
-0.00290771 0.0484619 1.30335E-10
0.015227 0.253784 1.31052E-10
0.00903076 0.150513 1.31011E-10
0.0101586 0.169311 1.3034E-10
0.00201417 0.0335694 1.31024E-10
-0.00469482 0.0782471 1.30377E-10
-0.00243897 0.0406496 1.30251E-10
-0.0146117 0.243529 1.3186E-10
-0.0125317 0.208862 1.31479E-10
0.00656982 0.109497 1.31451E-10
-0.0104369 0.173948 1.3445E-10
0.00572021 0.0953369 1.30109E-10
0.0153588 0.25598 1.29972E-10
0.00804931 0.134155 1.31892E-10
-0.0169701 0.282835 1.33202E-10
0.000886231 0.0147705 1.29997E-10
0.00468018 0.078003 1.30852E-10
-0.0102905 0.171508 1.31826E-10
0.0188745 0.314575 1.30723E-10
-0.0104369 0.173948 1.29427E-10
-0.0112134 0.186889 1.31552E-10
-0.00122315 0.0203858 1.29956E-10
-0.0159448 0.265747 1.31634E-10
0.00330322 0.0550537 1.29895E-10
0.00843017 0.140503 1.29373E-10
0.0072876 0.12146 1.3163E-10
0.00205812 0.0343019 1.30023E-10
0.0116675 0.194459 1.30684E-10
0.00897217 0.149536 1.31227E-10
-8.05667E-05 0.00134278 1.28708E-10
-0.0170433 0.284056 1.31095E-10
0.00516358 0.0860596 1.3042E-10
-0.00538329 0.0897216 1.28149E-10
-0.0030542 0.0509034 1.30096E-10
0.0164135 0.273559 1.31153E-10
-0.00418213 0.0697022 1.32167E-10
0.00955811 0.159302 1.30952E-10
0.00746339 0.12439 1.30791E-10
-0.011228 0.187134 1.30684E-10
0.00983642 0.16394 1.31996E-10
-0.00531006 0.0885009 1.29854E-10
0.0156518 0.260863 1.3286E-10
-0.006438 0.1073 1.31345E-10
-0.00536865 0.0894775 1.30652E-10
