-0.00766846 0.127808 3.7202E-10
-0.00451906 0.0753176 3.78508E-10
0.0239867 0.399779 3.82581E-10
-0.0161792 0.269654 3.93083E-10
-0.000725098 0.012085 3.72375E-10
-0.0211742 0.352904 3.90929E-10
-0.00916259 0.15271 3.80773E-10
-0.0119165 0.198608 3.84161E-10
-0.00176514 0.0294189 3.68885E-10
0.0108178 0.180297 3.74603E-10
-0.0181127 0.301878 3.82383E-10
-0.00955811 0.159302 3.64702E-10
-0.0115796 0.192993 3.78447E-10
-0.00495851 0.0826417 3.8419E-10
0.00235108 0.0391846 3.71038E-10
-0.00596923 0.0994872 3.77243E-10
-0.00712648 0.118775 3.73231E-10
0.0146996 0.244994 3.83979E-10
-0.00204347 0.0340578 3.89099E-10
0.0203246 0.338744 3.89907E-10
-0.0169262 0.282103 3.77431E-10
0.00185303 0.0308838 3.71859E-10
0.000593263 0.00988771 3.83859E-10
0.00642336 0.107056 3.72706E-10
-0.0111987 0.186645 3.7245E-10
-0.00884032 0.147339 3.71906E-10
0.0133373 0.222288 3.67123E-10
0.000417481 0.00695803 3.80928E-10
0.00566162 0.0943603 3.86427E-10
-0.0100854 0.16809 3.8169E-10
0.0156811 0.261352 3.92238E-10
0.00722901 0.120484 3.60624E-10
-0.00145751 0.0242919 3.81961E-10
-0.0031421 0.0523683 3.82351E-10
-0.0112866 0.188111 3.89566E-10
0.00123779 0.0206298 3.82764E-10
-0.00838623 0.13977 3.72713E-10
-0.013264 0.221068 3.82168E-10
-0.00840087 0.140015 3.64324E-10
0.000563965 0.00939942 4.02802E-10
0.0154174 0.256957 3.78328E-10
-0.00176514 0.0294189 3.82673E-10
0.00511963 0.0853273 3.76217E-10
0.00695068 0.115845 3.89547E-10
0.0054126 0.0902099 3.83199E-10
0.00173584 0.0289306 3.80561E-10
0.000476075 0.00793458 3.71128E-10
0.0177759 0.296265 3.86305E-10
-0.00668701 0.11145 3.83302E-10
-0.00418213 0.0697022 3.81703E-10
0.00847412 0.141235 3.81147E-10
0.00277588 0.0462646 3.77091E-10
-0.00197021 0.0328369 3.82274E-10
-0.0167798 0.279663 3.61161E-10
-0.00199952 0.0333253 3.89692E-10
0.0058667 0.0977783 3.84612E-10
0.0140698 0.234497 3.87054E-10
-0.00957275 0.159546 3.78171E-10
0.00311279 0.0518799 3.84179E-10
0.0154614 0.25769 3.72391E-10
0.00689209 0.114868 3.76908E-10
0.00457764 0.076294 3.80802E-10
0.0117992 0.196654 4.03664E-10
0.0282201 0.470336 3.79472E-10
-0.00831299 0.13855 3.92869E-10
0.00711183 0.11853 3.82066E-10
-0.00284912 0.0474853 3.70152E-10
-0.00311279 0.0518799 3.66387E-10
0.0081079 0.135132 3.73769E-10
-0.00758057 0.126343 3.84465E-10
0.016853 0.280883 3.74888E-10
-0.00248291 0.0413818 3.6474E-10
-0.000988771 0.0164795 3.82948E-10
0.00189697 0.0316162 3.9129E-10
0.00645264 0.107544 3.8787E-10
0.00957275 0.159546 3.94696E-10
-0.00344971 0.0574952 3.82006E-10
-0.00289307 0.0482178 3.78662E-10
0.0036255 0.060425 3.78292E-10
-0.00421142 0.0701904 3.72475E-10
-0.00236572 0.0394287 3.78581E-10
-0.00339112 0.0565187 3.99557E-10
0.0002417 0.00402833 3.72736E-10
-0.00141357 0.0235596 3.90543E-10
0.00429931 0.0716553 3.82437E-10
-0.0011792 0.0196533 3.60953E-10
0.0114185 0.190308 3.82052E-10
-0.00511963 0.0853273 3.82325E-10
0.00615967 0.102661 3.84644E-10
0.0358373 0.597288 3.80554E-10
-0.00279053 0.0465088 3.72416E-10
0.00613038 0.102173 3.689E-10
0.00394777 0.0657961 3.91971E-10
0.0049292 0.0821534 3.84763E-10
0.00062256 0.010376 3.71657E-10
0.0159595 0.265991 3.71335E-10
-0.00217529 0.0362549 3.83011E-10
0.00633546 0.105591 3.82684E-10
-0.00156005 0.0260009 3.69766E-10
-0.0081079 0.135132 3.78825E-10
0.0059253 0.0987549 3.9258E-10
0.00293702 0.0489503 4.05323E-10
0.0119457 0.199096 3.7285E-10
0.00443115 0.0738526 3.92964E-10
0.0099243 0.165405 3.6756E-10
-0.00437257 0.0728761 3.72169E-10
-0.00214601 0.0357668 3.82795E-10
-0.00428467 0.0714112 3.80297E-10
0.00120849 0.0201416 3.70648E-10
-0.00513429 0.0855714 3.77154E-10
-0.015271 0.254517 3.8118E-10
0.0108178 0.180297 3.74072E-10
0.0101586 0.169311 3.82604E-10
-0.00719972 0.119995 3.87254E-10
0.00834228 0.139038 3.71612E-10
-0.00369873 0.0616456 3.81031E-10
-0.011272 0.187867 3.69365E-10
0.00610108 0.101685 3.91396E-10
-0.0151538 0.252563 4.04745E-10
0.00531006 0.0885009 3.81724E-10
-0.0113891 0.189819 3.76137E-10
-0.0141722 0.236204 3.8226E-10
-0.00614503 0.102417 3.71887E-10
0.0181859 0.303099 3.92126E-10
0.0109057 0.181762 3.60624E-10
-0.0086792 0.144653 3.70126E-10
0.0016919 0.0281983 3.9927E-10
0.0109497 0.182494 3.8913E-10
-0.00916259 0.15271 3.70833E-10
-0.0129272 0.215453 3.72962E-10
0.00261474 0.0435791 3.7838E-10
-0.0086499 0.144165 3.8249E-10
-0.0090454 0.150757 3.92789E-10
-0.00564698 0.0941163 3.67574E-10
0.000417481 0.00695803 3.72919E-10
-0.0052954 0.0882567 3.70837E-10
-0.00415284 0.0692139 3.82654E-10
0.0100122 0.16687 3.7234E-10
0.00299562 0.0499269 3.89647E-10
0.0054419 0.0906983 3.83479E-10
0.00281982 0.0469971 3.91865E-10
0.010642 0.177367 3.68877E-10
-0.00494386 0.0823976 3.81677E-10
0.000197755 0.00329592 3.82299E-10
-0.000168458 0.00280763 3.8745E-10
0.00799073 0.133179 3.75286E-10
-0.00258545 0.0430908 3.71619E-10
0.00113525 0.0189209 3.71355E-10
-0.00642336 0.107056 3.80762E-10
-8.05667E-05 0.00134278 3.70992E-10
0.0107152 0.178587 3.70829E-10
0.013557 0.225951 3.79789E-10
0.0109789 0.182982 3.62371E-10
-0.00204347 0.0340578 3.80872E-10
-0.00112061 0.0186768 3.81041E-10
-0.000915527 0.0152588 3.70761E-10
-0.00273194 0.0455323 3.77178E-10
-0.00610108 0.101685 3.93011E-10
0.0136742 0.227904 3.80423E-10
0.00227783 0.0379639 3.70194E-10
0.0100268 0.167113 3.69625E-10
0.00119385 0.0198974 3.98238E-10
-0.00495851 0.0826417 3.77277E-10
-0.00708252 0.118042 3.96456E-10
-0.0131761 0.219603 3.71238E-10
-0.00859131 0.143188 3.81433E-10
-0.00135498 0.0225831 3.75955E-10
0.00873779 0.14563 3.79468E-10
-0.0140991 0.234985 3.93212E-10
-0.00995359 0.165893 3.93547E-10
0.00284912 0.0474853 3.842E-10
-0.00195557 0.0325928 3.80783E-10
-0.00526611 0.0877685 3.83276E-10
0.0139819 0.233032 3.69619E-10
-0.0223462 0.372437 3.92404E-10
0.00344971 0.0574952 3.64259E-10
0.00610108 0.101685 3.72134E-10
0.00175048 0.0291747 3.73809E-10
0.00829834 0.138306 3.67454E-10
0.00847412 0.141235 3.88384E-10
-0.0123412 0.205687 3.86405E-10
0.00762452 0.127075 3.73408E-10
-0.00642336 0.107056 3.60088E-10
-0.017937 0.298949 3.80791E-10
-0.000183106 0.00305178 3.83147E-10
0.00457764 0.076294 3.69839E-10
-0.00655517 0.109253 3.93694E-10
-0.00180909 0.0301514 3.82613E-10
-0.00615967 0.102661 3.88048E-10
0.00387452 0.0645753 3.71959E-10
-0.00182373 0.0303956 3.78992E-10
-0.00982178 0.163696 3.70572E-10
-0.00172119 0.0286864 3.84192E-10
-0.00809326 0.134888 3.84901E-10
-0.00845946 0.140991 3.68062E-10
0.013103 0.218383 3.87802E-10
0.00391847 0.0653078 3.66261E-10
-0.00466554 0.0777589 3.89678E-10
0.00785888 0.130981 3.77506E-10
0.00371339 0.0618898 3.89634E-10
