-0.00734619 0.122437 7.23619E-11
0.0103929 0.173216 7.14251E-11
-0.0110376 0.183959 7.28313E-11
0.00509033 0.0848389 7.29602E-11
-0.000446778 0.0074463 7.19276E-11
0.00706787 0.117798 7.16312E-11
-0.00202881 0.0338136 7.1215E-11
0.000695801 0.0115967 7.2489E-11
-0.00113525 0.0189209 7.25644E-11
-0.00412354 0.0687256 7.03827E-11
0.00476807 0.0794678 7.12041E-11
0.0233423 0.389038 7.21495E-11
0.00468018 0.078003 7.1403E-11
-0.00177978 0.0296631 7.10659E-11
0.00812255 0.135376 7.0853E-11
-0.00478271 0.0797119 7.29389E-11
-0.00872314 0.145386 7.2642E-11
0.0161939 0.269898 7.13915E-11
0.0164135 0.273559 7.07797E-11
0.0050171 0.0836183 7.21592E-11
-0.00838623 0.13977 7.13381E-11
0.0265941 0.443236 7.14061E-11
-0.0101879 0.169799 7.08732E-11
-0.000827638 0.013794 7.28889E-11
0.00361086 0.0601809 7.20488E-11
0.0122387 0.203979 7.18283E-11
-0.0120044 0.200073 7.28437E-11
-0.0138647 0.231079 7.39207E-11
-0.00951416 0.158569 7.31759E-11
-0.0282054 0.470091 7.18126E-11
-0.0332006 0.553343 7.21965E-11
-0.0228589 0.380982 7.3072E-11
-0.00197021 0.0328369 7.34411E-11
-0.00681885 0.113647 7.24254E-11
-0.00236572 0.0394287 7.19562E-11
-0.0167651 0.279419 7.20908E-11
-0.00125244 0.0208739 7.26268E-11
0.0113745 0.189575 7.31652E-11
-0.0147143 0.245238 7.28553E-11
0.0022046 0.0367433 7.23092E-11
-0.0016626 0.0277099 7.22216E-11
-0.0258618 0.43103 7.1391E-11
-0.00192626 0.0321044 7.31832E-11
0.000446778 0.0074463 7.14958E-11
0.00114991 0.0191651 7.20578E-11
0.00507569 0.0845948 7.17601E-11
0.0144213 0.240355 7.01256E-11
0.0159302 0.265503 7.30077E-11
0.00923584 0.153931 7.22249E-11
0.00633546 0.105591 7.09776E-11
0.00995359 0.165893 7.30223E-11
-0.000563965 0.00939942 7.21963E-11
0.00451906 0.0753176 7.01907E-11
0.00542725 0.0904541 7.13037E-11
-0.00642336 0.107056 7.11788E-11
-0.00245362 0.0408937 7.30438E-11
-0.0192114 0.32019 7.13387E-11
-0.0107885 0.179808 7.00171E-11
0.0102758 0.171264 7.23852E-11
-0.00306886 0.0511476 7.35233E-11
0.000681153 0.0113526 7.24888E-11
0.012517 0.208617 7.13479E-11
0.0165014 0.275023 7.25281E-11
0.00671631 0.111938 7.20729E-11
0.004021 0.0670166 7.17683E-11
0.00195557 0.0325928 7.13156E-11
0.016809 0.280151 7.30174E-11
-0.00224854 0.0374756 7.13241E-11
0.00547119 0.0911865 7.13596E-11
-0.0137328 0.228881 7.26574E-11
0.00427003 0.0711671 7.31695E-11
-0.00334717 0.0557863 7.18528E-11
-0.00261474 0.0435791 7.22838E-11
-0.00270264 0.0450439 7.23477E-11
0.00131103 0.0218506 7.25127E-11
-0.00192626 0.0321044 7.20891E-11
-0.00731691 0.121948 7.28125E-11
-0.0076538 0.127563 7.2909E-11
-0.0104662 0.174437 7.28699E-11
-0.0122974 0.204957 7.21322E-11
-0.00982178 0.163696 7.20245E-11
0.011477 0.191284 7.05726E-11
-0.0272973 0.454956 7.31107E-11
-0.0254516 0.424193 7.10818E-11
0.00932372 0.155395 7.0767E-11
0.00973389 0.162231 7.343E-11
-0.00197021 0.0328369 7.1988E-11
-0.00542725 0.0904541 7.19618E-11
-0.00374268 0.062378 7.24155E-11
-0.00686278 0.11438 7.36818E-11
-0.0112427 0.187378 7.11384E-11
-0.0213061 0.355102 7.26663E-11
-0.0229907 0.383178 7.25017E-11
-0.0130151 0.216918 7.31637E-11
0.0174535 0.290892 7.19536E-11
-0.0290552 0.484253 7.02649E-11
-0.0178929 0.298216 7.22208E-11
-0.00821045 0.136841 7.02539E-11
-0.0123558 0.205931 7.31074E-11
0.0126781 0.211303 7.34133E-11
0.0026294 0.0438233 7.20243E-11
-0.0136303 0.227172 7.21859E-11
-0.000505372 0.00842286 7.10972E-11
-0.0132933 0.221556 7.35742E-11
-0.00384522 0.064087 7.34903E-11
0.0239574 0.399291 7.18403E-11
-0.0109789 0.182982 7.30711E-11
-0.0248803 0.414672 7.35658E-11
-0.0156372 0.26062 7.08002E-11
0.0183471 0.305786 7.27354E-11
0.00577881 0.0963136 7.21039E-11
0.00062256 0.010376 7.27901E-11
-0.000256348 0.00427247 7.38251E-11
0.0228735 0.381226 7.2239E-11
0.00898681 0.14978 7.38721E-11
0.0144506 0.240843 7.2851E-11
-0.00941162 0.15686 7.28743E-11
-0.0086499 0.144165 7.17998E-11
0.014978 0.249633 7.31884E-11
-0.00125244 0.0208739 7.1788E-11
-0.017351 0.289184 7.22896E-11
0.00071045 0.0118408 7.19843E-11
0.0119311 0.198852 7.29454E-11
-0.00425537 0.0709229 7.20533E-11
0.0239867 0.399779 7.2018E-11
0.016853 0.280883 7.23797E-11
-0.0296557 0.494262 7.11451E-11
-0.00274659 0.0457764 7.10319E-11
-0.0209985 0.349975 7.40837E-11
-0.0010913 0.0181884 7.17183E-11
-0.0111401 0.185668 7.27881E-11
0.00519286 0.0865477 7.09901E-11
-0.0103051 0.171753 7.19246E-11
0.010935 0.18225 7.3505E-11
-0.00384522 0.064087 7.35604E-11
0.00897217 0.149536 7.10802E-11
0.0137768 0.229613 7.31926E-11
0.00377197 0.0628662 7.08685E-11
0.00651124 0.108521 7.26817E-11
0.00891357 0.14856 7.26646E-11
-0.000695801 0.0115967 7.38923E-11
0.000168458 0.00280763 7.2148E-11
0.0106127 0.176878 7.39363E-11
0.00478271 0.0797119 7.14645E-11
0.0146264 0.243773 7.23283E-11
0.0162524 0.270873 7.21201E-11
0.0126342 0.21057 7.12485E-11
0.000856934 0.0142822 7.19808E-11
-0.00481202 0.0802003 7.36354E-11
-0.0140698 0.234497 7.30572E-11
0.0086792 0.144653 7.35861E-11
-0.0167358 0.27893 7.29126E-11
0.00385987 0.0643311 7.19328E-11
9.5215E-05 0.00158692 7.30989E-11
-0.0022046 0.0367433 7.15727E-11
0.00172119 0.0286864 7.25453E-11
-0.012019 0.200317 7.28356E-11
-0.021394 0.356567 7.13906E-11
0.00355225 0.0592042 7.22392E-11
0.015725 0.262084 7.03632E-11
0.0119604 0.19934 7.23935E-11
-0.00186768 0.0311279 7.17842E-11
8.05667E-05 0.00134278 7.28861E-11
0.0050464 0.0841066 7.2677E-11
0.0186547 0.310912 7.17628E-11
0.00548583 0.0914306 7.19873E-11
-0.00301026 0.0501711 7.18949E-11
-0.00936767 0.156128 7.27912E-11
0.0255248 0.425413 7.0964E-11
0.000314942 0.00524903 7.20503E-11
0.0030542 0.0509034 7.29328E-11
0.0048999 0.0816651 7.37624E-11
-0.00888428 0.148071 7.1524E-11
0.00809326 0.134888 7.09853E-11
-0.0100415 0.167358 7.35362E-11
0.0123266 0.205443 7.11718E-11
0.00186768 0.0311279 7.06937E-11
0.0105688 0.176147 7.26149E-11
-0.010935 0.18225 7.26112E-11
-0.00763916 0.127319 7.17999E-11
0.0179808 0.299681 7.32205E-11
-0.00712648 0.118775 7.13514E-11
-0.0152564 0.254273 7.15434E-11
0.00302491 0.0504153 7.15769E-11
0.00198486 0.0330811 7.09029E-11
0.00731691 0.121948 7.20466E-11
0.0122241 0.203735 7.3041E-11
0.016062 0.2677 7.31047E-11
0.0127954 0.213256 7.28655E-11
0.0255687 0.426146 7.24907E-11
-0.00122315 0.0203858 7.16751E-11
-0.00630615 0.105103 7.2749E-11
-0.00733155 0.122193 7.2977E-11
0.0351782 0.586303 7.17946E-11
-0.0130151 0.216918 7.15468E-11
-0.00519286 0.0865477 7.35006E-11
0.00550049 0.0916748 7.28864E-11
-0.0167798 0.279663 7.14231E-11
0.00428467 0.0714112 7.28837E-11
0.00542725 0.0904541 7.10176E-11
