-0.00324463 0.0540772 7.01974E-11
0.00718507 0.119751 6.98359E-11
0.00213135 0.0355226 6.91312E-11
-0.00371339 0.0618898 6.99802E-11
0.0103929 0.173216 6.98281E-11
0.0225074 0.375123 6.99583E-11
0.0108031 0.180053 6.95944E-11
-0.00700929 0.116821 6.96365E-11
-0.00749268 0.124878 6.9159E-11
0.0281761 0.469602 6.92657E-11
-0.0234448 0.390747 6.97858E-11
0.000153809 0.00256348 6.98954E-11
-0.00859131 0.143188 7.00898E-11
-0.0193285 0.322142 6.92842E-11
0.00267333 0.0445556 6.97129E-11
0.0119604 0.19934 6.87938E-11
-0.022727 0.378784 7.04365E-11
0.00516358 0.0860596 6.94898E-11
0.0146704 0.244507 6.96895E-11
0.0107299 0.178832 6.96537E-11
0.0193579 0.322632 6.91412E-11
0.0090747 0.151245 6.91787E-11
0.00321533 0.0535889 6.92015E-11
-0.000109864 0.00183106 6.96289E-11
-0.0081079 0.135132 6.90895E-11
-0.00797607 0.132935 7.12247E-11
0.0124437 0.207396 6.96456E-11
0.0113598 0.189331 6.96734E-11
-0.0237085 0.395142 7.02382E-11
-0.00513429 0.0855714 6.96947E-11
0.0142308 0.237181 6.95037E-11
-0.00462159 0.0770264 6.9807E-11
-0.00976319 0.16272 7.05579E-11
0.0193871 0.323119 6.97468E-11
0.000417481 0.00695803 6.90427E-11
-0.0109643 0.182738 6.87754E-11
0.0139819 0.233032 6.95471E-11
-0.0138647 0.231079 6.89993E-11
-0.0058667 0.0977783 6.98919E-11
-0.000666505 0.0111084 7.07947E-11
0.0221119 0.368532 6.88843E-11
0.00762452 0.127075 6.89251E-11
0.0105248 0.175414 6.89342E-11
0.00881103 0.146851 6.978E-11
0.00322999 0.0538331 6.9641E-11
0.00136964 0.0228273 6.9035E-11
-0.00364015 0.0606691 6.90653E-11
-0.0248949 0.414916 7.09458E-11
0.0183178 0.305297 6.85457E-11
-0.0137328 0.228881 6.97943E-11
-0.000270996 0.00451661 6.92249E-11
0.000607911 0.0101319 6.93125E-11
0.0107299 0.178832 7.04142E-11
-0.00519286 0.0865477 6.95489E-11
0.0143627 0.239378 6.94897E-11
-0.00734619 0.122437 6.99875E-11
0.00576416 0.0960694 6.98735E-11
0.000256348 0.00427247 6.91623E-11
-0.00299562 0.0499269 7.02131E-11
0.00843017 0.140503 6.87158E-11
-0.00714112 0.119019 6.98708E-11
0.00311279 0.0518799 6.86834E-11
0.00110596 0.0184326 6.98682E-11
0.0101147 0.168579 7.09258E-11
0.00573487 0.0955811 6.72537E-11
0.011228 0.187134 6.96437E-11
-0.00588134 0.0980224 7.01989E-11
0.00621827 0.103638 6.85189E-11
0.00104737 0.0174561 6.89103E-11
-0.0076538 0.127563 6.97772E-11
-0.00876709 0.146118 6.92291E-11
-0.0156225 0.260376 6.86907E-11
0.0067749 0.112915 7.00845E-11
-0.02198 0.366333 7.14394E-11
0.000549317 0.00915528 7.01904E-11
0.00361086 0.0601809 6.94829E-11
0.0202954 0.338257 6.86882E-11
0.0179516 0.299193 6.989E-11
0.0109204 0.182007 6.95109E-11
0.0125317 0.208862 6.91133E-11
0.00539795 0.0899658 6.91333E-11
0.0248217 0.413695 6.92209E-11
0.013264 0.221068 7.00576E-11
0.00930907 0.155151 6.97569E-11
0.000827638 0.013794 7.01349E-11
-0.00429931 0.0716553 6.83866E-11
-0.0016919 0.0281983 6.99429E-11
0.00114991 0.0191651 6.85383E-11
0.016516 0.275267 6.89985E-11
0.0231518 0.385863 6.83841E-11
0.0153588 0.25598 6.91049E-11
0.0121216 0.202027 7.02895E-11
-0.00320068 0.0533448 6.86911E-11
0.0233569 0.389282 6.88406E-11
-0.00771241 0.12854 6.997E-11
-0.0348119 0.580198 6.95542E-11
0.0111401 0.185668 7.00616E-11
-0.00914795 0.152466 7.07415E-11
-0.0126342 0.21057 6.80203E-11
0.00551514 0.0919189 6.91747E-11
-0.00419677 0.0699463 7.02056E-11
0.010935 0.18225 6.986E-11
0.0118578 0.197631 6.96879E-11
-0.00563233 0.0938721 6.89789E-11
-0.0025122 0.0418701 6.98918E-11
-0.0130737 0.217896 6.92068E-11
0.00432862 0.0721436 7.00699E-11
-0.00161865 0.0269775 6.92409E-11
-0.00785888 0.130981 6.90945E-11
-0.00636475 0.106079 7.07021E-11
-0.00482666 0.0804444 6.99114E-11
0.0109057 0.181762 6.95415E-11
-0.0170433 0.284056 7.12234E-11
-0.0144946 0.241577 6.87173E-11
-0.0035962 0.0599367 7.04823E-11
0.0134106 0.223509 6.96193E-11
0.00189697 0.0316162 6.99385E-11
-0.0016626 0.0277099 6.95393E-11
-0.00900147 0.150024 7.01227E-11
-0.00372804 0.0621339 7.0587E-11
0.00617431 0.102905 6.97149E-11
0.00216065 0.0360108 6.9971E-11
-0.005896 0.0982666 6.95516E-11
0.00574952 0.0958253 7.01058E-11
-0.00847412 0.141235 7.14424E-11
-0.0127807 0.213012 7.09595E-11
-0.0100268 0.167113 7.0085E-11
0.014348 0.239134 6.95022E-11
0.00267333 0.0445556 6.91329E-11
-0.02406 0.401001 6.96172E-11
0.0191674 0.319457 6.95597E-11
-0.00265869 0.0443115 7.03796E-11
0.0152856 0.25476 6.91726E-11
-0.00387452 0.0645753 6.98618E-11
-0.0063501 0.105835 7.04462E-11
0.0194898 0.324829 6.93923E-11
-0.00296631 0.0494386 6.89696E-11
0.000197755 0.00329592 6.97033E-11
0.00484132 0.0806886 7.0761E-11
-0.0190795 0.317992 6.90061E-11
0.00465089 0.0775148 6.88504E-11
0.00129639 0.0216064 7.02685E-11
-0.0115503 0.192505 6.91091E-11
-0.00819579 0.136597 7.00356E-11
0.0103783 0.172972 7.05759E-11
-0.0305053 0.508422 6.94865E-11
-0.00475343 0.0792238 6.92998E-11
0.00526611 0.0877685 7.15841E-11
-0.0174389 0.290648 7.04347E-11
-0.00185303 0.0308838 6.95833E-11
0.0203832 0.339721 7.02444E-11
0.010642 0.177367 7.00506E-11
-0.0080786 0.134643 7.09184E-11
0.0208226 0.347044 6.97739E-11
0.0190648 0.317747 6.96368E-11
-0.00243897 0.0406496 7.06483E-11
0.00224854 0.0374756 6.9526E-11
0.00103272 0.0172119 6.925E-11
0.0299633 0.499389 6.97832E-11
0.0114624 0.19104 6.99829E-11
0.00823974 0.137329 6.96368E-11
-0.0108031 0.180053 6.88988E-11
0.00648194 0.108032 6.94798E-11
-0.0122241 0.203735 6.93307E-11
0.00161865 0.0269775 6.83037E-11
-0.0175708 0.292847 6.87832E-11
0.00982178 0.163696 6.82452E-11
-0.0231078 0.385131 6.93932E-11
-0.0233423 0.389038 7.18478E-11
0.0156225 0.260376 6.95188E-11
-0.0109204 0.182007 6.96337E-11
-0.0159448 0.265747 7.09196E-11
-0.0161499 0.269165 6.95462E-11
0.00813719 0.13562 6.98939E-11
-0.00785888 0.130981 6.97478E-11
0.00176514 0.0294189 7.01725E-11
0.0159741 0.266236 6.85576E-11
0.00670165 0.111694 6.75938E-11
-0.0169409 0.282348 6.90918E-11
0.00633546 0.105591 6.97031E-11
-0.00749268 0.124878 7.07785E-11
-0.0128979 0.214966 7.04667E-11
0.0197973 0.329956 6.95465E-11
0.0144359 0.240599 6.9548E-11
-0.00337647 0.0562746 6.81361E-11
0.00806396 0.134399 7.01934E-11
0.00913329 0.152222 6.98977E-11
-0.00566162 0.0943603 7.03987E-11
-0.0174243 0.290405 7.09859E-11
-0.00837157 0.139526 6.79685E-11
-0.00384522 0.064087 7.09592E-11
0.0105834 0.17639 6.98205E-11
-0.000490723 0.00817872 6.94089E-11
0.00819579 0.136597 6.84715E-11
-0.00664306 0.110718 6.93313E-11
-0.0202661 0.337767 6.96956E-11
0.0109057 0.181762 7.01378E-11
-0.00630615 0.105103 6.91095E-11
-0.00620361 0.103394 6.91298E-11
-0.0143774 0.239623 6.98534E-11
