0.000666505 0.0111084 1.10553E-10
0.0108031 0.180053 1.10613E-10
-0.00325927 0.0543213 1.10304E-10
0.00290771 0.0484619 1.10479E-10
0.00173584 0.0289306 1.10641E-10
-0.000974122 0.0162354 1.11544E-10
0.00947022 0.157837 1.11317E-10
0.00210206 0.0350343 1.10127E-10
0.00819579 0.136597 1.11545E-10
-0.00431397 0.0718994 1.11326E-10
-0.00944092 0.157349 1.12254E-10
-0.00139893 0.0233154 1.10089E-10
-0.00916259 0.15271 1.11387E-10
0.00120849 0.0201416 1.10435E-10
0.00932372 0.155395 1.10589E-10
0.00514893 0.0858155 1.11439E-10
-0.00699463 0.116577 1.10756E-10
-0.00977783 0.162964 1.11387E-10
-0.00803466 0.133911 1.10237E-10
-0.00183839 0.0306398 1.11753E-10
-0.00608642 0.10144 1.11709E-10
0.0161499 0.269165 1.10891E-10
0.000344239 0.00573732 1.12681E-10
-0.00175048 0.0291747 1.10526E-10
-0.00298097 0.0496828 1.10494E-10
0.00388916 0.0648194 1.10935E-10
-0.00816649 0.136108 1.10583E-10
0.000593263 0.00988771 1.12395E-10
0.00236572 0.0394287 1.11008E-10
-0.00116455 0.0194092 1.08486E-10
-0.00134034 0.0223389 1.12058E-10
-0.00755127 0.125855 1.09884E-10
0.0192847 0.321411 1.10967E-10
-0.00551514 0.0919189 1.09079E-10
0.014685 0.24475 1.11424E-10
0.000417481 0.00695803 1.10808E-10
-0.0096753 0.161255 1.11673E-10
-0.00122315 0.0203858 1.12296E-10
-0.00932372 0.155395 1.12119E-10
0.00822509 0.137085 1.0953E-10
0.00823974 0.137329 1.12329E-10
0.000593263 0.00988771 1.12307E-10
0.00841553 0.140259 1.11741E-10
0.00387452 0.0645753 1.1219E-10
-0.00966064 0.161011 1.12027E-10
-0.00454836 0.0758059 1.12705E-10
0.00939697 0.156616 1.10371E-10
-0.00640871 0.106812 1.10326E-10
-0.00150147 0.0250244 1.09629E-10
-0.00043213 0.00720217 1.10757E-10
0.0021167 0.0352784 1.09632E-10
-0.00793213 0.132202 1.10812E-10
-0.00790284 0.131714 1.10463E-10
0.00227783 0.0379639 1.11276E-10
0.00236572 0.0394287 1.12402E-10
0.000988771 0.0164795 1.1178E-10
0.00249756 0.0416259 1.11693E-10
-0.00639406 0.106568 1.10659E-10
0.00460694 0.0767823 1.10233E-10
-0.0166625 0.277709 1.11149E-10
-0.00267333 0.0445556 1.11393E-10
0.000637208 0.0106201 1.12117E-10
6.59183E-05 0.00109864 1.10569E-10
-0.00661377 0.110229 1.10471E-10
0.00636475 0.106079 1.11348E-10
-0.004021 0.0670166 1.11045E-10
-0.00652589 0.108765 1.10298E-10
0.00252685 0.0421142 1.10547E-10
-0.0031421 0.0523683 1.10804E-10
-0.0025122 0.0418701 1.10437E-10
0.0107152 0.178587 1.1099E-10
-0.00197021 0.0328369 1.11483E-10
-0.000607911 0.0101319 1.10304E-10
0.00198486 0.0330811 1.11895E-10
0.00435792 0.0726319 1.11838E-10
0.00279053 0.0465088 1.116E-10
-0.0165014 0.275023 1.11501E-10
0.00298097 0.0496828 1.10917E-10
-0.00747804 0.124634 1.11589E-10
-0.0128832 0.214721 1.10822E-10
0.00177978 0.0296631 1.12212E-10
-0.000373536 0.0062256 1.10877E-10
-0.00580811 0.0968019 1.10917E-10
-0.0144067 0.240111 1.12379E-10
0.0031421 0.0523683 1.10977E-10
-0.00268799 0.0447998 1.11623E-10
-6.59183E-05 0.00109864 1.11519E-10
-0.0104955 0.174925 1.11334E-10
0.00429931 0.0716553 1.10944E-10
-0.00823974 0.137329 1.12163E-10
-0.0177905 0.296508 1.11429E-10
0.00671631 0.111938 1.10143E-10
-0.0116528 0.194214 1.10809E-10
0.00154541 0.0257568 1.10936E-10
0.0126196 0.210326 1.10574E-10
-0.00494386 0.0823976 1.10211E-10
0.00511963 0.0853273 1.11156E-10
0.0244994 0.408324 1.11575E-10
-0.00364015 0.0606691 1.1044E-10
-0.0102466 0.170777 1.11035E-10
0.0105541 0.175903 1.09305E-10
-0.00734619 0.122437 1.1092E-10
0.0063501 0.105835 1.11432E-10
-0.00837157 0.139526 1.11385E-10
0.00274659 0.0457764 1.08702E-10
-0.00715576 0.119263 1.11181E-10
0.00659912 0.109985 1.11276E-10
0.00627685 0.104614 1.12594E-10
-0.00772705 0.128784 1.11399E-10
-0.0102173 0.170288 1.10393E-10
0.00101806 0.0169677 1.11239E-10
0.000183106 0.00305178 1.10633E-10
-0.0035083 0.0584717 1.12138E-10
-0.00561767 0.0936279 1.11917E-10
-0.0086792 0.144653 1.1029E-10
-0.00721437 0.120239 1.12473E-10
0.00116455 0.0194092 1.10917E-10
0.0058667 0.0977783 1.10982E-10
0.0178198 0.296997 1.13739E-10
0.00194092 0.0323486 1.11271E-10
0.0022046 0.0367433 1.11575E-10
0.00511963 0.0853273 1.11682E-10
0.000534668 0.00891113 1.10656E-10
0.00199952 0.0333253 1.11384E-10
0.00891357 0.14856 1.11072E-10
-0.0135717 0.226195 1.12404E-10
-0.00781495 0.130249 1.10936E-10
-0.0142016 0.236693 1.10935E-10
0.0016919 0.0281983 1.11069E-10
0.0039917 0.0665283 1.12179E-10
-0.00353761 0.0589601 1.12261E-10
-0.001604 0.0267334 1.1105E-10
0.0116089 0.193482 1.12232E-10
0.00639406 0.106568 1.11194E-10
-0.00796143 0.13269 1.10446E-10
0.00197021 0.0328369 1.11555E-10
0.0026001 0.0433349 1.1169E-10
-0.00293702 0.0489503 1.12101E-10
0.00914795 0.152466 1.10967E-10
-0.00528075 0.0880126 1.12109E-10
-0.0187866 0.31311 1.10576E-10
0.0026001 0.0433349 1.10295E-10
0.0166625 0.277709 1.09714E-10
-0.00982178 0.163696 1.11274E-10
-0.00463623 0.0772706 1.11203E-10
-0.00853271 0.142212 1.10369E-10
0.00416749 0.0694581 1.12397E-10
-0.00596923 0.0994872 1.10621E-10
0.0102905 0.171508 1.11529E-10
-0.00968995 0.161499 1.11958E-10
-0.0145971 0.243285 1.0996E-10
-0.00340576 0.0567628 1.11834E-10
0.0062622 0.10437 1.0967E-10
0.00661377 0.110229 1.11756E-10
-0.00180909 0.0301514 1.10756E-10
0.000842286 0.0140381 1.10556E-10
0.00588134 0.0980224 1.11001E-10
-0.00318604 0.0531006 1.10793E-10
0.00407959 0.0679932 1.10374E-10
-0.00879639 0.146606 1.11678E-10
0.00331788 0.0552979 1.11227E-10
-0.00292237 0.0487061 1.10566E-10
0.0116528 0.194214 1.12391E-10
0.00161865 0.0269775 1.13125E-10
-0.00227783 0.0379639 1.10949E-10
-0.00280518 0.0467529 1.10585E-10
-0.00139893 0.0233154 1.11442E-10
-0.000256348 0.00427247 1.1004E-10
0.00611573 0.101929 1.11418E-10
0.0101147 0.168579 1.10719E-10
0.0158129 0.263549 1.1166E-10
-0.00923584 0.153931 1.1171E-10
-0.00468018 0.078003 1.1265E-10
-0.0189038 0.315064 1.12871E-10
-0.00711183 0.11853 1.10958E-10
0.0016626 0.0277099 1.12516E-10
0.0119018 0.198364 1.11036E-10
-0.001604 0.0267334 1.10132E-10
0.009104 0.151733 1.10889E-10
0.00615967 0.102661 1.1206E-10
0.0103637 0.172728 1.1054E-10
0.00148682 0.0247803 1.11203E-10
-0.0109057 0.181762 1.11854E-10
0.00107666 0.0179443 1.12471E-10
0.007771 0.129517 1.12034E-10
0.00410888 0.0684814 1.11968E-10
0.00374268 0.062378 1.11349E-10
0.00245362 0.0408937 1.11143E-10
0.00344971 0.0574952 1.11012E-10
-0.00815185 0.135864 1.12025E-10
0.00507569 0.0845948 1.11243E-10
-0.00491456 0.0819093 1.11161E-10
-0.00812255 0.135376 1.1136E-10
0.000153809 0.00256348 1.1148E-10
0.0119897 0.199828 1.1007E-10
-0.00388916 0.0648194 1.1148E-10
-0.0105101 0.175169 1.11379E-10
-0.00611573 0.101929 1.1087E-10
0.00257079 0.0428466 1.10709E-10
-0.00378663 0.0631104 1.09868E-10
