-0.00752198 0.125366 2.75235E-10
0.000256348 0.00427247 2.86013E-10
0.00216065 0.0360108 2.85032E-10
0.00662842 0.110474 2.75667E-10
-0.00217529 0.0362549 2.71291E-10
0.00513429 0.0855714 2.77194E-10
-0.000681153 0.0113526 2.75155E-10
0.00922119 0.153687 2.70597E-10
-0.00213135 0.0355226 2.77297E-10
0.0045337 0.0755617 2.76868E-10
-0.00551514 0.0919189 2.79368E-10
-0.0076538 0.127563 2.76647E-10
-0.0155199 0.258666 2.75074E-10
-0.00173584 0.0289306 2.75228E-10
0.00813719 0.13562 2.84895E-10
0.00655517 0.109253 2.8429E-10
-0.00652589 0.108765 2.79229E-10
-0.00216065 0.0360108 2.76778E-10
0.00693604 0.115601 2.78564E-10
0.00284912 0.0474853 2.77467E-10
-0.00446046 0.0743409 2.77402E-10
0.01385 0.230834 2.68503E-10
-0.00615967 0.102661 2.76645E-10
-0.000812989 0.0135498 2.79747E-10
-0.0030542 0.0509034 2.75799E-10
0.0138061 0.230102 2.76197E-10
-0.0016626 0.0277099 2.83728E-10
-0.000563965 0.00939942 2.77275E-10
0.00431397 0.0718994 2.75632E-10
-0.0134691 0.224486 2.69315E-10
0.000944824 0.0157471 2.84179E-10
0.00809326 0.134888 2.77977E-10
0.00284912 0.0474853 2.77906E-10
-0.00192626 0.0321044 2.75047E-10
-0.00198486 0.0330811 2.67519E-10
-0.0026294 0.0438233 2.84987E-10
-0.00446046 0.0743409 2.75118E-10
-0.000314942 0.00524903 2.79013E-10
0.00383058 0.0638429 2.7625E-10
0.00851806 0.141968 2.80782E-10
0.00573487 0.0955811 2.82673E-10
0.00598389 0.0997314 2.67339E-10
0.00129639 0.0216064 2.76303E-10
-0.00769776 0.128296 2.76224E-10
-0.0119604 0.19934 2.68865E-10
0.00284912 0.0474853 2.78172E-10
0.0072583 0.120972 2.78608E-10
-0.00331788 0.0552979 2.69181E-10
0.0168237 0.280396 2.79257E-10
0.0150952 0.251587 2.74012E-10
-0.0026294 0.0438233 2.77296E-10
0.00749268 0.124878 2.77297E-10
0.00416749 0.0694581 2.67645E-10
0.00224854 0.0374756 2.73815E-10
-0.00825438 0.137573 2.77264E-10
0.0054419 0.0906983 2.7787E-10
-0.00353761 0.0589601 2.84874E-10
-0.000563965 0.00939942 2.76699E-10
0.000666505 0.0111084 2.7533E-10
-5.12697E-05 0.000854496 2.78007E-10
0.00194092 0.0323486 2.85018E-10
0.00252685 0.0421142 2.69415E-10
0.00774169 0.129028 2.78702E-10
0.00560302 0.0933837 2.75136E-10
0.00552979 0.0921631 2.77693E-10
0.011272 0.187867 2.77029E-10
0.0163988 0.273314 2.76701E-10
0.0134545 0.224242 2.74803E-10
-0.0116822 0.194703 2.85004E-10
0.00393312 0.0655519 2.74127E-10
-0.00185303 0.0308838 2.75995E-10
0.00476807 0.0794678 2.76379E-10
0.00796143 0.13269 2.8015E-10
0.0124291 0.207152 2.79235E-10
-0.00176514 0.0294189 2.76173E-10
0.0062622 0.10437 2.74127E-10
-0.00853271 0.142212 2.76493E-10
-0.00482666 0.0804444 2.68718E-10
0.00771241 0.12854 2.7631E-10
-0.00494386 0.0823976 2.86525E-10
0.00823974 0.137329 2.74331E-10
-0.00615967 0.102661 2.76688E-10
-0.00364015 0.0606691 2.8263E-10
-0.00939697 0.156616 2.7618E-10
-0.0163988 0.273314 2.73983E-10
-0.00988037 0.164673 2.72405E-10
-0.00886962 0.147827 2.73961E-10
-0.00602784 0.100464 2.74504E-10
0.00258545 0.0430908 2.73635E-10
-0.00782959 0.130493 2.75567E-10
-0.000476075 0.00793458 2.79021E-10
-0.00229249 0.0382081 2.76531E-10
-0.00787354 0.131226 2.78128E-10
0.0101586 0.169311 2.75979E-10
-0.0066577 0.110962 2.82676E-10
0.00311279 0.0518799 2.70333E-10
0.00985107 0.164185 2.79117E-10
0.000505372 0.00842286 2.79571E-10
-0.00878173 0.146362 2.78891E-10
0.000109864 0.00183106 2.77168E-10
0.00517822 0.0863037 2.80161E-10
0.00224854 0.0374756 2.78928E-10
0.0102466 0.170777 2.86039E-10
-0.00317139 0.0528564 2.7637E-10
0.0050171 0.0836183 2.82952E-10
-0.000417481 0.00695803 2.75927E-10
-0.00289307 0.0482178 2.82555E-10
0.0125023 0.208372 2.75986E-10
0.00601318 0.10022 2.77073E-10
-0.0099243 0.165405 2.76491E-10
0.00796143 0.13269 2.83324E-10
0.000549317 0.00915528 2.76386E-10
-0.00299562 0.0499269 2.77214E-10
0.00752198 0.125366 2.78615E-10
-0.00391847 0.0653078 2.83498E-10
-0.00201417 0.0335694 2.82337E-10
0.00860596 0.143433 2.75552E-10
0.00131103 0.0218506 2.77451E-10
-0.00116455 0.0194092 2.76814E-10
0.00331788 0.0552979 2.78933E-10
0.00465089 0.0775148 2.80079E-10
-0.00308351 0.0513918 2.71607E-10
-0.00878173 0.146362 2.72549E-10
-0.00161865 0.0269775 2.74233E-10
0.000212403 0.00354005 2.79875E-10
-0.00925048 0.154175 2.75998E-10
0.0011792 0.0196533 2.74498E-10
-0.00513429 0.0855714 2.75232E-10
0.00756592 0.126099 2.8191E-10
0.00145751 0.0242919 2.72214E-10
-0.00158936 0.0264893 2.77865E-10
-0.00303956 0.0506593 2.81573E-10
0.00176514 0.0294189 2.77789E-10
0.00746339 0.12439 2.79656E-10
0.00418213 0.0697022 2.75106E-10
-0.009104 0.151733 2.83558E-10
0.00825438 0.137573 2.75357E-10
0.00460694 0.0767823 2.77271E-10
-0.00633546 0.105591 2.7809E-10
-0.00796143 0.13269 2.75054E-10
0.000256348 0.00427247 2.76785E-10
-0.00342042 0.0570069 2.80305E-10
0.00812255 0.135376 2.77152E-10
-0.00158936 0.0264893 2.78499E-10
0.0101879 0.169799 2.78674E-10
-0.0072876 0.12146 2.77057E-10
0.00347901 0.0579834 2.77987E-10
-0.00156005 0.0260009 2.78722E-10
0.00135498 0.0225831 2.78385E-10
-0.00560302 0.0933837 2.76086E-10
0.0073755 0.122925 2.82658E-10
0.00582277 0.0970461 2.78076E-10
-0.000446778 0.0074463 2.7578E-10
-0.00687744 0.114624 2.82721E-10
0.0111255 0.185425 2.76691E-10
-0.00457764 0.076294 2.80165E-10
0.00618897 0.103149 2.78517E-10
-0.00749268 0.124878 2.6868E-10
0.0067456 0.112427 2.7585E-10
-0.0021167 0.0352784 2.73782E-10
0.0050464 0.0841066 2.7617E-10
-0.00199952 0.0333253 2.73647E-10
0.00337647 0.0562746 2.79238E-10
-0.00227783 0.0379639 2.82703E-10
0.0081079 0.135132 2.85099E-10
0.0030542 0.0509034 2.76162E-10
-0.00812255 0.135376 2.83993E-10
-0.00293702 0.0489503 2.81237E-10
-0.00727296 0.121216 2.77509E-10
-0.00413818 0.0689697 2.77076E-10
-0.00268799 0.0447998 2.788E-10
0.00336182 0.0560304 2.77124E-10
-0.00850342 0.141724 2.78743E-10
-0.00167724 0.0279541 2.75054E-10
-0.00788818 0.13147 2.77644E-10
-0.00551514 0.0919189 2.74154E-10
-0.00113525 0.0189209 2.71726E-10
-0.00385987 0.0643311 2.68651E-10
0.0136889 0.228149 2.71855E-10
0.00274659 0.0457764 2.69712E-10
0.000476075 0.00793458 2.70431E-10
-0.00550049 0.0916748 2.77763E-10
0.000930176 0.0155029 2.69189E-10
-0.000124513 0.00207521 2.76672E-10
0.0161792 0.269654 2.79545E-10
0.00503175 0.0838624 2.76906E-10
0.00321533 0.0535889 2.77474E-10
-0.00286376 0.0477294 2.71176E-10
0.00624756 0.104126 2.70453E-10
-0.0142601 0.237669 2.77917E-10
0.00236572 0.0394287 2.74684E-10
0.000373536 0.0062256 2.76474E-10
-0.000358888 0.00598146 2.83274E-10
-0.00712648 0.118775 2.80155E-10
-0.000300294 0.00500489 2.79E-10
-0.00519286 0.0865477 2.76857E-10
-0.00154541 0.0257568 2.69773E-10
0.0125023 0.208372 2.79504E-10
-0.0302709 0.504515 2.77399E-10
0.00355225 0.0592042 2.75536E-10
