0.00617431 0.102905 6.90486E-11
-0.0160913 0.268188 6.7132E-11
-0.00602784 0.100464 6.91598E-11
0.0205297 0.342162 6.79726E-11
0.0087085 0.145142 6.7621E-11
0.0211303 0.352172 6.85847E-11
0.0440112 0.73352 6.80454E-11
0.0133519 0.222532 6.83293E-11
0.033684 0.561401 6.78597E-11
-0.00667235 0.111206 6.87738E-11
0.00954345 0.159058 6.95132E-11
-0.00104737 0.0174561 6.93158E-11
0.00872314 0.145386 6.66104E-11
-0.0176733 0.294555 6.81672E-11
-0.00676024 0.112671 6.9093E-11
-0.00390382 0.0650636 6.92793E-11
-0.00416749 0.0694581 6.94226E-11
0.00286376 0.0477294 6.77954E-11
-0.0182006 0.303344 6.92819E-11
0.0224341 0.373903 6.64219E-11
-0.0102905 0.171508 6.9395E-11
0.00421142 0.0701904 6.8468E-11
-0.00911865 0.151977 6.90847E-11
0.000329591 0.00549318 6.71254E-11
-0.0233276 0.388794 6.76342E-11
-0.0131323 0.218872 6.9421E-11
0.00569092 0.0948486 6.87668E-11
0.0132201 0.220335 6.87525E-11
-0.00221924 0.0369873 6.74813E-11
0.0319409 0.532348 6.62193E-11
0.0124291 0.207152 6.77732E-11
-0.013601 0.226683 6.92017E-11
0.00860596 0.143433 6.66503E-11
-0.00692139 0.115356 6.90663E-11
-0.000300294 0.00500489 6.83562E-11
-0.00533936 0.0889893 6.86239E-11
0.0179223 0.298704 6.71236E-11
0.0133959 0.223265 6.8057E-11
0.0252465 0.420776 6.83242E-11
0.00123779 0.0206298 6.85702E-11
-0.0249535 0.415892 6.91197E-11
0.0101733 0.169555 6.66177E-11
-0.0165307 0.275512 6.74129E-11
0.00233642 0.0389404 6.73704E-11
0.00135498 0.0225831 6.77796E-11
-0.00552979 0.0921631 6.91335E-11
-0.00270264 0.0450439 6.91686E-11
0.0087085 0.145142 6.74662E-11
-0.01385 0.230834 6.93905E-11
-0.00670165 0.111694 6.95002E-11
0.00652589 0.108765 6.71738E-11
-0.00859131 0.143188 6.90067E-11
-0.0232104 0.38684 6.81542E-11
0.0188305 0.313842 6.84721E-11
-0.0122387 0.203979 6.92529E-11
0.0054126 0.0902099 6.87743E-11
-0.00236572 0.0394287 6.75297E-11
0.0122534 0.204223 6.86276E-11
-0.0200611 0.334352 6.69055E-11
-0.0107446 0.179077 6.89936E-11
0.0119311 0.198852 6.72528E-11
0.000812989 0.0135498 6.74945E-11
0.0169115 0.281858 6.85465E-11
-0.000812989 0.0135498 6.71049E-11
-0.0203832 0.339721 6.91652E-11
0.00214601 0.0357668 6.74999E-11
-0.00487061 0.0811768 6.93811E-11
-0.00935303 0.155884 6.93561E-11
-0.00957275 0.159546 6.84404E-11
-0.00157471 0.0262451 6.83515E-11
0.00223389 0.0372314 6.7963E-11
0.0174243 0.290405 6.83864E-11
0.00727296 0.121216 6.84771E-11
0.0235327 0.392212 6.68791E-11
0.00630615 0.105103 6.81886E-11
0.0145825 0.243041 6.87623E-11
0.00491456 0.0819093 6.67324E-11
0.0166039 0.276732 6.73584E-11
-0.0125609 0.209349 6.90058E-11
-0.0298315 0.497192 6.87636E-11
-0.00944092 0.157349 6.64499E-11
-0.000739747 0.0123291 6.76597E-11
0.0100122 0.16687 6.71915E-11
0.0196802 0.328003 6.72352E-11
0.00226319 0.0377198 6.72759E-11
0.00756592 0.126099 6.70483E-11
0.000725098 0.012085 6.86851E-11
0.0189185 0.315308 6.69733E-11
-0.0192553 0.320922 6.76086E-11
0.0026001 0.0433349 6.8959E-11
0.00242432 0.0404054 6.7935E-11
-0.00347901 0.0579834 6.85435E-11
0.032102 0.535034 6.6144E-11
-0.0166772 0.277953 6.76065E-11
-0.0253344 0.42224 6.87888E-11
0.0080786 0.134643 6.8267E-11
0.00873779 0.14563 6.87474E-11
-0.00951416 0.158569 6.91721E-11
0.00749268 0.124878 6.68331E-11
-0.0151391 0.252319 6.93519E-11
-0.0150952 0.251587 6.7094E-11
0.00346436 0.0577393 6.69548E-11
-0.00416749 0.0694581 6.81628E-11
0.00759522 0.126587 6.75371E-11
0.00158936 0.0264893 6.80071E-11
0.00857665 0.142944 6.70828E-11
0.00652589 0.108765 6.80919E-11
0.021394 0.356567 6.82757E-11
0.0123266 0.205443 6.95053E-11
0.00216065 0.0360108 6.7502E-11
0.00194092 0.0323486 6.62752E-11
-0.00552979 0.0921631 6.74497E-11
-0.0185375 0.308959 6.72373E-11
-0.0136156 0.226928 6.82609E-11
-0.00892822 0.148804 6.70217E-11
0.00235108 0.0391846 6.90722E-11
-0.00176514 0.0294189 6.83616E-11
-0.000109864 0.00183106 6.90641E-11
-0.0114038 0.190063 6.86464E-11
-0.0313256 0.522093 6.89599E-11
-0.0191381 0.318969 6.91664E-11
-0.0332445 0.554076 6.91222E-11
0.00845946 0.140991 6.78523E-11
-0.00110596 0.0184326 6.72383E-11
0.00283447 0.0472412 6.70654E-11
0.00465089 0.0775148 6.89263E-11
-0.0090747 0.151245 6.91597E-11
0.0116528 0.194214 6.87664E-11
0.00163329 0.0272216 6.69132E-11
0.000856934 0.0142822 6.73243E-11
-0.0175122 0.29187 6.88307E-11
-0.0265795 0.442992 6.92372E-11
-0.0030542 0.0509034 6.78993E-11
0.00758057 0.126343 6.86033E-11
-0.0198706 0.331177 6.92573E-11
-0.00462159 0.0770264 6.88355E-11
-0.0026294 0.0438233 6.90197E-11
0.012766 0.212767 6.87384E-11
-0.00739014 0.123169 6.94463E-11
0.01656 0.276001 6.70405E-11
0.00730226 0.121704 6.90055E-11
-0.019812 0.3302 6.78819E-11
-0.0136156 0.226928 6.8288E-11
-0.000124513 0.00207521 6.7309E-11
0.0263745 0.439575 6.66935E-11
0.004021 0.0670166 6.74759E-11
0.00642336 0.107056 6.82809E-11
0.00079834 0.0133057 6.73244E-11
-0.0190209 0.317015 6.9416E-11
-0.019519 0.325317 6.91679E-11
-0.0269604 0.44934 6.96057E-11
-0.00860596 0.143433 6.89184E-11
-0.00547119 0.0911865 6.7148E-11
-0.0235327 0.392212 6.92898E-11
-0.0167066 0.278443 6.93962E-11
0.0223903 0.373171 6.58445E-11
-0.01281 0.2135 6.72643E-11
0.0146704 0.244507 6.79158E-11
0.0118871 0.198119 6.68305E-11
-0.00819579 0.136597 6.91246E-11
-0.0136449 0.227416 6.7804E-11
-0.0260375 0.433959 6.75906E-11
-0.0200024 0.333374 6.71101E-11
-2.19728E-05 0.000366213 6.84144E-11
0.0113745 0.189575 6.86719E-11
0.0167944 0.279907 6.68242E-11
-0.00419677 0.0699463 6.87136E-11
0.00267333 0.0445556 6.97747E-11
0.00236572 0.0394287 6.90036E-11
0.00495851 0.0826417 6.80243E-11
-0.00593995 0.0989991 6.78249E-11
0.0103198 0.171997 6.63925E-11
-0.0118578 0.197631 6.94955E-11
-0.0236792 0.394654 6.93258E-11
0.00714112 0.119019 6.87798E-11
-0.00970459 0.161743 6.71321E-11
0.00369873 0.0616456 6.92261E-11
0.00281982 0.0469971 6.70086E-11
-0.0177465 0.295776 6.88761E-11
-0.00667235 0.111206 6.75924E-11
-0.00150147 0.0250244 6.8647E-11
0.00908936 0.151489 6.80527E-11
0.00236572 0.0394287 6.75308E-11
0.00145751 0.0242919 6.94594E-11
0.0257592 0.42932 6.75744E-11
-0.00457764 0.076294 6.72131E-11
0.0104662 0.174437 6.67614E-11
-0.00062256 0.010376 6.90003E-11
0.0123558 0.205931 6.88252E-11
-0.00374268 0.062378 6.74982E-11
-0.00507569 0.0845948 6.68135E-11
-0.00526611 0.0877685 6.71086E-11
-0.00478271 0.0797119 6.71036E-11
-0.00557372 0.0928954 6.91863E-11
-0.0186401 0.310668 6.92677E-11
0.00079834 0.0133057 6.75354E-11
-0.00624756 0.104126 6.72374E-11
0.00383058 0.0638429 6.8721E-11
-0.0342699 0.571166 6.88283E-11
-0.00788818 0.13147 6.9305E-11
