-0.00973389 0.162231 7.67463E-11
-0.00328858 0.0548096 7.69679E-11
0.0154027 0.256713 7.65179E-11
0.0107299 0.178832 7.55169E-11
-0.000871582 0.0145264 7.60025E-11
0.00205812 0.0343019 7.73553E-11
-0.00210206 0.0350343 7.65006E-11
-0.00687744 0.114624 7.68242E-11
0.00655517 0.109253 7.55178E-11
-0.00221924 0.0369873 7.59871E-11
-0.00676024 0.112671 7.75671E-11
0.0158276 0.263794 7.60122E-11
0.0127954 0.213256 7.65177E-11
0.0214233 0.357055 7.57616E-11
-0.0146557 0.244262 7.60154E-11
0.00268799 0.0447998 7.60432E-11
-0.001604 0.0267334 7.72757E-11
-0.000124513 0.00207521 7.68595E-11
0.00446046 0.0743409 7.58342E-11
-8.05667E-05 0.00134278 7.7512E-11
-0.00558837 0.0931396 7.64768E-11
-0.00954345 0.159058 7.61554E-11
-0.0124877 0.208128 7.78082E-11
-0.00488525 0.0814209 7.71057E-11
-0.0118871 0.198119 7.77066E-11
0.00459228 0.0765381 7.76751E-11
0.00421142 0.0701904 7.70261E-11
-0.00482666 0.0804444 7.5893E-11
-0.000637208 0.0106201 7.68167E-11
0.000886231 0.0147705 7.65655E-11
-0.00481202 0.0802003 7.67724E-11
-0.0102758 0.171264 7.69822E-11
-0.00621827 0.103638 7.74965E-11
0.00246826 0.0411377 7.79723E-11
-0.00469482 0.0782471 7.62674E-11
-0.0102612 0.17102 7.66126E-11
-0.00175048 0.0291747 7.71687E-11
-0.0156225 0.260376 7.74927E-11
0.00866454 0.144409 7.60782E-11
-0.00448975 0.0748292 7.76948E-11
0.00384522 0.064087 7.74566E-11
-0.0026001 0.0433349 7.78758E-11
0.00139893 0.0233154 7.72992E-11
-0.0122241 0.203735 7.53489E-11
-0.00176514 0.0294189 7.76857E-11
-0.00104737 0.0174561 7.6999E-11
-0.0233862 0.38977 7.69918E-11
-0.00554444 0.0924073 7.70622E-11
-0.00753662 0.12561 7.80304E-11
0.00667235 0.111206 7.5869E-11
-0.00176514 0.0294189 7.58297E-11
0.00763916 0.127319 7.57736E-11
-0.00136964 0.0228273 7.63185E-11
-0.000344239 0.00573732 7.66918E-11
-0.00129639 0.0216064 7.66753E-11
-0.000900879 0.0150147 7.75304E-11
-0.0149926 0.249878 7.6081E-11
0.000900879 0.0150147 7.77731E-11
-0.0103491 0.172485 7.72675E-11
-0.00468018 0.078003 7.7052E-11
-0.00684814 0.114136 7.63124E-11
0.00746339 0.12439 7.63667E-11
-0.00287842 0.0479736 7.63095E-11
-0.00974853 0.162476 7.58115E-11
0.00415284 0.0692139 7.73744E-11
-0.0016919 0.0281983 7.70618E-11
0.00588134 0.0980224 7.68017E-11
0.00800537 0.133423 7.70154E-11
-0.00793213 0.132202 7.59458E-11
-0.0157544 0.262573 7.65989E-11
-0.0058667 0.0977783 7.72408E-11
-0.00239503 0.0399171 7.63231E-11
0.00736085 0.122681 7.75764E-11
0.0173657 0.289428 7.62685E-11
-0.00637941 0.106323 7.58983E-11
0.0162085 0.270142 7.65289E-11
-0.00198486 0.0330811 7.74193E-11
0.00990965 0.165161 7.56729E-11
0.00696533 0.116089 7.59788E-11
-0.0175854 0.29309 7.72256E-11
-0.00189697 0.0316162 7.61267E-11
0.00640871 0.106812 7.63732E-11
0.00132569 0.0220948 7.6997E-11
0.00435792 0.0726319 7.74237E-11
0.00860596 0.143433 7.78303E-11
-0.00481202 0.0802003 7.59612E-11
-0.0100415 0.167358 7.62961E-11
-0.00930907 0.155151 7.65747E-11
0.00229249 0.0382081 7.758E-11
0.00239503 0.0399171 7.56765E-11
0.00303956 0.0506593 7.72988E-11
0.0147289 0.245482 7.64284E-11
0.00968995 0.161499 7.73355E-11
0.00769776 0.128296 7.64176E-11
0.00126709 0.0211181 7.56033E-11
0.00996824 0.166137 7.55713E-11
0.0205737 0.342895 7.73016E-11
0.00315674 0.0526123 7.65286E-11
-0.00289307 0.0482178 7.70427E-11
0.00693604 0.115601 7.6315E-11
-0.00361086 0.0601809 7.7839E-11
-0.00340576 0.0567628 7.67981E-11
0.00428467 0.0714112 7.73683E-11
-0.0101 0.168334 7.70646E-11
0.0182738 0.304564 7.66035E-11
-0.0109936 0.183227 7.799E-11
-0.000563965 0.00939942 7.69567E-11
-0.00264405 0.0440674 7.62677E-11
0.00337647 0.0562746 7.61499E-11
-0.0161207 0.268678 7.7262E-11
0.0174976 0.291626 7.55156E-11
-0.00374268 0.062378 7.69116E-11
0.00642336 0.107056 7.688E-11
0.00995359 0.165893 7.68204E-11
0.00131103 0.0218506 7.67374E-11
-0.00114991 0.0191651 7.67623E-11
-0.0139379 0.232299 7.67769E-11
0.0143187 0.238646 7.67765E-11
-0.0128832 0.214721 7.7257E-11
-0.0184204 0.307007 7.75082E-11
-0.00246826 0.0411377 7.5669E-11
-0.0156664 0.261107 7.75394E-11
-0.00145751 0.0242919 7.69615E-11
-0.00173584 0.0289306 7.75647E-11
-0.0119457 0.199096 7.70493E-11
-0.0162816 0.271361 7.62963E-11
0.00106201 0.0177003 7.65356E-11
0.00112061 0.0186768 7.54289E-11
-0.0113745 0.189575 7.7396E-11
-0.00410888 0.0684814 7.65563E-11
-0.000856934 0.0142822 7.66714E-11
-0.00327392 0.0545654 7.6866E-11
0.00134034 0.0223389 7.81226E-11
0.00216065 0.0360108 7.75914E-11
-0.00248291 0.0413818 7.69035E-11
-0.000446778 0.0074463 7.73184E-11
-6.59183E-05 0.00109864 7.65141E-11
-0.00845946 0.140991 7.67939E-11
0.00101806 0.0169677 7.68838E-11
-0.00378663 0.0631104 7.64289E-11
-0.00308351 0.0513918 7.61895E-11
0.00150147 0.0250244 7.73623E-11
-0.00429931 0.0716553 7.64503E-11
0.00450441 0.0750734 7.6163E-11
-0.00916259 0.15271 7.80884E-11
-0.00533936 0.0889893 7.6996E-11
-0.00298097 0.0496828 7.58279E-11
-0.00446046 0.0743409 7.75538E-11
-0.0117992 0.196654 7.7438E-11
0.00522216 0.0870361 7.75854E-11
-0.00519286 0.0865477 7.70922E-11
0.00649659 0.108276 7.60932E-11
-0.00741945 0.123657 7.66533E-11
-0.0121362 0.20227 7.66625E-11
-0.00188233 0.0313721 7.60656E-11
0.00526611 0.0877685 7.57002E-11
0.00547119 0.0911865 7.62054E-11
0.00577881 0.0963136 7.73382E-11
0.000183106 0.00305178 7.6829E-11
-0.00822509 0.137085 7.76414E-11
0.00391847 0.0653078 7.64404E-11
-0.00942626 0.157104 7.60493E-11
0.00218994 0.0364991 7.82884E-11
-0.00191162 0.0318603 7.5784E-11
0.000227051 0.00378418 7.68574E-11
-0.00466554 0.0777589 7.7148E-11
0.000930176 0.0155029 7.65068E-11
-0.00387452 0.0645753 7.68757E-11
-0.0114185 0.190308 7.72271E-11
-0.00872314 0.145386 7.63862E-11
0.00845946 0.140991 7.6041E-11
0.00583742 0.0972903 7.64687E-11
-0.00769776 0.128296 7.7511E-11
-0.00197021 0.0328369 7.61233E-11
-0.000593263 0.00988771 7.74615E-11
0.0171898 0.286498 7.64239E-11
0.007771 0.129517 7.75822E-11
0.00834228 0.139038 7.653E-11
0.00183839 0.0306398 7.67008E-11
0.00566162 0.0943603 7.75415E-11
-0.00371339 0.0618898 7.68087E-11
0.0153881 0.256468 7.63358E-11
0.0110668 0.184447 7.63351E-11
0.00188233 0.0313721 7.74412E-11
-0.000915527 0.0152588 7.62357E-11
0.0059253 0.0987549 7.70526E-11
0.00339112 0.0565187 7.61104E-11
0.00746339 0.12439 7.74374E-11
-0.0153588 0.25598 7.65788E-11
-0.00516358 0.0860596 7.66026E-11
-0.00572021 0.0953369 7.65142E-11
-0.00322999 0.0538331 7.63443E-11
0.000461426 0.00769043 7.65301E-11
0.0134398 0.223998 7.62789E-11
-0.0161353 0.268922 7.66282E-11
-0.000461426 0.00769043 7.73944E-11
0.019563 0.32605 7.69688E-11
0.0026294 0.0438233 7.77934E-11
-0.00114991 0.0191651 7.69871E-11
0.00703858 0.11731 7.63143E-11
