-0.0143627 0.239378 6.87528E-11
0.00409423 0.0682372 6.94687E-11
0.0325269 0.542116 6.84553E-11
-0.00218994 0.0364991 7.01195E-11
0.00290771 0.0484619 6.92397E-11
-0.00684814 0.114136 6.88167E-11
0.011272 0.187867 7.05721E-11
-0.0136156 0.226928 6.91892E-11
0.000388184 0.00646973 6.87246E-11
-0.0177465 0.295776 7.06798E-11
0.0208667 0.347778 6.87644E-11
-0.0104076 0.17346 6.99277E-11
0.00365479 0.0609132 7.0654E-11
0.0263745 0.439575 6.85823E-11
0.0127954 0.213256 6.97288E-11
0.00513429 0.0855714 7.00023E-11
0.0161645 0.269409 6.91012E-11
0.00525147 0.0875244 7.00111E-11
-0.0164282 0.273803 7.03126E-11
-0.00267333 0.0445556 6.90474E-11
-0.00308351 0.0513918 6.88908E-11
-0.00157471 0.0262451 6.94625E-11
-0.0109789 0.182982 6.85915E-11
-0.0119018 0.198364 7.01308E-11
0.00845946 0.140991 7.06282E-11
0.0269164 0.448607 6.83378E-11
-0.00273194 0.0455323 7.07547E-11
-0.00879639 0.146606 6.7307E-11
0.000270996 0.00451661 6.86468E-11
0.00697999 0.116333 7.03153E-11
0.004563 0.07605 7.04383E-11
0.0163988 0.273314 7.02807E-11
-0.0171898 0.286498 7.02028E-11
-0.00721437 0.120239 6.87805E-11
-0.00813719 0.13562 7.05084E-11
-0.0107006 0.178343 7.14362E-11
-0.00681885 0.113647 7.06128E-11
-0.000681153 0.0113526 7.05458E-11
0.0269751 0.449584 6.87005E-11
0.00853271 0.142212 7.00907E-11
-0.00693604 0.115601 6.8923E-11
-0.0259203 0.432006 7.03834E-11
-0.00787354 0.131226 7.02901E-11
0.00684814 0.114136 6.87239E-11
0.00177978 0.0296631 7.00871E-11
0.00271728 0.0452881 7.00677E-11
-0.0110815 0.184692 6.94871E-11
0.010891 0.181517 7.058E-11
-0.005896 0.0982666 6.83598E-11
-0.00135498 0.0225831 7.0492E-11
-0.020808 0.3468 7.03258E-11
-0.00284912 0.0474853 6.95922E-11
-0.013103 0.218383 7.04459E-11
0.0130737 0.217896 6.94007E-11
0.00204347 0.0340578 6.82549E-11
-0.00218994 0.0364991 7.03229E-11
-0.0169994 0.283324 6.92802E-11
0.00949952 0.158325 6.9866E-11
0.0120776 0.201294 6.81244E-11
-0.000197755 0.00329592 7.00533E-11
0.00632081 0.105347 7.02285E-11
0.0050171 0.0836183 7.04771E-11
0.00217529 0.0362549 6.96707E-11
0.0241186 0.401977 7.05914E-11
-0.00342042 0.0570069 7.01475E-11
-0.0169262 0.282103 7.02489E-11
0.00246826 0.0411377 7.01091E-11
0.00451906 0.0753176 6.88163E-11
0.0350609 0.584349 6.86757E-11
-0.0118725 0.197875 6.86234E-11
-0.000988771 0.0164795 6.84103E-11
0.00627685 0.104614 6.85355E-11
-0.00154541 0.0257568 7.02333E-11
-0.00746339 0.12439 6.99619E-11
0.0159448 0.265747 6.86441E-11
-0.00758057 0.126343 6.89433E-11
0.0194604 0.32434 6.84058E-11
0.000930176 0.0155029 7.0636E-11
-0.0141429 0.235716 7.0469E-11
-0.0176733 0.294555 7.04061E-11
0.00243897 0.0406496 6.82557E-11
0.00287842 0.0479736 7.03625E-11
0.0228443 0.380738 6.82353E-11
0.0025122 0.0418701 7.02466E-11
0.0155346 0.25891 6.87264E-11
-0.00431397 0.0718994 7.00442E-11
-0.00605713 0.100952 6.97777E-11
0.00960205 0.160034 6.85069E-11
0.00101806 0.0169677 7.04435E-11
-0.00971924 0.161987 6.8618E-11
0.021145 0.352417 7.09547E-11
-0.00116455 0.0194092 6.9485E-11
-0.00684814 0.114136 7.08048E-11
0.018391 0.306517 6.88096E-11
0.00542725 0.0904541 6.8737E-11
-0.00535401 0.0892334 6.87993E-11
-0.0264185 0.440308 7.18583E-11
0.00301026 0.0501711 6.9926E-11
0.0169994 0.283324 6.87077E-11
-0.0150952 0.251587 7.08546E-11
-0.0116382 0.19397 7.00351E-11
0.0107446 0.179077 7.00272E-11
0.00828368 0.138061 6.86809E-11
0.00826904 0.137817 6.8322E-11
0.0221851 0.369752 6.86702E-11
-0.020852 0.347533 7.01945E-11
0.0239867 0.399779 6.85851E-11
0.00246826 0.0411377 6.93757E-11
-0.0175415 0.292357 6.95016E-11
0.0104076 0.17346 6.86309E-11
0.00585206 0.0975343 6.88986E-11
-0.00860596 0.143433 6.99E-11
0.0138061 0.230102 6.98814E-11
0.00277588 0.0462646 6.89544E-11
0.00781495 0.130249 6.86751E-11
-0.0121216 0.202027 7.06221E-11
-0.000534668 0.00891113 6.88136E-11
-0.0039917 0.0665283 7.05769E-11
0.017307 0.288451 7.0652E-11
0.0110668 0.184447 6.83248E-11
0.00468018 0.078003 6.83061E-11
0.00637941 0.106323 6.87085E-11
0.0284691 0.474486 6.90997E-11
-0.00229249 0.0382081 7.00655E-11
0.00519286 0.0865477 7.02979E-11
-0.00390382 0.0650636 7.00571E-11
-0.00284912 0.0474853 6.87571E-11
-0.00913329 0.152222 7.04872E-11
-0.0137475 0.229125 7.03037E-11
0.019812 0.3302 6.94501E-11
0.0109497 0.182494 6.83535E-11
-0.0126342 0.21057 6.83905E-11
0.00860596 0.143433 6.87314E-11
-0.0002417 0.00402833 7.01373E-11
-0.0126342 0.21057 6.91942E-11
0.00236572 0.0394287 7.01102E-11
0.00513429 0.0855714 6.97908E-11
0.00353761 0.0589601 7.03404E-11
0.00148682 0.0247803 6.8911E-11
-0.0123705 0.206175 7.04968E-11
0.00459228 0.0765381 6.86305E-11
0.00043213 0.00720217 6.86902E-11
0.00153076 0.0255128 6.86058E-11
0.0172045 0.286743 7.00263E-11
-0.00103272 0.0172119 7.00795E-11
-0.021394 0.356567 7.02347E-11
0.0100707 0.167846 6.993E-11
-0.00129639 0.0216064 7.02592E-11
-0.022273 0.371217 7.07423E-11
-0.0151831 0.253052 7.08201E-11
0.0179516 0.299193 6.90135E-11
0.0156664 0.261107 6.95789E-11
0.00743409 0.123901 7.01149E-11
0.000476075 0.00793458 6.87848E-11
-0.0194751 0.324584 6.87253E-11
0.00548583 0.0914306 6.99738E-11
0.00911865 0.151977 6.86519E-11
0.00633546 0.105591 6.87209E-11
-0.0101147 0.168579 6.8915E-11
-0.00516358 0.0860596 7.10687E-11
0.00377197 0.0628662 6.84766E-11
0.00661377 0.110229 6.88793E-11
0.0205005 0.341675 6.83154E-11
0.0151391 0.252319 6.86895E-11
0.00431397 0.0718994 6.84941E-11
0.00941162 0.15686 7.00792E-11
0.00427003 0.0711671 6.87079E-11
0.000344239 0.00573732 7.00938E-11
-0.00673096 0.112183 7.04134E-11
-0.00838623 0.13977 7.05905E-11
-0.00254151 0.0423584 6.87992E-11
0.00191162 0.0318603 7.06584E-11
0.0140698 0.234497 6.86161E-11
0.00762452 0.127075 6.86776E-11
-0.0121216 0.202027 6.90342E-11
0.00321533 0.0535889 6.83488E-11
0.0204272 0.340453 6.8315E-11
0.0270044 0.450073 6.94261E-11
0.0021167 0.0352784 6.90085E-11
-0.0236939 0.394898 7.03226E-11
0.0165307 0.275512 6.88555E-11
-0.00368409 0.0614015 6.99525E-11
-0.00317139 0.0528564 6.95815E-11
0.000681153 0.0113526 7.01816E-11
-0.00686278 0.11438 7.03215E-11
0.00257079 0.0428466 7.00129E-11
-0.00368409 0.0614015 6.88968E-11
0.000886231 0.0147705 7.02524E-11
-0.0166333 0.277222 6.88474E-11
0.00139893 0.0233154 7.00881E-11
-0.00522216 0.0870361 6.86505E-11
0.0131615 0.219358 6.8673E-11
0.0114331 0.190552 6.86897E-11
-0.0151831 0.253052 7.02606E-11
-0.0101879 0.169799 7.01631E-11
-0.000153809 0.00256348 7.02729E-11
-0.00403565 0.0672608 7.0524E-11
-0.00719972 0.119995 6.85716E-11
-0.00645264 0.107544 7.05189E-11
0.007771 0.129517 6.88318E-11
