0.0230346 0.38391 7.88547E-11
-0.0261254 0.435424 7.69078E-11
-0.0172045 0.286743 7.63759E-11
0.010232 0.170533 7.87954E-11
0.00428467 0.0714112 8.06213E-11
0.0101733 0.169555 7.68543E-11
-0.012312 0.2052 7.63855E-11
0.00561767 0.0936279 7.87777E-11
0.00290771 0.0484619 7.79927E-11
-0.012268 0.204467 7.8129E-11
-0.0307397 0.512328 7.61588E-11
0.00388916 0.0648194 7.77127E-11
0.0107299 0.178832 7.68128E-11
0.000563965 0.00939942 7.9324E-11
0.0129418 0.215697 7.81242E-11
0.0322925 0.538208 7.70101E-11
-0.0126928 0.211547 7.61652E-11
-0.00157471 0.0262451 7.84905E-11
0.006438 0.1073 7.91309E-11
0.0174389 0.290648 7.76521E-11
-0.00136964 0.0228273 7.86897E-11
-0.0133666 0.222777 7.74949E-11
-0.00491456 0.0819093 7.74419E-11
-0.0124877 0.208128 7.90498E-11
-0.00281982 0.0469971 7.90215E-11
0.0131761 0.219603 7.499E-11
-0.0118432 0.197387 7.51926E-11
-0.0114917 0.191529 7.53843E-11
0.0186401 0.310668 7.50956E-11
-0.00330322 0.0550537 7.84078E-11
-0.00598389 0.0997314 7.77938E-11
0.00112061 0.0186768 7.78938E-11
0.0289233 0.482055 7.65455E-11
-0.00454836 0.0758059 7.6823E-11
0.00822509 0.137085 7.78778E-11
-0.0333178 0.555297 7.57467E-11
0.0189771 0.316285 7.79178E-11
-0.0053247 0.0887451 7.7225E-11
0.0378735 0.631225 7.59935E-11
-0.00229249 0.0382081 7.63E-11
0.00296631 0.0494386 7.67891E-11
-0.0140698 0.234497 7.60241E-11
0.0113598 0.189331 7.84108E-11
-0.00539795 0.0899658 7.78985E-11
-0.0245141 0.408568 7.82669E-11
-0.00697999 0.116333 7.887E-11
-0.0316479 0.527465 7.71225E-11
-0.0275171 0.458618 7.782E-11
0.00356691 0.0594484 7.70228E-11
-0.0451977 0.753296 7.69773E-11
-0.00113525 0.0189209 7.71582E-11
-0.0139819 0.233032 7.66316E-11
-0.0269311 0.448852 7.66169E-11
-0.0323365 0.538942 7.74172E-11
0.0275465 0.459108 7.73216E-11
-0.00199952 0.0333253 7.75816E-11
-0.0232983 0.388305 7.8473E-11
0.000842286 0.0140381 7.76906E-11
0.0340063 0.566772 7.63287E-11
-0.00570557 0.0950928 7.64324E-11
0.0183178 0.305297 7.76896E-11
0.00366945 0.0611574 7.88559E-11
0.0274146 0.45691 7.73984E-11
-0.00459228 0.0765381 7.69027E-11
-0.0305493 0.509154 7.66128E-11
-0.0067456 0.112427 7.72236E-11
-0.00460694 0.0767823 7.84318E-11
0.0312231 0.520385 7.54603E-11
0.0434106 0.723511 7.60879E-11
-0.0114185 0.190308 7.86586E-11
0.016355 0.272583 7.72423E-11
0.00218994 0.0364991 7.67588E-11
-0.00695068 0.115845 7.75739E-11
0.0103491 0.172485 7.70457E-11
0.0360717 0.601196 7.66105E-11
-0.00106201 0.0177003 7.89204E-11
-0.0311645 0.519408 7.64385E-11
-0.00279053 0.0465088 7.85212E-11
0.0251 0.418334 7.73404E-11
0.00844482 0.140747 7.72606E-11
0.00705322 0.117554 7.66818E-11
0.00519286 0.0865477 7.71179E-11
0.00429931 0.0716553 7.74636E-11
0.0130297 0.217163 7.94248E-11
-0.0307837 0.513062 7.64349E-11
0.0196215 0.327026 7.6475E-11
0.0119311 0.198852 7.76984E-11
-0.00410888 0.0684814 7.9038E-11
0.0233862 0.38977 7.73353E-11
-0.0288207 0.480346 7.82781E-11
-0.0112573 0.187622 7.76161E-11
-0.0308276 0.513793 7.64364E-11
0.00787354 0.131226 7.89282E-11
-0.0212475 0.354125 7.78532E-11
0.0110376 0.183959 7.74344E-11
-0.0242212 0.403687 7.64636E-11
0.00419677 0.0699463 7.66976E-11
0.00325927 0.0543213 7.86074E-11
0.0212915 0.354858 7.6584E-11
0.0231225 0.385376 7.51564E-11
0.0300805 0.501343 7.67701E-11
-0.00286376 0.0477294 7.60393E-11
0.00287842 0.0479736 7.61675E-11
0.0320727 0.534546 7.49155E-11
0.0196508 0.327514 7.70187E-11
0.00303956 0.0506593 7.73327E-11
0.0213207 0.355346 7.81319E-11
0.00309815 0.0516358 7.72405E-11
0.00419677 0.0699463 7.88524E-11
-0.00755127 0.125855 7.77435E-11
0.0090747 0.151245 7.66381E-11
0.0446264 0.743773 7.64069E-11
-0.0182153 0.303588 7.70527E-11
-0.0121801 0.203003 7.63089E-11
0.0239721 0.399535 7.70911E-11
-0.0291576 0.48596 7.87062E-11
-0.0199878 0.33313 7.80485E-11
-0.00973389 0.162231 7.83444E-11
-0.0403344 0.672241 7.67004E-11
-0.0250854 0.41809 7.84115E-11
0.0159156 0.265259 7.58948E-11
0.0377123 0.628538 7.55792E-11
0.0243676 0.406127 7.72664E-11
-0.0287622 0.479369 7.71477E-11
-0.000402833 0.00671388 7.8184E-11
0.00440185 0.0733642 7.72275E-11
0.0298608 0.49768 7.77477E-11
-0.0157837 0.263062 7.75231E-11
0.00702393 0.117066 7.76144E-11
0.00413818 0.0689697 7.89446E-11
0.0415063 0.691773 7.63768E-11
0.00889893 0.148315 7.81045E-11
-0.0177173 0.295288 7.72837E-11
-0.00583742 0.0972903 7.73879E-11
-0.0194898 0.324829 7.76631E-11
-0.0150219 0.250366 7.85306E-11
-0.0110522 0.184203 7.82818E-11
0.00989501 0.164917 7.77089E-11
0.0153441 0.255736 7.73847E-11
-0.00774169 0.129028 7.73611E-11
0.0063501 0.105835 7.65079E-11
0.00257079 0.0428466 7.67748E-11
-0.00390382 0.0650636 7.64844E-11
0.0106567 0.177611 7.88143E-11
0.0248803 0.414672 7.79178E-11
-0.009104 0.151733 7.84963E-11
-0.0063501 0.105835 7.88013E-11
-0.0156078 0.260131 7.78026E-11
0.00245362 0.0408937 7.67729E-11
0.00766846 0.127808 7.61488E-11
-0.0162816 0.271361 7.77988E-11
0.0358226 0.597044 7.68377E-11
0.0231372 0.38562 7.60423E-11
-0.0188892 0.314819 7.61171E-11
-0.0267847 0.446411 7.78353E-11
-0.018391 0.306517 7.6703E-11
0.00384522 0.064087 7.55356E-11
-0.0260961 0.434936 7.86205E-11
0.0140258 0.233764 7.70971E-11
0.0230199 0.383666 7.72184E-11
-0.00450441 0.0750734 7.92549E-11
-0.0072876 0.12146 7.61543E-11
0.000666505 0.0111084 7.76189E-11
-0.00724365 0.120728 7.8513E-11
0.00331788 0.0552979 7.81091E-11
-0.00906006 0.151001 7.73749E-11
-0.0259203 0.432006 7.83554E-11
0.0109936 0.183227 7.67496E-11
0.00441651 0.0736084 7.81246E-11
0.00180909 0.0301514 7.85642E-11
0.00951416 0.158569 7.80226E-11
-0.00223389 0.0372314 7.76854E-11
0.0054126 0.0902099 7.81085E-11
0.0362768 0.604614 7.68704E-11
0.0104076 0.17346 7.63364E-11
-0.00114991 0.0191651 7.92208E-11
0.000124513 0.00207521 7.86674E-11
0.0323071 0.538452 7.61038E-11
0.00201417 0.0335694 7.69099E-11
-0.0206616 0.34436 7.72278E-11
0.0158862 0.26477 7.69177E-11
-0.0143627 0.239378 7.87368E-11
0.0148022 0.246703 7.82873E-11
0.0287182 0.478637 7.65915E-11
0.0175415 0.292357 7.7602E-11
0.00422608 0.0704346 7.94992E-11
-0.0317651 0.529418 7.80444E-11
-0.016267 0.271117 7.74854E-11
0.0054126 0.0902099 7.67137E-11
0.0220972 0.368287 7.65888E-11
0.0106127 0.176878 7.86966E-11
0.03531 0.5885 7.76028E-11
0.0120336 0.200561 7.7894E-11
0.0111694 0.186157 7.73738E-11
-0.0188745 0.314575 7.78485E-11
-0.0210424 0.350707 7.66536E-11
-0.0240747 0.401245 7.74135E-11
-0.0246606 0.41101 7.85376E-11
-0.0138061 0.230102 7.77495E-11
0.00443115 0.0738526 7.5504E-11
