-0.00700929 0.116821 3.47149E-10
0.00141357 0.0235596 3.30862E-10
-0.00384522 0.064087 3.48783E-10
-0.0050464 0.0841066 3.46755E-10
0.00533936 0.0889893 3.45372E-10
0.00296631 0.0494386 3.36295E-10
0.0073755 0.122925 3.36965E-10
0.00618897 0.103149 3.46942E-10
-0.00812255 0.135376 3.3727E-10
-0.00519286 0.0865477 3.35285E-10
-0.00889893 0.148315 3.47163E-10
0.00328858 0.0548096 3.45354E-10
0.0116675 0.194459 3.48664E-10
0.00172119 0.0286864 3.44845E-10
0.00470948 0.0784913 3.43791E-10
-0.0039917 0.0665283 3.29504E-10
0.000314942 0.00524903 3.48148E-10
0.00722901 0.120484 3.39311E-10
-0.00528075 0.0880126 3.38708E-10
-0.000300294 0.00500489 3.35336E-10
-0.00281982 0.0469971 3.27498E-10
-0.00182373 0.0303956 3.36166E-10
0.00148682 0.0247803 3.36445E-10
-0.00343507 0.0572511 3.40798E-10
0.00429931 0.0716553 3.36367E-10
0.00639406 0.106568 3.36576E-10
0.00990965 0.165161 3.47108E-10
0.00413818 0.0689697 3.38138E-10
0.00709717 0.118286 3.36786E-10
0.0100415 0.167358 3.40076E-10
0.0101147 0.168579 3.47281E-10
0.00180909 0.0301514 3.27142E-10
-0.00265869 0.0443115 3.45685E-10
0.00365479 0.0609132 3.37676E-10
0.00154541 0.0257568 3.46397E-10
-0.0160474 0.267457 3.38937E-10
-0.00393312 0.0655519 3.37748E-10
-0.0002417 0.00402833 3.37299E-10
-0.0177612 0.296021 3.36581E-10
-0.00100342 0.0167236 3.46397E-10
0.0030542 0.0509034 3.36201E-10
-0.00358156 0.0596926 3.47957E-10
0.00277588 0.0462646 3.47014E-10
0.00595459 0.0992432 3.36796E-10
-0.00979248 0.163208 3.47815E-10
-0.00147217 0.0245361 3.33851E-10
-0.00482666 0.0804444 3.40955E-10
-0.00202881 0.0338136 3.43745E-10
0.000856934 0.0142822 3.29935E-10
-0.00702393 0.117066 3.46922E-10
-0.00292237 0.0487061 3.36828E-10
0.00153076 0.0255128 3.45707E-10
-0.00353761 0.0589601 3.44931E-10
-0.00816649 0.136108 3.47618E-10
-0.00400634 0.0667724 3.46902E-10
-0.00520752 0.0867919 3.38942E-10
-0.00258545 0.0430908 3.50004E-10
0.00337647 0.0562746 3.47054E-10
-0.00692139 0.115356 3.47164E-10
0.00498779 0.0831299 3.3589E-10
0.00346436 0.0577393 3.46907E-10
-0.00296631 0.0494386 3.36445E-10
-0.00374268 0.062378 3.44804E-10
0.000563965 0.00939942 3.36298E-10
0.00498779 0.0831299 3.38302E-10
0.0147143 0.245238 3.46014E-10
-0.00101806 0.0169677 3.46621E-10
0.00525147 0.0875244 3.46927E-10
-0.00539795 0.0899658 3.46951E-10
0.00875243 0.145874 3.36947E-10
0.0111694 0.186157 3.47521E-10
0.00580811 0.0968019 3.41766E-10
0.00394777 0.0657961 3.47062E-10
-0.00384522 0.064087 3.46956E-10
0.00826904 0.137817 3.56945E-10
0.00734619 0.122437 3.378E-10
-0.00043213 0.00720217 3.40429E-10
-0.000593263 0.00988771 3.37193E-10
0.00299562 0.0499269 3.44827E-10
-0.0035083 0.0584717 3.45798E-10
-0.00245362 0.0408937 3.47089E-10
0.0101879 0.169799 3.46267E-10
-0.00334717 0.0557863 3.39896E-10
-0.00993895 0.165649 3.48562E-10
0.00438721 0.0731202 3.39609E-10
-0.00043213 0.00720217 3.46327E-10
0.0048999 0.0816651 3.36042E-10
-0.00494386 0.0823976 3.44623E-10
-0.000944824 0.0157471 3.384E-10
-0.00312745 0.0521241 3.36964E-10
0.00621827 0.103638 3.44509E-10
0.000197755 0.00329592 3.45536E-10
-0.000139161 0.00231935 3.47155E-10
-0.000256348 0.00427247 3.37911E-10
0.00161865 0.0269775 3.47342E-10
-0.00177978 0.0296631 3.45305E-10
0.0086792 0.144653 3.29421E-10
0.00317139 0.0528564 3.37373E-10
-0.000344239 0.00573732 3.48901E-10
0.0035083 0.0584717 3.36467E-10
0.00380127 0.0633546 3.37561E-10
-0.00390382 0.0650636 3.46612E-10
-0.00832763 0.138794 3.35055E-10
-0.00339112 0.0565187 3.4443E-10
-0.00120849 0.0201416 3.47138E-10
0.00327392 0.0545654 3.47002E-10
-0.0136449 0.227416 3.47316E-10
-0.0035962 0.0599367 3.44816E-10
0.00230713 0.0384522 3.39609E-10
0.0103783 0.172972 3.29991E-10
-0.00951416 0.158569 3.34501E-10
0.00835693 0.139282 3.45927E-10
-0.00522216 0.0870361 3.4682E-10
-0.00429931 0.0716553 3.3702E-10
0.00388916 0.0648194 3.36644E-10
-0.000329591 0.00549318 3.37552E-10
-0.00460694 0.0767823 3.48378E-10
-0.00409423 0.0682372 3.37041E-10
0.0035083 0.0584717 3.37412E-10
-0.00633546 0.105591 3.46284E-10
0.00163329 0.0272216 3.35858E-10
-0.000666505 0.0111084 3.30514E-10
0.00774169 0.129028 3.27765E-10
0.00116455 0.0194092 3.4715E-10
-0.00759522 0.126587 3.33256E-10
0.00375733 0.0626221 3.36249E-10
0.00432862 0.0721436 3.40287E-10
0.00812255 0.135376 3.47304E-10
-0.00804931 0.134155 3.4766E-10
-0.00900147 0.150024 3.38311E-10
-0.00265869 0.0443115 3.46434E-10
-0.00570557 0.0950928 3.4636E-10
0.00141357 0.0235596 3.45827E-10
0.00494386 0.0823976 3.39568E-10
-0.00703858 0.11731 3.46914E-10
-0.00188233 0.0313721 3.41154E-10
0.00957275 0.159546 3.36518E-10
0.00195557 0.0325928 3.3517E-10
-0.00929443 0.154907 3.46787E-10
-0.00856201 0.1427 3.36195E-10
0.00302491 0.0504153 3.4681E-10
-0.00528075 0.0880126 3.36543E-10
0.00238038 0.0396729 3.38908E-10
0.00116455 0.0194092 3.4617E-10
-0.0103051 0.171753 3.39962E-10
-0.0117553 0.195922 3.46409E-10
-0.0135277 0.225463 3.3155E-10
0.00491456 0.0819093 3.46984E-10
-0.00270264 0.0450439 3.37663E-10
0.00114991 0.0191651 3.46486E-10
-0.000651857 0.0108643 3.46844E-10
0.00150147 0.0250244 3.36522E-10
0.00447511 0.0745851 3.46418E-10
-0.00576416 0.0960694 3.46093E-10
-0.00699463 0.116577 3.41568E-10
0.0152856 0.25476 3.37041E-10
0.00227783 0.0379639 3.36611E-10
0.00654053 0.109009 3.47213E-10
0.00264405 0.0440674 3.29075E-10
-0.00794677 0.132446 3.49051E-10
7.32425E-06 0.000122071 3.37496E-10
-0.00889893 0.148315 3.46817E-10
0.00459228 0.0765381 3.42973E-10
0.0130884 0.21814 3.36507E-10
-0.00358156 0.0596926 3.48003E-10
0.00150147 0.0250244 3.34959E-10
-0.00309815 0.0516358 3.45646E-10
0.00717042 0.119507 3.36037E-10
-0.00268799 0.0447998 3.36637E-10
-0.00828368 0.138061 3.35997E-10
-0.000637208 0.0106201 3.47403E-10
0.00550049 0.0916748 3.46693E-10
-0.0081079 0.135132 3.46624E-10
-0.00183839 0.0306398 3.35314E-10
0.010144 0.169067 3.48983E-10
0.00334717 0.0557863 3.48077E-10
0.00218994 0.0364991 3.45344E-10
0.0105101 0.175169 3.3703E-10
0.000270996 0.00451661 3.35069E-10
-0.00183839 0.0306398 3.46546E-10
-0.00289307 0.0482178 3.47087E-10
-0.00863525 0.143921 3.46767E-10
0.00837157 0.139526 3.36523E-10
-0.00573487 0.0955811 3.4123E-10
-0.00110596 0.0184326 3.43909E-10
-0.0025122 0.0418701 3.473E-10
0.0102758 0.171264 3.43312E-10
-0.00500245 0.0833741 3.47058E-10
-0.00806396 0.134399 3.47118E-10
-0.00629151 0.104858 3.46528E-10
-0.0107446 0.179077 3.49053E-10
-0.00806396 0.134399 3.37674E-10
-0.00422608 0.0704346 3.44296E-10
0.00620361 0.103394 3.35293E-10
0.00126709 0.0211181 3.4257E-10
0.00180909 0.0301514 3.47309E-10
0.00158936 0.0264893 3.37148E-10
0.00733155 0.122193 3.46949E-10
-0.00838623 0.13977 3.47608E-10
-0.00347901 0.0579834 3.47109E-10
