0.006438 0.1073 7.83007E-11
0.00281982 0.0469971 7.92253E-11
-0.0195776 0.326293 7.81676E-11
0.00427003 0.0711671 7.88211E-11
0.0247192 0.411987 7.74333E-11
0.0127367 0.212279 7.81748E-11
0.00243897 0.0406496 7.84284E-11
0.00167724 0.0279541 7.91768E-11
0.00494386 0.0823976 7.88493E-11
0.0196362 0.32727 7.97447E-11
-0.0048999 0.0816651 7.79615E-11
-0.00884032 0.147339 7.88025E-11
-0.001604 0.0267334 8.03525E-11
0.0229907 0.383178 7.78346E-11
-0.0314721 0.524535 7.8641E-11
-0.00980712 0.163452 7.87411E-11
0.00796143 0.13269 7.88271E-11
0.00558837 0.0931396 7.91671E-11
0.0442162 0.736938 7.88548E-11
-0.00412354 0.0687256 7.79979E-11
0.00431397 0.0718994 7.85167E-11
0.0288061 0.480102 7.74498E-11
-0.0287328 0.478881 7.79389E-11
0.0153881 0.256468 7.8798E-11
0.0100268 0.167113 7.86631E-11
-0.016516 0.275267 7.7963E-11
0.000959473 0.0159912 7.89164E-11
-0.0081079 0.135132 7.96301E-11
-0.0190355 0.317259 7.92491E-11
-0.00131103 0.0218506 7.87755E-11
-0.0536939 0.894898 7.67641E-11
0.00996824 0.166137 7.89317E-11
-0.00409423 0.0682372 7.86252E-11
0.00856201 0.1427 7.87243E-11
-0.0130297 0.217163 7.77963E-11
-0.0439672 0.732788 7.92273E-11
0.00179444 0.0299073 7.86881E-11
-0.0183178 0.305297 7.7592E-11
0.0206616 0.34436 7.89633E-11
-0.00238038 0.0396729 7.88179E-11
0.0115796 0.192993 7.80418E-11
0.00491456 0.0819093 7.88705E-11
0.0228003 0.380005 7.83126E-11
0.0118286 0.197142 7.89852E-11
0.0035962 0.0599367 7.8766E-11
-0.00722901 0.120484 7.83374E-11
-0.0285131 0.475218 7.90566E-11
0.0271362 0.45227 7.75915E-11
-0.0117846 0.19641 7.85296E-11
-0.00230713 0.0384522 8.0149E-11
-0.019563 0.32605 7.83687E-11
0.017146 0.285766 7.76912E-11
0.000388184 0.00646973 8.15434E-11
0.0074048 0.123413 7.99064E-11
-0.00526611 0.0877685 7.98904E-11
-0.00988037 0.164673 8.11631E-11
0.009104 0.151733 7.82552E-11
-0.000402833 0.00671388 7.87441E-11
0.000476075 0.00793458 7.99356E-11
0.0132494 0.220823 8.00596E-11
0.0154614 0.25769 8.08938E-11
0.00230713 0.0384522 7.82109E-11
0.0115796 0.192993 7.93262E-11
0.00179444 0.0299073 7.87644E-11
-0.0224488 0.374148 7.93465E-11
0.0205737 0.342895 7.81972E-11
-0.0212915 0.354858 7.97491E-11
-0.0260815 0.434692 7.79076E-11
0.00923584 0.153931 8.10423E-11
0.00936767 0.156128 7.89766E-11
0.00552979 0.0921631 7.81516E-11
-0.0182885 0.304808 8.09733E-11
-0.00960205 0.160034 7.72627E-11
0.0132494 0.220823 7.89132E-11
0.004563 0.07605 8.05929E-11
0.00183839 0.0306398 7.91529E-11
-0.000329591 0.00549318 7.88947E-11
-0.00158936 0.0264893 7.76878E-11
0.0149487 0.249145 7.97334E-11
-0.0125463 0.209105 7.96409E-11
-0.0259496 0.432494 8.04981E-11
-0.00210206 0.0350343 7.98366E-11
-0.00418213 0.0697022 7.87034E-11
0.000930176 0.0155029 7.90341E-11
-0.0165893 0.276488 7.92014E-11
-0.0202808 0.338012 8.00119E-11
-0.000139161 0.00231935 8.04033E-11
0.00564698 0.0941163 7.9318E-11
2.19728E-05 0.000366213 7.91857E-11
-0.00318604 0.0531006 7.94002E-11
-0.0101733 0.169555 7.89823E-11
-0.00437257 0.0728761 7.84553E-11
0.0146557 0.244262 7.8978E-11
0.0167066 0.278443 7.9905E-11
0.00911865 0.151977 7.85537E-11
-0.00450441 0.0750734 7.85124E-11
-0.0126635 0.211058 7.88823E-11
-0.00366945 0.0611574 7.89351E-11
-0.00235108 0.0391846 7.92714E-11
0.00122315 0.0203858 8.08747E-11
-0.0178051 0.296752 7.87259E-11
0.000549317 0.00915528 8.0558E-11
-0.00394777 0.0657961 8.00323E-11
-0.00977783 0.162964 7.88249E-11
0.0260375 0.433959 7.81094E-11
0.00648194 0.108032 8.01682E-11
0.0016626 0.0277099 7.90816E-11
0.0150805 0.251343 7.77093E-11
-0.00270264 0.0450439 7.90866E-11
0.0202808 0.338012 7.85612E-11
-0.00856201 0.1427 7.84935E-11
0.0183764 0.306273 7.75473E-11
-0.00167724 0.0279541 7.98439E-11
-0.0112866 0.188111 7.95664E-11
-0.0026294 0.0438233 7.86544E-11
-0.0155786 0.259642 7.92274E-11
-0.00192626 0.0321044 7.87109E-11
-0.0176294 0.293823 7.95505E-11
0.00255615 0.0426025 7.77345E-11
0.0016919 0.0281983 7.95406E-11
-0.00342042 0.0570069 7.83638E-11
-0.0130737 0.217896 7.96316E-11
0.014348 0.239134 7.94318E-11
-0.00892822 0.148804 7.97407E-11
-0.00771241 0.12854 7.92883E-11
0.00750733 0.125122 7.80141E-11
0.0232397 0.387328 7.7882E-11
0.00325927 0.0543213 8.01079E-11
0.00337647 0.0562746 8.0351E-11
-0.0158276 0.263794 7.98867E-11
2.19728E-05 0.000366213 7.99997E-11
0.00254151 0.0423584 7.74116E-11
-0.0229029 0.381715 7.90806E-11
-0.0155492 0.259154 7.8558E-11
-0.0228443 0.380738 7.78449E-11
-0.0162816 0.271361 7.863E-11
0.00986572 0.164429 7.76594E-11
0.0272241 0.453735 7.96437E-11
-0.000637208 0.0106201 7.8182E-11
-0.00607177 0.101196 7.92411E-11
-0.00648194 0.108032 7.87854E-11
0.0254223 0.423704 7.62252E-11
0.0107152 0.178587 7.98513E-11
-0.0240307 0.400512 7.83832E-11
0.0144506 0.240843 7.74884E-11
0.0114185 0.190308 7.81671E-11
0.0231372 0.38562 7.94866E-11
-0.0228443 0.380738 7.80889E-11
-0.00229249 0.0382081 7.80464E-11
-0.0125317 0.208862 7.90613E-11
0.00331788 0.0552979 7.7953E-11
-0.0210718 0.351196 7.76156E-11
0.0132933 0.221556 7.74767E-11
0.0190502 0.317503 7.94366E-11
-0.00369873 0.0616456 7.90445E-11
-0.00873779 0.14563 7.95564E-11
0.0359546 0.599243 7.68519E-11
0.0260669 0.434448 7.91866E-11
-0.00368409 0.0614015 7.86541E-11
-0.0150366 0.250611 8.01999E-11
-0.0073755 0.122925 7.6843E-11
0.0228589 0.380982 7.98243E-11
0.0274292 0.457153 7.99572E-11
0.0136156 0.226928 7.91021E-11
-0.0202075 0.336792 8.0048E-11
-0.00500245 0.0833741 7.8355E-11
0.0342553 0.570922 7.62147E-11
-0.00676024 0.112671 7.83125E-11
0.0214379 0.357299 7.93688E-11
-0.00593995 0.0989991 7.97477E-11
-0.0301978 0.503297 7.7626E-11
-0.0118871 0.198119 8.00932E-11
0.00514893 0.0858155 7.97833E-11
0.0141722 0.236204 7.77891E-11
0.0081079 0.135132 7.87657E-11
-0.0120336 0.200561 7.76747E-11
-0.00588134 0.0980224 7.85751E-11
0.0141869 0.236448 7.75878E-11
-0.0122827 0.204712 8.13833E-11
0.00552979 0.0921631 7.87883E-11
0.032644 0.544067 7.78126E-11
0.0171166 0.285277 7.85883E-11
0.00621827 0.103638 8.01993E-11
0.0336401 0.560668 7.81162E-11
0.0120483 0.200805 7.94196E-11
-0.00298097 0.0496828 7.77958E-11
-0.00141357 0.0235596 7.79578E-11
0.00642336 0.107056 7.89025E-11
0.0162231 0.270386 7.87982E-11
0.0378881 0.631468 7.96232E-11
0.0133373 0.222288 7.87395E-11
-0.0194898 0.324829 7.97701E-11
0.0333178 0.555297 7.96078E-11
-0.0262134 0.43689 7.96699E-11
-0.00383058 0.0638429 7.90092E-11
0.00325927 0.0543213 7.90142E-11
0.0108031 0.180053 7.85141E-11
-0.00580811 0.0968019 7.96398E-11
-0.00756592 0.126099 7.87643E-11
0.00339112 0.0565187 7.7874E-11
