-0.00712648 0.118775 8.44939E-11
0.00872314 0.145386 8.5372E-11
-0.0117699 0.196166 8.53927E-11
-0.00582277 0.0970461 8.72278E-11
0.00255615 0.0426025 8.70062E-11
-0.0026001 0.0433349 8.59906E-11
-0.00188233 0.0313721 8.6398E-11
0.00826904 0.137817 8.58607E-11
0.00342042 0.0570069 8.6233E-11
-0.00555908 0.0926513 8.65776E-11
0.00126709 0.0211181 8.68606E-11
-0.0156225 0.260376 8.6352E-11
0.00591064 0.0985108 8.6419E-11
-0.0202075 0.336792 8.55479E-11
0.00582277 0.0970461 8.90542E-11
-0.0063501 0.105835 8.68001E-11
-0.00334717 0.0557863 8.63607E-11
0.000827638 0.013794 8.61005E-11
0.0110082 0.183471 8.60728E-11
0.00383058 0.0638429 8.69365E-11
0.00336182 0.0560304 8.63822E-11
0.00487061 0.0811768 8.80161E-11
0.00366945 0.0611574 8.67549E-11
0.00951416 0.158569 8.47927E-11
-0.00052002 0.008667 8.60095E-11
0.000607911 0.0101319 8.68174E-11
0.0218774 0.364624 8.70136E-11
0.00788818 0.13147 8.78286E-11
-0.00885498 0.147583 8.61898E-11
0.0107592 0.17932 8.6866E-11
0.0112427 0.187378 8.61978E-11
-0.00213135 0.0355226 8.51029E-11
0.0178637 0.297728 8.45255E-11
0.00856201 0.1427 8.65681E-11
-0.0122534 0.204223 8.59201E-11
-0.0078003 0.130005 8.65228E-11
0.000417481 0.00695803 8.77621E-11
0.0149926 0.249878 8.68097E-11
-0.00652589 0.108765 8.54298E-11
-0.0116822 0.194703 8.81481E-11
-0.00646728 0.107788 8.59893E-11
0.0109204 0.182007 8.65899E-11
0.00164795 0.0274658 8.88509E-11
0.00949952 0.158325 8.67404E-11
0.0052954 0.0882567 8.61011E-11
0.006438 0.1073 8.58059E-11
0.014978 0.249633 8.60924E-11
-0.00270264 0.0450439 8.65148E-11
0.0156811 0.261352 8.7317E-11
-0.0155492 0.259154 8.61409E-11
-0.0127367 0.212279 8.57416E-11
-0.00661377 0.110229 8.65792E-11
0.00718507 0.119751 8.58113E-11
0.00771241 0.12854 8.57492E-11
0.011477 0.191284 8.53866E-11
-0.0179955 0.299926 8.50287E-11
0.001604 0.0267334 8.60137E-11
0.0123851 0.206419 8.83556E-11
0.00591064 0.0985108 8.64375E-11
-0.00841553 0.140259 8.61876E-11
-0.00517822 0.0863037 8.7317E-11
-0.00648194 0.108032 8.57202E-11
-0.000256348 0.00427247 8.63095E-11
-0.0100707 0.167846 8.64662E-11
0.0191967 0.319946 8.56776E-11
-0.012107 0.201783 8.62104E-11
0.0308862 0.51477 8.64028E-11
-0.0155786 0.259642 8.58573E-11
-0.00308351 0.0513918 8.60743E-11
-0.0156078 0.260131 8.62318E-11
0.00485597 0.0809328 8.64858E-11
-0.00542725 0.0904541 8.80273E-11
0.00988037 0.164673 8.62436E-11
0.00374268 0.062378 8.56116E-11
0.00185303 0.0308838 8.63354E-11
0.00551514 0.0919189 8.43069E-11
-0.00498779 0.0831299 8.71123E-11
-0.0178051 0.296752 8.48356E-11
-0.00853271 0.142212 8.8664E-11
-0.00721437 0.120239 8.76186E-11
-0.00400634 0.0667724 8.63484E-11
-0.0252465 0.420776 8.75499E-11
-0.0139086 0.231811 8.63751E-11
0.0115356 0.192261 8.46703E-11
-0.000812989 0.0135498 8.65705E-11
-0.0190648 0.317747 8.68642E-11
-0.0175561 0.292602 8.52125E-11
0.00973389 0.162231 8.6829E-11
-0.00221924 0.0369873 8.46059E-11
0.00204347 0.0340578 8.76605E-11
-0.00252685 0.0421142 8.64938E-11
-0.0067456 0.112427 8.69723E-11
0.019519 0.325317 8.56016E-11
0.00264405 0.0440674 8.67388E-11
-0.00850342 0.141724 8.68277E-11
-0.00655517 0.109253 8.57147E-11
0.00242432 0.0404054 8.66783E-11
0.0050464 0.0841066 8.52013E-11
0.022024 0.367066 8.51477E-11
0.00154541 0.0257568 8.70993E-11
-0.0052954 0.0882567 8.80437E-11
-0.0124291 0.207152 8.67052E-11
0.0103198 0.171997 8.61594E-11
-0.0133812 0.223021 8.56412E-11
-0.00963134 0.160522 8.64396E-11
-0.0147582 0.245971 8.35815E-11
-0.0173364 0.288939 8.6415E-11
-0.00295167 0.0491944 8.75542E-11
-0.00772705 0.128784 8.79719E-11
-0.001604 0.0267334 8.60262E-11
0.00888428 0.148071 8.57934E-11
-0.00774169 0.129028 8.65119E-11
-0.00167724 0.0279541 8.61556E-11
0.0026001 0.0433349 8.47948E-11
-0.00432862 0.0721436 8.73025E-11
-0.00154541 0.0257568 8.76982E-11
0.00264405 0.0440674 8.72288E-11
-0.00315674 0.0526123 8.60567E-11
-0.00511963 0.0853273 8.76936E-11
-0.00607177 0.101196 8.66807E-11
0.0117846 0.19641 8.70408E-11
0.0171313 0.285521 8.5775E-11
-0.0250268 0.417113 8.74289E-11
-0.012766 0.212767 8.7525E-11
-0.0299487 0.499145 8.47032E-11
-0.00869384 0.144897 8.6396E-11
-0.0136303 0.227172 8.77262E-11
-0.00378663 0.0631104 8.75122E-11
0.00974853 0.162476 8.35755E-11
-0.00714112 0.119019 8.64865E-11
-0.00191162 0.0318603 8.67245E-11
-0.00283447 0.0472412 8.64666E-11
-0.00104737 0.0174561 8.63512E-11
0.00596923 0.0994872 8.68861E-11
0.00697999 0.116333 8.65331E-11
0.00249756 0.0416259 8.64709E-11
0.0103929 0.173216 8.687E-11
0.00248291 0.0413818 8.64257E-11
-0.0107006 0.178343 8.58781E-11
-0.00648194 0.108032 8.73624E-11
-0.0152564 0.254273 8.68189E-11
-3.66213E-05 0.000610354 8.56231E-11
0.00952881 0.158813 8.6288E-11
-0.00457764 0.076294 8.73943E-11
-0.0234009 0.390014 8.5583E-11
-0.009104 0.151733 8.64619E-11
-0.00302491 0.0504153 8.67669E-11
-0.010642 0.177367 8.72947E-11
0.00523682 0.0872803 8.66887E-11
0.00758057 0.126343 8.83328E-11
0.00722901 0.120484 8.61321E-11
-0.00608642 0.10144 8.63731E-11
0.0155199 0.258666 8.75564E-11
-0.0234009 0.390014 8.61544E-11
0.0143334 0.23889 8.46091E-11
0.0164574 0.274291 8.54732E-11
0.00119385 0.0198974 8.5987E-11
0.00119385 0.0198974 8.43422E-11
0.000358888 0.00598146 8.64737E-11
-0.00254151 0.0423584 8.81316E-11
-0.0115064 0.191773 8.68195E-11
0.00963134 0.160522 8.62763E-11
-0.0152417 0.254029 8.76504E-11
-0.0145092 0.24182 8.69775E-11
0.00980712 0.163452 8.62275E-11
-0.00655517 0.109253 8.6797E-11
-0.0035083 0.0584717 8.58907E-11
-0.0142308 0.237181 8.741E-11
-0.0155639 0.259398 8.60648E-11
0.00714112 0.119019 8.53533E-11
-0.00156005 0.0260009 8.52858E-11
-0.0210424 0.350707 8.4914E-11
0.0110961 0.184936 8.661E-11
0.0127367 0.212279 8.54899E-11
-0.0225659 0.376098 8.65447E-11
-0.00112061 0.0186768 8.49474E-11
-0.00189697 0.0316162 8.57071E-11
0.0072876 0.12146 8.53255E-11
-0.011477 0.191284 8.69508E-11
-0.0141576 0.23596 8.86225E-11
-0.0311937 0.519896 8.74017E-11
0.00440185 0.0733642 8.47066E-11
-0.00457764 0.076294 8.81784E-11
-0.0096753 0.161255 8.58855E-11
-0.00157471 0.0262451 8.64571E-11
-0.0113891 0.189819 8.62773E-11
0.00210206 0.0350343 8.57851E-11
-0.0126928 0.211547 8.60857E-11
0.00336182 0.0560304 8.5903E-11
0.00428467 0.0714112 8.59077E-11
-0.0235034 0.391723 8.49542E-11
-0.028894 0.481567 8.45099E-11
-0.00942626 0.157104 8.64687E-11
-0.0187134 0.31189 8.56136E-11
-0.00954345 0.159058 8.60887E-11
0.0062622 0.10437 8.75938E-11
0.0124291 0.207152 8.62143E-11
0.00920655 0.153442 8.56554E-11
-6.59183E-05 0.00109864 8.45549E-11
0.0127367 0.212279 8.47094E-11
