-0.00306886 0.0511476 9.95223E-11
0.00238038 0.0396729 1.00293E-10
0.00138428 0.0230713 1.00171E-10
0.00632081 0.105347 9.97566E-11
-0.00224854 0.0374756 1.01451E-10
-0.00457764 0.076294 1.02104E-10
0.00321533 0.0535889 1.01508E-10
0.00393312 0.0655519 9.98542E-11
8.05667E-05 0.00134278 9.89597E-11
0.000417481 0.00695803 9.99955E-11
0.00705322 0.117554 1.00976E-10
0.0129858 0.21643 1.01216E-10
0.000607911 0.0101319 1.01253E-10
0.00315674 0.0526123 9.97423E-11
-0.00639406 0.106568 9.98821E-11
0.00648194 0.108032 1.01041E-10
0.00412354 0.0687256 1.00528E-10
0.00724365 0.120728 1.01633E-10
0.00995359 0.165893 9.91642E-11
0.00976319 0.16272 1.01432E-10
0.00662842 0.110474 9.99568E-11
-0.00744873 0.124146 9.958E-11
-0.00419677 0.0699463 1.01038E-10
-0.00519286 0.0865477 1.00666E-10
-0.000549317 0.00915528 1.01063E-10
-0.00371339 0.0618898 9.96105E-11
0.0129858 0.21643 9.97222E-11
-0.00567626 0.0946044 9.99165E-11
0.00265869 0.0443115 1.01742E-10
-0.00175048 0.0291747 1.00106E-10
0.00649659 0.108276 1.01589E-10
0.000549317 0.00915528 1.01825E-10
0.00878173 0.146362 9.99853E-11
-0.00194092 0.0323486 1.01231E-10
-0.00983642 0.16394 1.00074E-10
-0.00806396 0.134399 1.01259E-10
0.00150147 0.0250244 1.01802E-10
-0.0112866 0.188111 1.00066E-10
-0.00071045 0.0118408 9.98272E-11
0.0163109 0.271849 9.87291E-11
0.00797607 0.132935 1.01898E-10
-0.0164721 0.274535 9.89416E-11
-0.00393312 0.0655519 1.00846E-10
0.00388916 0.0648194 1.0096E-10
-0.00670165 0.111694 9.97048E-11
-0.00536865 0.0894775 9.93025E-11
0.00548583 0.0914306 9.95051E-11
-0.00614503 0.102417 1.01811E-10
-0.0091919 0.153198 9.90929E-11
0.00822509 0.137085 1.00014E-10
0.00336182 0.0560304 1.00044E-10
0.00334717 0.0557863 1.01706E-10
-0.00816649 0.136108 9.93487E-11
-0.0125756 0.209593 9.96687E-11
0.00507569 0.0845948 9.9441E-11
-0.00347901 0.0579834 1.01714E-10
0.000930176 0.0155029 1.01766E-10
-0.00134034 0.0223389 9.90036E-11
0.00645264 0.107544 9.98548E-11
0.00368409 0.0614015 1.00067E-10
-0.0146704 0.244507 9.96624E-11
-0.00497315 0.0828858 1.02097E-10
-0.0165893 0.276488 1.01222E-10
0.0103345 0.172242 1.01585E-10
-0.0120629 0.201049 1.01435E-10
-0.00173584 0.0289306 1.00385E-10
-0.000944824 0.0157471 1.01376E-10
-0.00520752 0.0867919 1.02065E-10
0.0120629 0.201049 1.0164E-10
0.00649659 0.108276 9.96937E-11
-0.00258545 0.0430908 1.00451E-10
-0.00245362 0.0408937 1.00247E-10
0.00339112 0.0565187 1.01394E-10
0.000446778 0.0074463 9.92446E-11
0.0116235 0.193726 1.01594E-10
-0.00506105 0.0843508 9.92647E-11
-0.00955811 0.159302 9.91539E-11
-0.00993895 0.165649 1.01624E-10
-0.00806396 0.134399 9.94833E-11
-0.0115503 0.192505 1.00627E-10
0.0146704 0.244507 1.01397E-10
-0.00558837 0.0931396 9.92475E-11
0.00194092 0.0323486 9.90388E-11
-0.00569092 0.0948486 1.00224E-10
0.00199952 0.0333253 1.01747E-10
-0.000681153 0.0113526 1.01504E-10
-0.0122095 0.203491 1.02172E-10
-0.00476807 0.0794678 1.01445E-10
-0.00397706 0.0662843 9.97037E-11
-0.0140258 0.233764 9.95362E-11
-0.00816649 0.136108 1.01495E-10
0.00819579 0.136597 1.01689E-10
0.000300294 0.00500489 9.94668E-11
0.00760987 0.126831 1.00712E-10
-0.00079834 0.0133057 9.95919E-11
-0.00204347 0.0340578 9.92713E-11
-0.00261474 0.0435791 1.02038E-10
0.012019 0.200317 1.00225E-10
0.0117846 0.19641 1.01458E-10
0.00240968 0.0401613 9.96706E-11
0.00976319 0.16272 1.00397E-10
0.00079834 0.0133057 1.01757E-10
-0.00488525 0.0814209 1.01667E-10
0.000256348 0.00427247 1.00207E-10
0.00198486 0.0330811 9.92013E-11
0.0052954 0.0882567 9.92027E-11
0.0114477 0.190796 9.92027E-11
-0.00636475 0.106079 9.9694E-11
0.00296631 0.0494386 1.01665E-10
-0.00434326 0.0723878 9.89813E-11
0.00173584 0.0289306 1.00618E-10
0.00286376 0.0477294 9.99501E-11
0.00510499 0.0850831 1.02188E-10
0.000783692 0.0130615 9.93195E-11
-0.004563 0.07605 1.0106E-10
0.0139379 0.232299 9.9054E-11
-0.00273194 0.0455323 1.0118E-10
0.0114477 0.190796 1.00197E-10
0.00598389 0.0997314 1.01144E-10
-0.00933837 0.15564 9.93823E-11
0.00182373 0.0303956 1.0005E-10
9.5215E-05 0.00158692 1.01293E-10
0.014934 0.248901 9.97941E-11
-0.00295167 0.0491944 9.90599E-11
0.00479736 0.0799561 1.01775E-10
-0.00661377 0.110229 9.9677E-11
-0.000329591 0.00549318 9.95153E-11
-0.00554444 0.0924073 1.01697E-10
0.0147582 0.245971 9.93149E-11
-0.00563233 0.0938721 1.01936E-10
0.00463623 0.0772706 9.90693E-11
-0.00295167 0.0491944 1.01772E-10
0.0118871 0.198119 9.9548E-11
-0.00279053 0.0465088 9.97907E-11
-0.00240968 0.0401613 1.01948E-10
-0.000388184 0.00646973 1.00687E-10
0.00566162 0.0943603 9.89905E-11
-0.00958741 0.15979 9.99099E-11
0.00771241 0.12854 1.01521E-10
-0.00900147 0.150024 1.01453E-10
0.00601318 0.10022 9.90305E-11
-0.00443115 0.0738526 1.00858E-10
0.00796143 0.13269 9.97907E-11
0.0161645 0.269409 1.0161E-10
0.00686278 0.11438 1.00028E-10
0.00337647 0.0562746 1.00798E-10
0.0111547 0.185913 9.94263E-11
0.00952881 0.158813 1.00125E-10
0.000139161 0.00231935 1.001E-10
0.00448975 0.0748292 9.94913E-11
0.00903076 0.150513 9.90365E-11
-0.0194751 0.324584 9.9466E-11
-0.00563233 0.0938721 1.01766E-10
-0.00558837 0.0931396 9.88249E-11
0.00722901 0.120484 9.95357E-11
-0.00572021 0.0953369 9.95065E-11
0.00802002 0.133667 9.97872E-11
-0.00621827 0.103638 1.0144E-10
0.0128246 0.213744 9.99182E-11
0.00646728 0.107788 9.99926E-11
0.00708252 0.118042 1.00288E-10
-0.0045337 0.0755617 1.01693E-10
0.00566162 0.0943603 1.00769E-10
-0.00409423 0.0682372 1.01297E-10
0.00948487 0.158081 9.89973E-11
0.0072876 0.12146 9.97819E-11
-0.0179955 0.299926 9.94492E-11
-0.00848876 0.141479 1.0188E-10
0.00336182 0.0560304 1.00305E-10
0.00412354 0.0687256 1.01496E-10
-0.00142822 0.0238037 1.02155E-10
0.0191088 0.31848 9.92207E-11
0.000783692 0.0130615 9.98143E-11
0.0126781 0.211303 9.90983E-11
0.00564698 0.0941163 9.95018E-11
-0.00254151 0.0423584 1.02347E-10
-0.0165747 0.276245 1.01681E-10
-0.00535401 0.0892334 9.98788E-11
-0.00815185 0.135864 9.91326E-11
0.00264405 0.0440674 9.94812E-11
-0.00954345 0.159058 9.99123E-11
-0.0144946 0.241577 9.91109E-11
0.00642336 0.107056 9.87848E-11
-0.00429931 0.0716553 1.01512E-10
-0.00369873 0.0616456 9.90052E-11
-0.0081079 0.135132 1.01717E-10
-0.00528075 0.0880126 1.0111E-10
0.00591064 0.0985108 1.00198E-10
0.0132787 0.221312 9.96537E-11
0.00147217 0.0245361 9.95085E-11
-0.00173584 0.0289306 1.00976E-10
-0.000988771 0.0164795 9.90844E-11
0.0141283 0.235472 1.00054E-10
-0.00618897 0.103149 9.95653E-11
-0.00223389 0.0372314 9.93987E-11
0.0214379 0.357299 1.00257E-10
0.0106859 0.178099 9.92609E-11
0.00731691 0.121948 9.96466E-11
0.00252685 0.0421142 1.00077E-10
-0.0107152 0.178587 1.02095E-10
