0.000915527 0.0152588 1.71418E-10
-0.000930176 0.0155029 1.70194E-10
-0.00432862 0.0721436 1.7716E-10
-0.000651857 0.0108643 1.76022E-10
-0.00431397 0.0718994 1.71071E-10
-0.004021 0.0670166 1.74921E-10
0.0151098 0.251831 1.75463E-10
-0.00358156 0.0596926 1.77904E-10
0.0035962 0.0599367 1.76528E-10
0.0100122 0.16687 1.76078E-10
0.000256348 0.00427247 1.76853E-10
0.00218994 0.0364991 1.79336E-10
-0.00189697 0.0316162 1.79317E-10
0.00809326 0.134888 1.77501E-10
0.00569092 0.0948486 1.73826E-10
0.00567626 0.0946044 1.75844E-10
0.0175708 0.292847 1.78514E-10
0.0143627 0.239378 1.7131E-10
-0.00378663 0.0631104 1.75378E-10
0.000183106 0.00305178 1.77284E-10
-0.00387452 0.0645753 1.76423E-10
-0.0025122 0.0418701 1.76671E-10
0.00753662 0.12561 1.7546E-10
0.0049292 0.0821534 1.75502E-10
-0.00163329 0.0272216 1.7358E-10
-0.0108031 0.180053 1.77595E-10
0.00427003 0.0711671 1.78686E-10
0.00454836 0.0758059 1.74971E-10
-0.00287842 0.0479736 1.79059E-10
-0.000168458 0.00280763 1.78386E-10
0.00762452 0.127075 1.77164E-10
-0.000607911 0.0101319 1.75381E-10
0.000900879 0.0150147 1.7463E-10
-0.00791749 0.131958 1.7832E-10
-0.00522216 0.0870361 1.72608E-10
0.00246826 0.0411377 1.75227E-10
-0.0031421 0.0523683 1.79629E-10
7.32425E-06 0.000122071 1.79057E-10
0.00790284 0.131714 1.75493E-10
-0.00930907 0.155151 1.79854E-10
0.00062256 0.010376 1.70559E-10
-0.000344239 0.00573732 1.69719E-10
0.0114477 0.190796 1.71364E-10
0.000725098 0.012085 1.75269E-10
-0.00303956 0.0506593 1.80196E-10
0.0072583 0.120972 1.75181E-10
0.0190941 0.318236 1.71059E-10
-0.0132201 0.220335 1.70772E-10
0.0010913 0.0181884 1.77036E-10
0.00566162 0.0943603 1.77137E-10
0.00391847 0.0653078 1.77347E-10
-0.00243897 0.0406496 1.75807E-10
0.0109497 0.182494 1.77944E-10
0.00435792 0.0726319 1.76391E-10
-0.00831299 0.13855 1.76019E-10
-0.00317139 0.0528564 1.78437E-10
0.00717042 0.119507 1.78619E-10
0.0127075 0.211792 1.78163E-10
0.0101 0.168334 1.77642E-10
0.00574952 0.0958253 1.78019E-10
0.00309815 0.0516358 1.72416E-10
-0.00107666 0.0179443 1.70508E-10
0.0201489 0.335816 1.74753E-10
0.00655517 0.109253 1.75522E-10
0.00826904 0.137817 1.75105E-10
0.000754395 0.0125733 1.74346E-10
-0.00110596 0.0184326 1.78734E-10
-0.00156005 0.0260009 1.75963E-10
-0.0103198 0.171997 1.70669E-10
-0.00873779 0.14563 1.74925E-10
-0.00388916 0.0648194 1.75057E-10
-0.00147217 0.0245361 1.75741E-10
0.00232177 0.0386963 1.79288E-10
0.00403565 0.0672608 1.71079E-10
0.00752198 0.125366 1.69652E-10
-0.00557372 0.0928954 1.78633E-10
0.00447511 0.0745851 1.77263E-10
0.0002417 0.00402833 1.76901E-10
-0.00185303 0.0308838 1.69064E-10
-0.00325927 0.0543213 1.78526E-10
-0.00270264 0.0450439 1.78529E-10
-0.00476807 0.0794678 1.78998E-10
0.00781495 0.130249 1.76863E-10
-0.00353761 0.0589601 1.75273E-10
-0.00557372 0.0928954 1.77645E-10
-0.00472413 0.0787354 1.7572E-10
-0.0115356 0.192261 1.72099E-10
-0.00163329 0.0272216 1.77767E-10
0.00444581 0.0740968 1.74888E-10
-0.0117992 0.196654 1.75183E-10
-0.00444581 0.0740968 1.75456E-10
0.00226319 0.0377198 1.6817E-10
-0.00551514 0.0919189 1.79186E-10
-0.00245362 0.0408937 1.7828E-10
0.00520752 0.0867919 1.69139E-10
-0.000974122 0.0162354 1.70674E-10
0.00438721 0.0731202 1.77442E-10
0.00100342 0.0167236 1.70688E-10
0.00113525 0.0189209 1.76293E-10
0.00690674 0.115112 1.74962E-10
-0.000549317 0.00915528 1.77512E-10
-0.00344971 0.0574952 1.78051E-10
0.0155346 0.25891 1.78977E-10
0.00520752 0.0867919 1.77273E-10
0.00425537 0.0709229 1.70642E-10
0.00195557 0.0325928 1.79108E-10
-0.0026294 0.0438233 1.75638E-10
-0.000915527 0.0152588 1.73127E-10
-0.00421142 0.0701904 1.7823E-10
-0.00566162 0.0943603 1.77011E-10
-0.000168458 0.00280763 1.76385E-10
-0.00126709 0.0211181 1.77561E-10
-0.00416749 0.0694581 1.78755E-10
0.00144287 0.0240478 1.77062E-10
-0.00100342 0.0167236 1.7634E-10
0.00884032 0.147339 1.75925E-10
-0.0025122 0.0418701 1.77137E-10
-0.000227051 0.00378418 1.75146E-10
-0.000725098 0.012085 1.69167E-10
0.0103929 0.173216 1.70562E-10
-0.0026294 0.0438233 1.73208E-10
-0.000183106 0.00305178 1.78898E-10
0.000871582 0.0145264 1.78674E-10
-0.0119897 0.199828 1.81309E-10
-0.00933837 0.15564 1.70097E-10
-0.0039917 0.0665283 1.76371E-10
0.00705322 0.117554 1.80732E-10
0.00306886 0.0511476 1.76242E-10
0.011184 0.186401 1.75058E-10
0.00566162 0.0943603 1.77573E-10
-0.0132787 0.221312 1.75245E-10
-0.00107666 0.0179443 1.75691E-10
-0.00920655 0.153442 1.7547E-10
-0.0104222 0.173704 1.76314E-10
-0.00261474 0.0435791 1.78094E-10
0.00344971 0.0574952 1.75283E-10
0.00900147 0.150024 1.69198E-10
-0.0145825 0.243041 1.70577E-10
0.000607911 0.0101319 1.72061E-10
0.00230713 0.0384522 1.74738E-10
0.00257079 0.0428466 1.70077E-10
0.0126196 0.210326 1.75829E-10
0.0132201 0.220335 1.75807E-10
0.00627685 0.104614 1.70984E-10
0.00753662 0.12561 1.74942E-10
0.00454836 0.0758059 1.76832E-10
-0.0011792 0.0196533 1.7831E-10
-0.00482666 0.0804444 1.71604E-10
0.00604249 0.100708 1.78134E-10
-0.0140551 0.234253 1.79754E-10
-0.0054419 0.0906983 1.75549E-10
0.00284912 0.0474853 1.74865E-10
0.00469482 0.0782471 1.74189E-10
0.00321533 0.0535889 1.72605E-10
0.00157471 0.0262451 1.71886E-10
0.00312745 0.0521241 1.71741E-10
0.00123779 0.0206298 1.729E-10
-0.00821045 0.136841 1.75991E-10
0.00845946 0.140991 1.77056E-10
-0.00318604 0.0531006 1.69236E-10
0.00321533 0.0535889 1.75374E-10
-0.0081079 0.135132 1.75996E-10
-0.000124513 0.00207521 1.74251E-10
0.000490723 0.00817872 1.78478E-10
0.00744873 0.124146 1.79424E-10
0.000915527 0.0152588 1.73515E-10
0.0179662 0.299437 1.70236E-10
0.00752198 0.125366 1.77209E-10
-0.00651124 0.108521 1.76635E-10
0.000681153 0.0113526 1.7534E-10
0.00274659 0.0457764 1.7833E-10
0.00182373 0.0303956 1.70611E-10
0.00583742 0.0972903 1.72906E-10
0.000769043 0.0128174 1.77626E-10
0.00355225 0.0592042 1.79004E-10
0.00123779 0.0206298 1.77949E-10
-0.00145751 0.0242919 1.77795E-10
0.00671631 0.111938 1.7225E-10
-0.0146557 0.244262 1.78477E-10
0.00139893 0.0233154 1.77503E-10
-0.00139893 0.0233154 1.77325E-10
-0.00317139 0.0528564 1.75208E-10
-0.00825438 0.137573 1.69558E-10
0.000153809 0.00256348 1.74923E-10
0.00249756 0.0416259 1.78593E-10
-0.00658448 0.109741 1.76299E-10
0.00889893 0.148315 1.70677E-10
-0.00321533 0.0535889 1.75174E-10
0.00722901 0.120484 1.76257E-10
0.0104955 0.174925 1.76716E-10
0.00944092 0.157349 1.75784E-10
-0.0096167 0.160278 1.79997E-10
0.00334717 0.0557863 1.75329E-10
-0.00186768 0.0311279 1.79586E-10
0.000812989 0.0135498 1.77755E-10
-0.000212403 0.00354005 1.78623E-10
-0.006438 0.1073 1.75655E-10
0.00132569 0.0220948 1.72241E-10
-0.00364015 0.0606691 1.77581E-10
-0.00788818 0.13147 1.7516E-10
