-0.00680419 0.113403 6.53224E-10
-0.000490723 0.00817872 6.35723E-10
-0.00104737 0.0174561 6.35588E-10
0.0130151 0.216918 6.46048E-10
0.00183839 0.0306398 6.64701E-10
0.00104737 0.0174561 6.55948E-10
-0.000739747 0.0123291 6.45839E-10
0.00857665 0.142944 6.25841E-10
-0.00355225 0.0592042 6.25508E-10
-0.010232 0.170533 6.4613E-10
-0.0101586 0.169311 6.55031E-10
0.00062256 0.010376 6.35562E-10
0.00857665 0.142944 6.57093E-10
-0.000256348 0.00427247 6.25194E-10
-0.00485597 0.0809328 6.43452E-10
-0.00784424 0.130737 6.32148E-10
0.00624756 0.104126 6.35621E-10
-0.00238038 0.0396729 6.46218E-10
-0.00100342 0.0167236 6.49243E-10
-0.0116235 0.193726 6.42197E-10
0.0127807 0.213012 6.36848E-10
0.0152856 0.25476 6.32178E-10
-0.00523682 0.0872803 6.41465E-10
-0.00396242 0.0660403 6.35964E-10
-0.014685 0.24475 6.25458E-10
0.00454836 0.0758059 6.54954E-10
-0.00355225 0.0592042 6.41744E-10
-0.0031421 0.0523683 6.45797E-10
0.00243897 0.0406496 6.58135E-10
0.00545655 0.0909424 6.54344E-10
0.00387452 0.0645753 6.21703E-10
0.00879639 0.146606 6.23511E-10
0.0115943 0.193238 6.63533E-10
-0.000856934 0.0142822 6.37591E-10
-0.00632081 0.105347 6.32452E-10
-0.00334717 0.0557863 6.23755E-10
-0.00542725 0.0904541 6.16817E-10
0.0104076 0.17346 6.56221E-10
-0.000373536 0.0062256 6.35927E-10
0.0010913 0.0181884 6.35624E-10
-0.00268799 0.0447998 6.45847E-10
-0.00340576 0.0567628 6.35792E-10
0.00645264 0.107544 6.42804E-10
-0.00482666 0.0804444 6.53137E-10
0.00593995 0.0989991 6.63613E-10
-0.00889893 0.148315 6.35316E-10
0.00144287 0.0240478 6.42502E-10
0.000358888 0.00598146 5.98331E-10
-0.00447511 0.0745851 6.35411E-10
-0.000593263 0.00988771 6.47266E-10
0.00875243 0.145874 6.35215E-10
0.0102173 0.170288 6.42768E-10
0.00443115 0.0738526 6.3635E-10
0.00334717 0.0557863 6.45712E-10
-0.000168458 0.00280763 6.40318E-10
0.0149194 0.248657 6.42838E-10
-0.0126928 0.211547 6.5286E-10
-0.0122095 0.203491 6.42649E-10
0.00579347 0.0965578 6.21732E-10
-0.00478271 0.0797119 6.42056E-10
-0.00185303 0.0308838 6.29152E-10
0.0112573 0.187622 6.35577E-10
-0.00703858 0.11731 6.76159E-10
0.00129639 0.0216064 6.46136E-10
0.000988771 0.0164795 6.64031E-10
0.00303956 0.0506593 6.5476E-10
-0.0053247 0.0887451 6.35526E-10
0.00188233 0.0313721 6.26174E-10
0.00327392 0.0545654 6.27533E-10
-0.00718507 0.119751 6.61907E-10
0.00289307 0.0482178 6.26339E-10
-0.00409423 0.0682372 6.21403E-10
0.00330322 0.0550537 6.4795E-10
-0.00598389 0.0997314 6.32092E-10
0.00803466 0.133911 6.45762E-10
-0.00346436 0.0577393 6.27099E-10
-0.00388916 0.0648194 6.41785E-10
0.0208959 0.348265 6.4636E-10
0.00134034 0.0223389 6.53774E-10
-0.00753662 0.12561 6.25622E-10
0.00989501 0.164917 6.55715E-10
0.0050464 0.0841066 6.53501E-10
0.0053247 0.0887451 6.65306E-10
0.00925048 0.154175 6.54066E-10
0.00599854 0.0999756 6.42587E-10
-0.00333253 0.0555421 6.14588E-10
-0.0152564 0.254273 6.15485E-10
0.00604249 0.100708 6.37602E-10
-0.00318604 0.0531006 6.27068E-10
-0.0125902 0.209837 6.31532E-10
-0.00448975 0.0748292 6.64173E-10
-0.00432862 0.0721436 6.45975E-10
0.00933837 0.15564 6.54833E-10
-0.00687744 0.114624 6.53369E-10
0.00409423 0.0682372 6.25742E-10
-0.0111255 0.185425 6.26527E-10
0.00447511 0.0745851 6.35233E-10
0.00463623 0.0772706 6.3785E-10
0.00425537 0.0709229 6.31812E-10
0.00303956 0.0506593 6.22921E-10
0.00254151 0.0423584 6.25316E-10
0.00421142 0.0701904 6.4626E-10
0.00443115 0.0738526 6.35051E-10
-0.00409423 0.0682372 6.44092E-10
-0.00391847 0.0653078 6.23631E-10
-0.0106127 0.176878 6.44157E-10
0.00400634 0.0667724 6.63811E-10
-0.00863525 0.143921 6.54896E-10
0.00192626 0.0321044 6.55824E-10
-0.00749268 0.124878 6.25538E-10
-0.00585206 0.0975343 6.66205E-10
0.00642336 0.107056 6.38863E-10
-0.00249756 0.0416259 6.29152E-10
0.00119385 0.0198974 6.23421E-10
0.00607177 0.101196 6.46305E-10
0.00132569 0.0220948 6.42641E-10
0.00230713 0.0384522 6.44025E-10
-0.00714112 0.119019 6.58147E-10
-0.00936767 0.156128 6.35804E-10
-0.00706787 0.117798 6.24122E-10
0.00167724 0.0279541 6.25452E-10
-0.00400634 0.0667724 6.24048E-10
0.00497315 0.0828858 6.54505E-10
-0.0103198 0.171997 6.45468E-10
-0.00101806 0.0169677 6.47074E-10
0.0116822 0.194703 6.45723E-10
-0.00245362 0.0408937 6.43816E-10
-0.00391847 0.0653078 6.4391E-10
0.00415284 0.0692139 6.43796E-10
0.00759522 0.126587 6.83241E-10
-0.00306886 0.0511476 6.40564E-10
-0.00932372 0.155395 6.44046E-10
0.00355225 0.0592042 6.21043E-10
0.00687744 0.114624 6.32693E-10
-0.0128686 0.214477 6.35914E-10
0.00980712 0.163452 6.46014E-10
-0.00470948 0.0784913 6.64902E-10
0.00223389 0.0372314 6.66038E-10
0.012517 0.208617 6.35743E-10
0.00812255 0.135376 6.25309E-10
-0.00132569 0.0220948 6.5407E-10
0.000783692 0.0130615 6.54354E-10
-0.00771241 0.12854 6.75554E-10
0.00435792 0.0726319 6.42616E-10
-0.00617431 0.102905 6.38514E-10
0.00525147 0.0875244 6.54662E-10
-0.0030542 0.0509034 6.23649E-10
0.00368409 0.0614015 6.13663E-10
-0.00711183 0.11853 6.35356E-10
0.00192626 0.0321044 6.56079E-10
0.00520752 0.0867919 6.55893E-10
-0.00183839 0.0306398 6.46509E-10
-0.00573487 0.0955811 6.64735E-10
0.0183325 0.305541 6.54045E-10
-0.000930176 0.0155029 6.33364E-10
-0.000329591 0.00549318 6.5463E-10
0.00147217 0.0245361 6.64319E-10
-0.0054419 0.0906983 6.53648E-10
0.00939697 0.156616 6.3773E-10
0.000959473 0.0159912 6.25992E-10
0.00769776 0.128296 6.55579E-10
0.00843017 0.140503 6.46224E-10
0.00637941 0.106323 6.46152E-10
-0.00547119 0.0911865 6.31587E-10
0.00380127 0.0633546 6.45515E-10
0.0076831 0.128052 6.66381E-10
0.0104369 0.173948 6.25638E-10
0.000900879 0.0150147 6.64529E-10
-0.00158936 0.0264893 6.25792E-10
-0.00623292 0.103882 6.12099E-10
-0.000227051 0.00378418 6.53401E-10
0.00114991 0.0191651 6.36437E-10
0.00207276 0.0345461 6.37378E-10
0.0101586 0.169311 6.55945E-10
-0.00128173 0.0213622 6.25492E-10
-0.00194092 0.0323486 6.32421E-10
-8.05667E-05 0.00134278 6.45712E-10
0.0145531 0.242553 6.25676E-10
0.00444581 0.0740968 6.55839E-10
0.00296631 0.0494386 6.53982E-10
-0.00654053 0.109009 6.44218E-10
-0.0090747 0.151245 6.15361E-10
0.00145751 0.0242919 6.35758E-10
-0.00214601 0.0357668 6.4261E-10
0.00718507 0.119751 6.35944E-10
-0.00927978 0.154663 6.52827E-10
-0.00131103 0.0218506 6.37856E-10
0.00324463 0.0540772 6.45284E-10
-0.00325927 0.0543213 6.42455E-10
-0.0035962 0.0599367 6.32287E-10
0.00216065 0.0360108 6.64938E-10
-0.00517822 0.0863037 6.27034E-10
0.00336182 0.0560304 6.5443E-10
0.00531006 0.0885009 6.64246E-10
0.000842286 0.0140381 6.35613E-10
-0.00107666 0.0179443 6.4412E-10
-0.00292237 0.0487061 6.35984E-10
-0.0110082 0.183471 6.53692E-10
-0.00615967 0.102661 6.3579E-10
-0.00659912 0.109985 6.25632E-10
