0.00119385 0.0198974 8.37724E-11
-0.00809326 0.134888 8.33331E-11
0.00336182 0.0560304 8.2538E-11
-0.00101806 0.0169677 8.33916E-11
-0.00670165 0.111694 8.49631E-11
0.0054419 0.0906983 8.30296E-11
0.00828368 0.138061 8.2403E-11
-0.0011792 0.0196533 8.46618E-11
0.00941162 0.15686 8.35004E-11
-0.00601318 0.10022 8.39997E-11
-0.00283447 0.0472412 8.36747E-11
0.00277588 0.0462646 8.28996E-11
0.0119311 0.198852 8.34762E-11
-0.00624756 0.104126 8.37534E-11
0.00151612 0.0252686 8.33658E-11
-0.0109643 0.182738 8.34272E-11
0.00446046 0.0743409 8.41164E-11
0.00454836 0.0758059 8.47522E-11
-0.0165893 0.276488 8.42921E-11
0.00138428 0.0230713 8.40564E-11
-0.00361086 0.0601809 8.47269E-11
-0.0201343 0.335572 8.29457E-11
-0.0141283 0.235472 8.39E-11
0.000402833 0.00671388 8.3299E-11
-0.0190502 0.317503 8.39384E-11
-0.00292237 0.0487061 8.38463E-11
-0.00580811 0.0968019 8.50743E-11
-0.00739014 0.123169 8.36388E-11
-0.00194092 0.0323486 8.46119E-11
-0.00929443 0.154907 8.48038E-11
0.0026001 0.0433349 8.33426E-11
-0.0016626 0.0277099 8.34419E-11
0.00863525 0.143921 8.40949E-11
-0.0067456 0.112427 8.34461E-11
0.00303956 0.0506593 8.43628E-11
0.00101806 0.0169677 8.28353E-11
0.00197021 0.0328369 8.31269E-11
-0.00614503 0.102417 8.34652E-11
-0.0135864 0.226439 8.30557E-11
0.0121655 0.202758 8.18791E-11
0.0104076 0.17346 8.28812E-11
0.0066577 0.110962 8.29429E-11
0.0115796 0.192993 8.36646E-11
-0.0107885 0.179808 8.34858E-11
0.000256348 0.00427247 8.31837E-11
-0.000871582 0.0145264 8.3546E-11
-0.00132569 0.0220948 8.29549E-11
0.0002417 0.00402833 8.45671E-11
-0.02198 0.366333 8.35106E-11
0.0040503 0.0675049 8.33447E-11
0.0074048 0.123413 8.44097E-11
0.00413818 0.0689697 8.33437E-11
0.00803466 0.133911 8.2568E-11
-0.000124513 0.00207521 8.3512E-11
-0.0104955 0.174925 8.38874E-11
-0.000212403 0.00354005 8.32148E-11
-0.00205812 0.0343019 8.30844E-11
-0.00431397 0.0718994 8.35042E-11
-0.00172119 0.0286864 8.49837E-11
-0.0141137 0.235228 8.35774E-11
0.00731691 0.121948 8.30304E-11
-0.00328858 0.0548096 8.27885E-11
0.0217895 0.363159 8.50839E-11
0.00416749 0.0694581 8.29539E-11
-0.00312745 0.0521241 8.43451E-11
-0.000754395 0.0125733 8.29095E-11
-0.000842286 0.0140381 8.28474E-11
0.00415284 0.0692139 8.28212E-11
-0.00330322 0.0550537 8.38888E-11
-0.0059253 0.0987549 8.29833E-11
0.0105541 0.175903 8.28237E-11
0.00101806 0.0169677 8.42465E-11
0.0067749 0.112915 8.23046E-11
0.00243897 0.0406496 8.39467E-11
0.0182445 0.304076 8.32772E-11
-0.00793213 0.132202 8.29054E-11
0.0117261 0.195435 8.36578E-11
0.00869384 0.144897 8.44075E-11
-0.0133959 0.223265 8.35492E-11
0.000988771 0.0164795 8.41094E-11
0.00551514 0.0919189 8.35166E-11
0.0086792 0.144653 8.37632E-11
-0.00756592 0.126099 8.43763E-11
-0.0078003 0.130005 8.34554E-11
0.0111547 0.185913 8.2922E-11
0.00150147 0.0250244 8.43291E-11
-0.0108471 0.180785 8.3943E-11
0.00857665 0.142944 8.37136E-11
-0.00802002 0.133667 8.36553E-11
-0.00695068 0.115845 8.43201E-11
-0.00623292 0.103882 8.47298E-11
0.000256348 0.00427247 8.36252E-11
0.00289307 0.0482178 8.27279E-11
0.0140698 0.234497 8.2723E-11
-0.0120923 0.201538 8.28111E-11
0.00800537 0.133423 8.34667E-11
-0.00734619 0.122437 8.32361E-11
-0.00416749 0.0694581 8.28959E-11
0.00561767 0.0936279 8.4675E-11
0.00172119 0.0286864 8.45912E-11
0.0113452 0.189087 8.27893E-11
-0.00245362 0.0408937 8.32194E-11
-0.00484132 0.0806886 8.34978E-11
0.00457764 0.076294 8.29094E-11
0.00418213 0.0697022 8.30626E-11
0.00513429 0.0855714 8.40619E-11
-0.00557372 0.0928954 8.43481E-11
0.00369873 0.0616456 8.28478E-11
0.00554444 0.0924073 8.34642E-11
-0.019182 0.319701 8.33854E-11
-0.0076538 0.127563 8.43316E-11
0.00772705 0.128784 8.3386E-11
-0.00432862 0.0721436 8.32087E-11
0.0172338 0.28723 8.38687E-11
-0.00375733 0.0626221 8.34063E-11
-0.004021 0.0670166 8.40048E-11
0.00611573 0.101929 8.35125E-11
-0.0100707 0.167846 8.35558E-11
-0.00394777 0.0657961 8.388E-11
0.00996824 0.166137 8.30509E-11
-0.00100342 0.0167236 8.38955E-11
-0.00223389 0.0372314 8.32182E-11
0.0045337 0.0755617 8.37796E-11
-0.0128246 0.213744 8.35255E-11
-0.00119385 0.0198974 8.38627E-11
-5.12697E-05 0.000854496 8.29005E-11
0.00148682 0.0247803 8.32231E-11
0.00564698 0.0941163 8.34354E-11
0.00328858 0.0548096 8.23518E-11
0.00457764 0.076294 8.32961E-11
-0.000827638 0.013794 8.44556E-11
-0.00712648 0.118775 8.37081E-11
-0.0118578 0.197631 8.34838E-11
0.0074048 0.123413 8.27316E-11
0.0036255 0.060425 8.28084E-11
0.00295167 0.0491944 8.39384E-11
0.0217163 0.361938 8.23884E-11
0.00238038 0.0396729 8.33876E-11
0.00265869 0.0443115 8.32628E-11
0.000549317 0.00915528 8.21243E-11
-0.0016919 0.0281983 8.4915E-11
0.00897217 0.149536 8.37183E-11
-0.00440185 0.0733642 8.41204E-11
0.00188233 0.0313721 8.4224E-11
0.000124513 0.00207521 8.26094E-11
-0.00207276 0.0345461 8.23768E-11
0.00167724 0.0279541 8.4743E-11
-0.0120629 0.201049 8.40777E-11
-0.00336182 0.0560304 8.34949E-11
-0.000578614 0.00964357 8.40716E-11
-0.010935 0.18225 8.33283E-11
-0.00103272 0.0172119 8.37191E-11
-0.00218994 0.0364991 8.30772E-11
-0.0118871 0.198119 8.29523E-11
0.0119897 0.199828 8.39516E-11
0.00450441 0.0750734 8.3615E-11
0.00667235 0.111206 8.31819E-11
-0.00818115 0.136352 8.26083E-11
0.00150147 0.0250244 8.40384E-11
-0.00413818 0.0689697 8.38004E-11
0.00246826 0.0411377 8.28895E-11
-0.0144067 0.240111 8.28144E-11
-0.00321533 0.0535889 8.34129E-11
-0.00139893 0.0233154 8.29858E-11
0.004563 0.07605 8.35626E-11
0.00136964 0.0228273 8.39654E-11
-0.00254151 0.0423584 8.41981E-11
-0.0137475 0.229125 8.25082E-11
0.00766846 0.127808 8.31305E-11
-0.0040503 0.0675049 8.33131E-11
0.000549317 0.00915528 8.51916E-11
0.0125609 0.209349 8.43066E-11
-0.0215405 0.359009 8.27521E-11
-0.000490723 0.00817872 8.34844E-11
0.00791749 0.131958 8.36178E-11
0.0108471 0.180785 8.39544E-11
-0.00274659 0.0457764 8.3615E-11
-0.000227051 0.00378418 8.41265E-11
-0.0115649 0.192749 8.3391E-11
0.0030542 0.0509034 8.40609E-11
3.66213E-05 0.000610354 8.29119E-11
0.00347901 0.0579834 8.33927E-11
0.00240968 0.0401613 8.35575E-11
0.00352296 0.0587159 8.39977E-11
0.00815185 0.135864 8.39763E-11
0.00403565 0.0672608 8.34895E-11
0.00485597 0.0809328 8.29935E-11
-0.0090747 0.151245 8.27814E-11
-0.0067749 0.112915 8.3475E-11
-0.000739747 0.0123291 8.3458E-11
-0.00760987 0.126831 8.30707E-11
0.0145971 0.243285 8.32199E-11
-0.00374268 0.062378 8.41227E-11
0.00454836 0.0758059 8.29916E-11
-0.0103783 0.172972 8.29539E-11
0.00774169 0.129028 8.39045E-11
-0.000300294 0.00500489 8.32593E-11
0.00201417 0.0335694 8.2768E-11
0.0104369 0.173948 8.34973E-11
0.00438721 0.0731202 8.40541E-11
