-0.00568359 0.0947266 3.18804E-09
0.0114258 0.19043 3.24761E-09
-0.00263672 0.0439453 3.31565E-09
0.00802734 0.133789 3.40791E-09
-0.00744141 0.124024 3.21057E-09
0.010957 0.182617 3.21671E-09
0.0156445 0.260742 3.15624E-09
-0.00708985 0.118164 3.29705E-09
0.00240235 0.0400391 3.22574E-09
-0.0055664 0.0927734 3.29223E-09
-0.0168164 0.280273 3.17413E-09
-0.00732423 0.12207 3.4562E-09
-0.000527344 0.00878907 3.12797E-09
0.0113086 0.188477 3.34385E-09
0.00123047 0.0205078 3.2782E-09
-0.0110742 0.18457 3.27637E-09
0.00908203 0.151367 3.21665E-09
0.0100195 0.166992 3.32269E-09
-0.0134179 0.223632 3.25351E-09
0.00228516 0.0380859 3.35379E-09
-0.00509766 0.084961 3.36637E-09
0.00498047 0.0830079 3.23714E-09
-0.00181641 0.0302734 3.20856E-09
0.00240235 0.0400391 3.29504E-09
0.00509766 0.084961 3.32274E-09
0.00533203 0.0888671 3.12721E-09
-0.00720704 0.120117 3.33281E-09
-0.0118945 0.198242 3.29689E-09
-0.0108398 0.180663 3.28129E-09
-0.0047461 0.0791016 3.22756E-09
0.00439453 0.0732422 3.26727E-09
-0.00251953 0.0419922 3.23692E-09
-0.0083789 0.139648 3.17682E-09
0.00955078 0.15918 3.28628E-09
0.0083789 0.139648 3.5832E-09
0.00978516 0.163086 3.01839E-09
-0.00158203 0.0263672 3.33266E-09
-0.0108398 0.180663 3.30921E-09
-0.00544922 0.0908203 3.30397E-09
0.00275391 0.0458984 3.20174E-09
0.00392579 0.0654298 3.3105E-09
0.0175195 0.291992 3.27567E-09
0.00275391 0.0458984 3.38802E-09
0.0135351 0.225585 3.2502E-09
0.0246679 0.411132 3.12789E-09
0.0110742 0.18457 3.41461E-09
0.00791016 0.131836 3.23347E-09
-0.00662109 0.110351 3.1776E-09
-0.016582 0.276367 3.33625E-09
-0.000761719 0.0126953 3.26936E-09
-0.00228516 0.0380859 3.3237E-09
-0.00908203 0.151367 3.23656E-09
0.00603516 0.100586 3.279E-09
-0.00638673 0.106445 3.16677E-09
-0.00357423 0.0595704 3.29643E-09
-0.0102539 0.170898 3.05832E-09
0.0142382 0.237303 3.38408E-09
0.0038086 0.0634766 3.27915E-09
0.0196289 0.327148 3.25423E-09
-0.00498047 0.0830079 3.30639E-09
-0.00544922 0.0908203 3.27648E-09
0.0100195 0.166992 3.21707E-09
0.00732423 0.12207 3.158E-09
-0.0113086 0.188477 3.10862E-09
-0.016582 0.276367 3.31671E-09
-0.00333985 0.0556641 3.34557E-09
0.000527344 0.00878907 3.30516E-09
0.00615235 0.102539 3.43863E-09
0.00673828 0.112305 3.24715E-09
0.0131835 0.219726 3.35316E-09
0.00427735 0.0712891 3.19408E-09
-0.0151758 0.25293 3.3057E-09
0.017871 0.297851 3.28718E-09
0.00580079 0.0966798 3.44246E-09
0.00521484 0.086914 3.37515E-09
0.0129492 0.21582 3.30973E-09
-0.00287109 0.0478516 3.36437E-09
-0.0075586 0.125977 3.39878E-09
0.00193359 0.0322266 3.24689E-09
-0.00451173 0.0751954 3.3156E-09
0.0038086 0.0634766 3.17774E-09
-0.00427735 0.0712891 3.18792E-09
0.0102539 0.170898 3.44118E-09
0.0100195 0.166992 3.12803E-09
-0.0083789 0.139648 3.34665E-09
0.00134766 0.0224609 3.22643E-09
-0.00615235 0.102539 3.3603E-09
0.014121 0.235351 3.35645E-09
-0.00216797 0.0361328 3.22692E-09
0.0219727 0.366212 3.28368E-09
-0.00451173 0.0751954 3.37487E-09
0.0189258 0.31543 3.35812E-09
-0.0142382 0.237303 3.3324E-09
-0.00498047 0.0830079 3.37389E-09
0.00169922 0.0283203 3.44227E-09
0.00521484 0.086914 3.30587E-09
-0.0224415 0.374024 3.29798E-09
0.0104882 0.174803 3.343E-09
0.00662109 0.110351 3.17807E-09
0.00251953 0.0419922 3.18665E-09
0.000410157 0.00683594 3.23208E-09
-0.00181641 0.0302734 3.36607E-09
0.00591797 0.0986328 3.3177E-09
-0.00123047 0.0205078 3.13744E-09
-0.0216211 0.360352 3.07823E-09
-0.0152929 0.254883 3.40504E-09
-0.011543 0.192383 3.24646E-09
-0.0213867 0.356445 3.3231E-09
-0.00861328 0.143555 3.31641E-09
0.000996095 0.0166016 3.24643E-09
-0.00802734 0.133789 3.35269E-09
0.00345703 0.0576173 3.29661E-09
-0.0200977 0.334962 3.13776E-09
-0.0125976 0.20996 3.31126E-09
-0.000175782 0.00292969 3.38295E-09
-0.0111914 0.186523 3.20637E-09
0.00779297 0.129883 3.22654E-09
-0.010371 0.172851 3.2287E-09
-0.00767578 0.12793 3.28638E-09
0.00673828 0.112305 3.17729E-09
-0.000410157 0.00683594 3.2969E-09
0.00181641 0.0302734 3.30561E-09
0.00216797 0.0361328 3.47028E-09
0.0133007 0.221678 3.0779E-09
0.00521484 0.086914 3.42629E-09
0.00533203 0.0888671 3.14591E-09
-0.0083789 0.139648 3.39754E-09
0.00123047 0.0205078 3.37238E-09
0.0117773 0.196289 3.22949E-09
0.00181641 0.0302734 3.30705E-09
0.0038086 0.0634766 3.24596E-09
0.00533203 0.0888671 3.11784E-09
0.000878906 0.0146484 3.33512E-09
0.000996095 0.0166016 3.11232E-09
-0.00169922 0.0283203 3.38415E-09
-0.00603516 0.100586 3.37446E-09
0.0150586 0.250977 3.21158E-09
-0.0101367 0.168945 3.38107E-09
0.000644532 0.0107422 3.13747E-09
0.000175782 0.00292969 3.34505E-09
-0.00603516 0.100586 3.28646E-09
0.00123047 0.0205078 3.45744E-09
0.0075586 0.125977 3.35707E-09
-0.000175782 0.00292969 3.29887E-09
-0.012832 0.213867 3.37281E-09
0.0102539 0.170898 3.23662E-09
0.00908203 0.151367 3.20667E-09
-0.00580079 0.0966798 3.46365E-09
0.000878906 0.0146484 3.41366E-09
-0.0150586 0.250977 3.32505E-09
0.000292969 0.00488282 3.10347E-09
-0.00345703 0.0576173 3.27483E-09
-0.00486329 0.0810548 3.27515E-09
-0.0133007 0.221678 3.39419E-09
0.0083789 0.139648 3.25627E-09
0.0118945 0.198242 3.19693E-09
-0.00884765 0.147461 3.41381E-09
-0.00521484 0.086914 3.39146E-09
0.0129492 0.21582 3.21512E-09
0.00720704 0.120117 3.2943E-09
-0.00638673 0.106445 3.37386E-09
0.0144726 0.24121 3.30081E-09
-0.0196289 0.327148 3.27686E-09
0.010371 0.172851 3.35983E-09
0.00779297 0.129883 3.18806E-09
0.00357423 0.0595704 3.12849E-09
-0.00849609 0.141601 3.27645E-09
-0.00298829 0.0498048 3.12282E-09
-0.00884765 0.147461 3.35251E-09
0.0106054 0.176757 3.25641E-09
-0.0125976 0.20996 3.29995E-09
-0.00193359 0.0322266 3.21589E-09
0.0110742 0.18457 3.25403E-09
0.0120117 0.200195 3.17213E-09
-0.00205079 0.0341798 3.44032E-09
0.0107226 0.17871 3.24618E-09
0.00451173 0.0751954 3.4724E-09
0.000175782 0.00292969 3.265E-09
-0.00509766 0.084961 3.2265E-09
0.00767578 0.12793 3.18786E-09
0.00884765 0.147461 3.15733E-09
0.000175782 0.00292969 3.17544E-09
0.00591797 0.0986328 3.30371E-09
-0.0129492 0.21582 3.22685E-09
0.00134766 0.0224609 3.12918E-09
-0.0055664 0.0927734 3.26775E-09
0.0122461 0.204102 3.25742E-09
-0.00626953 0.104492 3.32701E-09
0.00123047 0.0205078 3.31776E-09
5.8594E-05 0.000976567 3.4238E-09
-0.00134766 0.0224609 3.25694E-09
0.00357423 0.0595704 3.17836E-09
-0.00533203 0.0888671 3.15575E-09
0.00908203 0.151367 3.19693E-09
0.00333985 0.0556641 3.12657E-09
-0.00298829 0.0498048 3.25704E-09
0.00111328 0.0185547 3.28633E-09
0.010371 0.172851 3.32985E-09
-0.000761719 0.0126953 3.3144E-09
-0.00333985 0.0556641 3.24539E-09
