-0.00486329 0.0810548 3.16198E-10
0.0108398 0.180663 3.14023E-10
-0.00298829 0.0498048 3.13814E-10
0.00955078 0.15918 3.16611E-10
0.0123632 0.206054 3.14546E-10
-0.00849609 0.141601 3.16509E-10
-0.0116602 0.194337 3.16832E-10
0.00298829 0.0498048 3.17452E-10
0.00251953 0.0419922 3.14743E-10
0.00146484 0.0244141 3.17684E-10
0.00591797 0.0986328 3.14039E-10
0.00697266 0.116211 3.09624E-10
0.00591797 0.0986328 3.15199E-10
-0.00509766 0.084961 3.16096E-10
-5.8594E-05 0.000976567 3.16089E-10
0.00732423 0.12207 3.14407E-10
-0.00416016 0.0693359 3.13772E-10
0.00662109 0.110351 3.16847E-10
0.00779297 0.129883 3.14804E-10
0.00298829 0.0498048 3.16315E-10
-0.00486329 0.0810548 3.13759E-10
0.00169922 0.0283203 3.16746E-10
-0.00451173 0.0751954 3.14319E-10
0.0107226 0.17871 3.16584E-10
-0.000878906 0.0146484 3.07833E-10
0.00123047 0.0205078 3.14283E-10
0.00205079 0.0341798 3.1642E-10
0.0156445 0.260742 3.05028E-10
-0.00287109 0.0478516 3.13659E-10
-0.00158203 0.0263672 3.13482E-10
0.0123632 0.206054 3.13396E-10
-0.00544922 0.0908203 3.13661E-10
0.000410157 0.00683594 3.15556E-10
0.00861328 0.143555 3.16644E-10
-0.00580079 0.0966798 3.14904E-10
-0.031582 0.526367 3.16304E-10
0.010957 0.182617 3.16758E-10
-0.00205079 0.0341798 3.13929E-10
0.0123632 0.206054 3.14147E-10
0.00720704 0.120117 3.1355E-10
0.0055664 0.0927734 3.06592E-10
0.0100195 0.166992 3.16123E-10
-0.00392579 0.0654298 3.1335E-10
-0.00146484 0.0244141 3.1316E-10
0.00123047 0.0205078 3.18459E-10
0.0136523 0.227538 3.12464E-10
0.00181641 0.0302734 3.15176E-10
0.0161133 0.268555 3.17589E-10
-0.0135351 0.225585 3.14382E-10
0.00943359 0.157227 3.15427E-10
-0.0121289 0.202148 3.14324E-10
-0.0083789 0.139648 3.13382E-10
-0.00228516 0.0380859 3.16779E-10
0.0175195 0.291992 3.11673E-10
0.00451173 0.0751954 3.09733E-10
0.00626953 0.104492 3.18211E-10
0.0140039 0.233398 3.16362E-10
-0.0135351 0.225585 3.14949E-10
-0.000527344 0.00878907 3.14354E-10
-0.0144726 0.24121 3.14237E-10
-0.014707 0.245117 3.16038E-10
0.0161133 0.268555 3.12795E-10
-0.0108398 0.180663 3.06276E-10
-0.00650391 0.108399 3.06455E-10
-0.00603516 0.100586 3.15821E-10
-5.8594E-05 0.000976567 3.16298E-10
-0.00123047 0.0205078 3.16068E-10
0.0152929 0.254883 3.17314E-10
-0.00263672 0.0439453 3.17151E-10
-0.00873046 0.145508 3.13195E-10
0.000878906 0.0146484 3.16981E-10
-0.0038086 0.0634766 3.13409E-10
0.00158203 0.0263672 3.16085E-10
0.0104882 0.174803 3.16885E-10
-0.00345703 0.0576173 3.12922E-10
0.00369141 0.0615235 3.15568E-10
-0.00943359 0.157227 3.1494E-10
5.8594E-05 0.000976567 3.17088E-10
-0.00111328 0.0185547 3.1771E-10
0.0244335 0.407226 3.14132E-10
0.012832 0.213867 3.15857E-10
-0.0177539 0.295898 3.15802E-10
0.00322266 0.0537109 3.14018E-10
-0.0149414 0.249023 3.1428E-10
-0.000410157 0.00683594 3.06555E-10
0.0138867 0.231445 3.12549E-10
-0.00685546 0.114258 3.09979E-10
-0.0108398 0.180663 3.158E-10
-0.0075586 0.125977 3.07759E-10
0.0136523 0.227538 3.16987E-10
-0.0206836 0.344727 3.13686E-10
0.00462891 0.0771485 3.14629E-10
-5.8594E-05 0.000976567 3.14484E-10
-0.00439453 0.0732422 3.07319E-10
-0.0137695 0.229492 3.15277E-10
0.00919922 0.15332 3.13665E-10
0.00228516 0.0380859 3.17191E-10
-0.0100195 0.166992 3.14325E-10
0.00802734 0.133789 3.14788E-10
0.00439453 0.0732422 3.14425E-10
-0.00884765 0.147461 3.167E-10
0.0140039 0.233398 3.15812E-10
0.0210351 0.350585 3.15914E-10
0.00451173 0.0751954 3.14262E-10
-0.00673828 0.112305 3.16018E-10
-0.0117773 0.196289 3.13477E-10
0.0164648 0.274413 3.16131E-10
-0.00580079 0.0966798 3.16669E-10
-0.00544922 0.0908203 3.14409E-10
-0.0237305 0.395508 3.13128E-10
-0.000292969 0.00488282 3.13817E-10
-0.022793 0.379883 3.1378E-10
0.00708985 0.118164 3.09914E-10
0.00568359 0.0947266 3.14324E-10
-0.00486329 0.0810548 3.15674E-10
-0.0157617 0.262695 3.1668E-10
-0.00134766 0.0224609 3.06677E-10
0.00251953 0.0419922 3.1641E-10
0.000292969 0.00488282 3.0986E-10
0.014707 0.245117 3.13629E-10
0.0215039 0.358398 3.14352E-10
0.0129492 0.21582 3.14325E-10
0.011543 0.192383 3.16044E-10
-0.000527344 0.00878907 3.16692E-10
-0.0122461 0.204102 3.14049E-10
0.0038086 0.0634766 3.14761E-10
0.0038086 0.0634766 3.14552E-10
-0.0136523 0.227538 3.15906E-10
0.00779297 0.129883 3.14672E-10
-0.00908203 0.151367 3.14773E-10
-0.0110742 0.18457 3.16297E-10
-0.0199805 0.333008 3.15887E-10
0.0130664 0.217773 3.16981E-10
0.00169922 0.0283203 3.14408E-10
-0.00884765 0.147461 3.13361E-10
-0.000761719 0.0126953 3.14521E-10
0.0149414 0.249023 3.13303E-10
-0.000996095 0.0166016 3.16547E-10
-0.00662109 0.110351 3.1474E-10
-0.00603516 0.100586 3.1435E-10
-0.00544922 0.0908203 3.15015E-10
0.0133007 0.221678 3.18543E-10
-0.0055664 0.0927734 3.12901E-10
-0.0161133 0.268555 3.16198E-10
-0.00345703 0.0576173 3.17187E-10
-0.0038086 0.0634766 3.15492E-10
0.0124804 0.208007 3.149E-10
-0.0183398 0.305663 3.1333E-10
-0.0047461 0.0791016 3.13419E-10
0.00333985 0.0556641 3.08606E-10
0.00310547 0.0517578 3.17188E-10
-0.00919922 0.15332 3.18079E-10
-0.00158203 0.0263672 3.07552E-10
-0.00615235 0.102539 3.18464E-10
0.0124804 0.208007 3.15138E-10
-0.00615235 0.102539 3.13976E-10
0.00720704 0.120117 3.14885E-10
0.00685546 0.114258 3.13933E-10
-0.0143554 0.239257 3.1375E-10
0.0038086 0.0634766 3.14885E-10
-0.00884765 0.147461 3.06659E-10
-0.00978516 0.163086 3.09274E-10
0.0156445 0.260742 3.14801E-10
0.00919922 0.15332 3.14975E-10
0.00123047 0.0205078 3.138E-10
0.00310547 0.0517578 3.13992E-10
-0.000644532 0.0107422 3.13988E-10
-0.00521484 0.086914 3.13584E-10
-0.00134766 0.0224609 3.16526E-10
-0.00404297 0.0673828 3.17303E-10
-0.00544922 0.0908203 3.13836E-10
0.00673828 0.112305 3.16468E-10
-0.000175782 0.00292969 3.17773E-10
-0.00603516 0.100586 3.11737E-10
0.00580079 0.0966798 3.13837E-10
0.00779297 0.129883 3.14239E-10
-0.000175782 0.00292969 3.1531E-10
0.0150586 0.250977 3.10025E-10
0.00111328 0.0185547 3.15976E-10
0.0144726 0.24121 3.1596E-10
0.014707 0.245117 3.1542E-10
0.0102539 0.170898 3.14715E-10
-0.000527344 0.00878907 3.1478E-10
-0.00333985 0.0556641 3.15754E-10
0.00544922 0.0908203 3.13535E-10
-0.00451173 0.0751954 3.18435E-10
0.00228516 0.0380859 3.15742E-10
-0.00322266 0.0537109 3.14455E-10
-0.00251953 0.0419922 3.13513E-10
0.00908203 0.151367 3.17484E-10
0.00720704 0.120117 3.15269E-10
0.0121289 0.202148 3.13746E-10
0.0143554 0.239257 3.13277E-10
-0.0122461 0.204102 3.14151E-10
-0.0179882 0.299803 3.13489E-10
-0.0191601 0.319335 3.15937E-10
-0.00826171 0.137695 3.16009E-10
0.00251953 0.0419922 3.13312E-10
0.029707 0.495117 3.10622E-10
-0.000644532 0.0107422 3.16617E-10
