0.00345703 0.0576173 4.15164E-10
-0.00486329 0.0810548 4.09901E-10
-0.00568359 0.0947266 4.17168E-10
-0.00908203 0.151367 4.13454E-10
0.00123047 0.0205078 4.13967E-10
-0.0164648 0.274413 4.15751E-10
0.00404297 0.0673828 4.11721E-10
-0.00181641 0.0302734 4.14207E-10
0.00521484 0.086914 4.10635E-10
0.00638673 0.106445 4.13544E-10
0.0268945 0.448242 4.11707E-10
-0.00240235 0.0400391 4.16486E-10
-0.00404297 0.0673828 4.12952E-10
-0.011543 0.192383 4.08359E-10
0.0101367 0.168945 4.09308E-10
-0.000410157 0.00683594 4.12074E-10
-0.0231445 0.385742 4.17504E-10
-0.0122461 0.204102 4.15676E-10
-0.00568359 0.0947266 4.11121E-10
0.00685546 0.114258 4.12215E-10
0.000644532 0.0107422 4.14859E-10
0.0130664 0.217773 4.11251E-10
0.0106054 0.176757 4.11516E-10
-0.00767578 0.12793 4.12478E-10
0.00791016 0.131836 4.12003E-10
-0.0164648 0.274413 4.0976E-10
-0.000292969 0.00488282 4.12828E-10
0.00181641 0.0302734 4.11577E-10
0.00169922 0.0283203 4.12827E-10
0.00404297 0.0673828 4.1695E-10
0.00697266 0.116211 4.12573E-10
0.00134766 0.0224609 4.16473E-10
-0.000292969 0.00488282 4.12565E-10
-0.00275391 0.0458984 4.07409E-10
0.00158203 0.0263672 4.1205E-10
0.00111328 0.0185547 4.0946E-10
0.00744141 0.124024 4.06209E-10
-0.00591797 0.0986328 4.11195E-10
-0.000996095 0.0166016 4.10365E-10
0.00486329 0.0810548 4.18339E-10
0.0216211 0.360352 4.11781E-10
0.00134766 0.0224609 4.09108E-10
-0.000410157 0.00683594 4.13786E-10
0.0107226 0.17871 4.15468E-10
-0.0124804 0.208007 4.09917E-10
0.0190429 0.317383 4.16366E-10
5.8594E-05 0.000976567 4.08065E-10
0.00134766 0.0224609 4.1202E-10
-0.00919922 0.15332 4.10224E-10
0.00240235 0.0400391 4.11669E-10
0.00791016 0.131836 4.14068E-10
0.0205664 0.342773 4.10893E-10
-0.0168164 0.280273 4.13745E-10
0.0113086 0.188477 4.13139E-10
0.0129492 0.21582 4.1301E-10
-0.0149414 0.249023 4.16395E-10
-0.00650391 0.108399 4.09609E-10
-0.00919922 0.15332 4.15492E-10
-0.010957 0.182617 4.08919E-10
0.00919922 0.15332 4.11721E-10
0.00791016 0.131836 4.16845E-10
0.0100195 0.166992 4.10015E-10
-0.00990233 0.165039 4.15709E-10
-0.00873046 0.145508 4.12216E-10
0.00908203 0.151367 4.11745E-10
-0.000644532 0.0107422 4.09247E-10
0.00287109 0.0478516 4.18939E-10
0.000644532 0.0107422 4.12566E-10
-0.0185742 0.30957 4.17072E-10
-0.00193359 0.0322266 4.10892E-10
-0.00978516 0.163086 4.13061E-10
0.0101367 0.168945 4.08942E-10
0.00134766 0.0224609 4.09193E-10
-0.00814452 0.135742 4.10813E-10
-0.00427735 0.0712891 4.0838E-10
0.00427735 0.0712891 4.15732E-10
-0.00462891 0.0771485 4.15517E-10
-0.0055664 0.0927734 4.11388E-10
0.00626953 0.104492 4.19181E-10
0.00603516 0.100586 4.12259E-10
0.00486329 0.0810548 4.15397E-10
0.000175782 0.00292969 4.1117E-10
-0.00263672 0.0439453 4.14984E-10
0.0129492 0.21582 4.13324E-10
-0.0133007 0.221678 4.10035E-10
0.0093164 0.155273 4.12841E-10
0.00697266 0.116211 4.12349E-10
0.00486329 0.0810548 4.10164E-10
-0.00814452 0.135742 4.13585E-10
0.0148242 0.24707 4.18479E-10
0.0116602 0.194337 4.06446E-10
0.00404297 0.0673828 4.13863E-10
-0.0148242 0.24707 4.08016E-10
0.000878906 0.0146484 4.13265E-10
0.00615235 0.102539 4.15648E-10
-0.000175782 0.00292969 4.14573E-10
-0.00966797 0.161133 4.12124E-10
-0.0186914 0.311523 4.16917E-10
-0.00896484 0.149414 4.1263E-10
0.0106054 0.176757 4.15187E-10
0.0120117 0.200195 4.15656E-10
0.0158789 0.264648 4.09399E-10
0.0123632 0.206054 4.12054E-10
0.0108398 0.180663 4.12562E-10
0.0163476 0.27246 4.11148E-10
0.0131835 0.219726 4.13918E-10
-0.00509766 0.084961 4.08183E-10
0.0145898 0.243163 4.14592E-10
-0.000761719 0.0126953 4.11161E-10
0.010371 0.172851 4.10686E-10
0.00193359 0.0322266 4.1458E-10
0.0133007 0.221678 4.15633E-10
-0.00357423 0.0595704 4.08264E-10
0.000761719 0.0126953 4.08653E-10
0.00509766 0.084961 4.10305E-10
-0.0195117 0.325195 4.13132E-10
0.0198633 0.331055 4.08047E-10
-0.0113086 0.188477 4.1661E-10
-0.00228516 0.0380859 4.11896E-10
-0.00580079 0.0966798 4.08851E-10
-0.027832 0.463867 4.11112E-10
-0.00568359 0.0947266 4.11735E-10
-0.00486329 0.0810548 4.12078E-10
0.00626953 0.104492 4.14122E-10
0.00357423 0.0595704 4.16781E-10
-0.00205079 0.0341798 4.05753E-10
-0.00779297 0.129883 4.10597E-10
-0.00287109 0.0478516 4.19649E-10
-0.0213867 0.356445 4.1352E-10
0.000878906 0.0146484 4.14774E-10
0.0135351 0.225585 4.13704E-10
-0.00240235 0.0400391 4.13963E-10
0.0118945 0.198242 4.10663E-10
-0.00275391 0.0458984 4.15692E-10
0.00228516 0.0380859 4.15708E-10
-0.00544922 0.0908203 4.10833E-10
-0.00873046 0.145508 4.11062E-10
0.0055664 0.0927734 4.1127E-10
-0.00111328 0.0185547 4.13223E-10
-0.000292969 0.00488282 4.17029E-10
-0.00990233 0.165039 4.14851E-10
-0.012832 0.213867 4.14175E-10
-0.0121289 0.202148 4.15606E-10
0.0108398 0.180663 4.12371E-10
-0.0164648 0.274413 4.14007E-10
-0.0179882 0.299803 4.15859E-10
0.00826171 0.137695 4.10187E-10
0.00404297 0.0673828 4.08045E-10
0.00732423 0.12207 4.10538E-10
0.0142382 0.237303 4.12557E-10
0.0107226 0.17871 4.07166E-10
-0.0113086 0.188477 4.1678E-10
0.0138867 0.231445 4.09737E-10
-0.0156445 0.260742 4.12917E-10
0.0047461 0.0791016 4.08955E-10
-0.017871 0.297851 4.09147E-10
-0.00580079 0.0966798 4.15104E-10
-0.00673828 0.112305 4.14587E-10
-0.00451173 0.0751954 4.12326E-10
-0.00462891 0.0771485 4.08921E-10
0.0107226 0.17871 4.11531E-10
-0.00486329 0.0810548 4.09661E-10
0.000644532 0.0107422 4.16696E-10
-0.00708985 0.118164 4.17479E-10
0.00486329 0.0810548 4.12764E-10
0.00580079 0.0966798 4.15561E-10
-0.0183398 0.305663 4.12174E-10
-0.00732423 0.12207 4.11526E-10
-0.00310547 0.0517578 4.10328E-10
-0.00802734 0.133789 4.12626E-10
-0.00697266 0.116211 4.20927E-10
-5.8594E-05 0.000976567 4.17476E-10
0.000175782 0.00292969 4.17081E-10
-0.0116602 0.194337 4.08353E-10
0.0267773 0.446288 4.1758E-10
-0.0111914 0.186523 4.16414E-10
0.0083789 0.139648 4.13522E-10
0.0170507 0.284178 4.18655E-10
0.00990233 0.165039 4.15794E-10
0.00826171 0.137695 4.14677E-10
-0.0230273 0.383789 4.21505E-10
0.00322266 0.0537109 4.11234E-10
-0.00826171 0.137695 4.14529E-10
-0.00615235 0.102539 4.11697E-10
0.0288867 0.481445 4.17885E-10
0.00357423 0.0595704 4.14683E-10
0.0075586 0.125977 4.13069E-10
0.0281835 0.469726 4.13661E-10
0.00345703 0.0576173 4.17109E-10
-0.00263672 0.0439453 4.13024E-10
0.00251953 0.0419922 4.12596E-10
0.00826171 0.137695 4.10275E-10
-0.0226758 0.37793 4.15923E-10
0.00298829 0.0498048 4.14786E-10
0.0038086 0.0634766 4.13625E-10
0.00111328 0.0185547 4.15497E-10
-0.0093164 0.155273 4.16378E-10
-0.0234961 0.391602 4.09299E-10
-0.0174023 0.290038 4.11014E-10
-0.00193359 0.0322266 4.18418E-10
