0.0107226 0.17871 7.92888E-10
-0.00404297 0.0673828 7.80726E-10
0.00849609 0.141601 7.80202E-10
0.00873046 0.145508 7.80561E-10
0.000996095 0.0166016 7.72011E-10
0.0148242 0.24707 7.80241E-10
-0.0122461 0.204102 7.8066E-10
-0.00275391 0.0458984 7.80286E-10
0.0224415 0.374024 7.8594E-10
-0.0107226 0.17871 7.90287E-10
-0.000761719 0.0126953 7.84118E-10
-0.0122461 0.204102 7.92454E-10
-0.0123632 0.206054 7.76308E-10
0.00849609 0.141601 7.86705E-10
-0.00568359 0.0947266 7.91401E-10
0.0055664 0.0927734 7.96817E-10
-0.010371 0.172851 7.98459E-10
-0.0104882 0.174803 7.90355E-10
0.00158203 0.0263672 7.80349E-10
0.00568359 0.0947266 7.8035E-10
0.00169922 0.0283203 7.81127E-10
-5.8594E-05 0.000976567 7.9974E-10
-0.000644532 0.0107422 7.80377E-10
-0.00568359 0.0947266 7.83559E-10
0.0055664 0.0927734 7.90266E-10
0.0156445 0.260742 7.80157E-10
0.0183398 0.305663 7.66097E-10
-0.0176367 0.293945 7.963E-10
0.0055664 0.0927734 7.84633E-10
-0.0122461 0.204102 7.95337E-10
-0.00767578 0.12793 7.94943E-10
0.0114258 0.19043 7.98828E-10
0.00216797 0.0361328 8.0396E-10
0.000644532 0.0107422 7.80474E-10
-0.0117773 0.196289 7.91068E-10
0.0102539 0.170898 7.75464E-10
-0.022793 0.379883 7.86387E-10
-0.00146484 0.0244141 7.7348E-10
-0.00638673 0.106445 7.90373E-10
0.00263672 0.0439453 7.9548E-10
-0.00416016 0.0693359 7.88758E-10
0.00544922 0.0908203 7.80263E-10
-0.00580079 0.0966798 8.00305E-10
0.0143554 0.239257 7.90249E-10
-0.00134766 0.0224609 7.99477E-10
-0.014707 0.245117 7.86137E-10
0.00451173 0.0751954 7.75468E-10
0.0117773 0.196289 7.91306E-10
-0.00251953 0.0419922 7.76229E-10
-0.0166992 0.27832 7.80555E-10
0.00392579 0.0654298 7.91441E-10
0.0110742 0.18457 7.80963E-10
0.0216211 0.360352 7.84427E-10
0.00181641 0.0302734 7.9409E-10
0.00978516 0.163086 7.89041E-10
-0.00544922 0.0908203 7.86177E-10
0.00943359 0.157227 7.80272E-10
-0.0101367 0.168945 7.90204E-10
0.00615235 0.102539 7.94387E-10
0.0145898 0.243163 7.9042E-10
0.00451173 0.0751954 7.76133E-10
-0.0093164 0.155273 7.93733E-10
-0.00416016 0.0693359 7.84884E-10
-0.0101367 0.168945 8.00275E-10
0.00662109 0.110351 7.90592E-10
-0.00451173 0.0751954 7.80313E-10
-0.00216797 0.0361328 7.82841E-10
0.00263672 0.0439453 7.94833E-10
0.0120117 0.200195 7.84568E-10
0.0152929 0.254883 7.91671E-10
-0.00826171 0.137695 8.08262E-10
-0.00451173 0.0751954 7.94244E-10
-0.00826171 0.137695 7.90379E-10
0.0131835 0.219726 7.80233E-10
-0.0244335 0.407226 7.9114E-10
0.00498047 0.0830079 7.8824E-10
-0.0102539 0.170898 7.80147E-10
0.00134766 0.0224609 7.9531E-10
0.00509766 0.084961 7.90225E-10
0.00369141 0.0615235 7.82699E-10
-0.00275391 0.0458984 7.91117E-10
0.00697266 0.116211 7.82661E-10
-0.0093164 0.155273 7.95215E-10
-0.00673828 0.112305 7.83191E-10
0.0205664 0.342773 7.89858E-10
0.025957 0.432617 7.75596E-10
5.8594E-05 0.000976567 7.8101E-10
0.022793 0.379883 7.89343E-10
0.0181054 0.301757 7.80972E-10
0.00779297 0.129883 7.86174E-10
-0.000175782 0.00292969 7.95131E-10
0.0083789 0.139648 7.91086E-10
0.00310547 0.0517578 7.80342E-10
-0.0038086 0.0634766 8.04376E-10
-5.8594E-05 0.000976567 7.86854E-10
0.0075586 0.125977 7.75011E-10
-0.0093164 0.155273 7.97888E-10
-0.0142382 0.237303 7.9151E-10
-0.00392579 0.0654298 7.94591E-10
-0.00673828 0.112305 7.97343E-10
-0.00603516 0.100586 7.85947E-10
-0.00416016 0.0693359 7.92596E-10
-0.00439453 0.0732422 7.80858E-10
0.0129492 0.21582 7.95227E-10
0.00615235 0.102539 7.76275E-10
0.00591797 0.0986328 8.02872E-10
0.00193359 0.0322266 7.75943E-10
0.00287109 0.0478516 7.90247E-10
0.0192773 0.321288 7.87063E-10
0.00849609 0.141601 7.83694E-10
0.00498047 0.0830079 7.86335E-10
0.00181641 0.0302734 7.98863E-10
-0.00990233 0.165039 7.84069E-10
0.011543 0.192383 7.80423E-10
-0.020332 0.338867 7.93081E-10
0.00263672 0.0439453 7.92327E-10
0.00310547 0.0517578 7.80931E-10
0.0110742 0.18457 7.90994E-10
0.000878906 0.0146484 7.81102E-10
0.00955078 0.15918 7.73579E-10
-0.0134179 0.223632 7.97393E-10
0.0106054 0.176757 7.9994E-10
-0.0151758 0.25293 7.76079E-10
0.00708985 0.118164 7.80302E-10
-0.00626953 0.104492 7.97709E-10
-0.000878906 0.0146484 8.00381E-10
-0.0150586 0.250977 7.9025E-10
-0.00181641 0.0302734 7.81508E-10
-0.00908203 0.151367 7.92657E-10
0.00814452 0.135742 7.90456E-10
-0.00580079 0.0966798 7.82545E-10
-0.00111328 0.0185547 7.85419E-10
0.00134766 0.0224609 7.86145E-10
0.00216797 0.0361328 7.80446E-10
0.0191601 0.319335 7.90853E-10
-0.014121 0.235351 7.80281E-10
-0.00240235 0.0400391 8.04934E-10
0.00943359 0.157227 7.92708E-10
-0.00451173 0.0751954 7.80277E-10
-0.00345703 0.0576173 7.8333E-10
0.000410157 0.00683594 7.704E-10
-0.0158789 0.264648 7.92387E-10
0.000410157 0.00683594 7.82549E-10
-0.0206836 0.344727 7.75303E-10
-0.00533203 0.0888671 7.858E-10
0.0116602 0.194337 7.95219E-10
-0.00615235 0.102539 7.90211E-10
0.00580079 0.0966798 7.90294E-10
0.00427735 0.0712891 8.01085E-10
-0.000292969 0.00488282 7.85423E-10
-0.0106054 0.176757 7.85541E-10
-0.00486329 0.0810548 7.86015E-10
-0.0144726 0.24121 7.8587E-10
0.00732423 0.12207 7.90235E-10
0.0075586 0.125977 7.85576E-10
0.0106054 0.176757 7.77283E-10
-0.00333985 0.0556641 8.07752E-10
-0.00263672 0.0439453 7.85646E-10
0.0047461 0.0791016 7.91469E-10
-0.000761719 0.0126953 7.862E-10
0.00486329 0.0810548 7.82314E-10
-0.0130664 0.217773 7.90487E-10
0.00357423 0.0595704 7.89734E-10
0.0174023 0.290038 7.95699E-10
-0.00580079 0.0966798 7.68997E-10
0.0271289 0.452148 7.95982E-10
0.00216797 0.0361328 7.80368E-10
-0.000292969 0.00488282 7.98518E-10
-0.00345703 0.0576173 8.0291E-10
-0.0222071 0.370118 7.96823E-10
-0.00134766 0.0224609 7.92574E-10
-0.0107226 0.17871 7.86353E-10
-0.0101367 0.168945 7.83923E-10
0.00966797 0.161133 7.91998E-10
-0.00275391 0.0458984 7.75891E-10
0.0106054 0.176757 7.90288E-10
-0.0172851 0.288085 7.94127E-10
-0.00416016 0.0693359 7.95718E-10
-0.0075586 0.125977 7.75998E-10
0.0083789 0.139648 7.97373E-10
0.0124804 0.208007 7.76299E-10
0.00498047 0.0830079 7.92682E-10
-0.000644532 0.0107422 7.99033E-10
0.00533203 0.0888671 7.90723E-10
-0.00216797 0.0361328 7.96415E-10
0.00333985 0.0556641 7.92305E-10
-0.0101367 0.168945 7.9452E-10
0.00791016 0.131836 7.78278E-10
-0.00123047 0.0205078 7.86564E-10
0.00275391 0.0458984 7.76446E-10
0.00990233 0.165039 7.76292E-10
0.00779297 0.129883 7.84902E-10
-0.0117773 0.196289 7.84574E-10
-0.00603516 0.100586 7.81748E-10
0.00884765 0.147461 7.82234E-10
0.00333985 0.0556641 7.87099E-10
-0.00509766 0.084961 7.83876E-10
5.8594E-05 0.000976567 7.8139E-10
0.0145898 0.243163 7.90885E-10
-0.00744141 0.124024 7.80277E-10
