2.19728E-05 0.000366213 4.06005E-10
-0.0197973 0.329956 4.05083E-10
0.00365479 0.0609132 3.91667E-10
0.00176514 0.0294189 3.92998E-10
-0.00785888 0.130981 4.06341E-10
-0.00238038 0.0396729 3.93136E-10
0.00052002 0.008667 4.0274E-10
0.00388916 0.0648194 3.90501E-10
-0.0002417 0.00402833 4.04033E-10
-0.005896 0.0982666 3.78988E-10
0.000944824 0.0157471 3.93169E-10
0.00226319 0.0377198 3.92631E-10
0.00309815 0.0516358 4.04223E-10
-0.000871582 0.0145264 3.93603E-10
-0.00287842 0.0479736 4.00332E-10
-0.00935303 0.155884 3.90882E-10
0.00588134 0.0980224 3.88271E-10
-0.00618897 0.103149 4.0669E-10
0.00536865 0.0894775 3.99254E-10
-0.00510499 0.0850831 3.87824E-10
-0.0105101 0.175169 3.91608E-10
-0.00711183 0.11853 4.00466E-10
0.00487061 0.0811768 4.01427E-10
0.00746339 0.12439 4.00566E-10
0.0119018 0.198364 4.04402E-10
0.00888428 0.148071 3.93162E-10
0.00572021 0.0953369 3.93852E-10
-0.00116455 0.0194092 3.93941E-10
-0.00989501 0.164917 3.9173E-10
-0.00709717 0.118286 3.92795E-10
-0.00167724 0.0279541 4.02439E-10
0.00484132 0.0806886 4.00244E-10
0.00695068 0.115845 3.93194E-10
0.000490723 0.00817872 3.92687E-10
0.00558837 0.0931396 4.06639E-10
0.00393312 0.0655519 3.93564E-10
-0.0135864 0.226439 3.89278E-10
0.00138428 0.0230713 3.90561E-10
-0.00339112 0.0565187 3.81274E-10
0.00462159 0.0770264 3.75663E-10
-0.00388916 0.0648194 4.04058E-10
-0.00535401 0.0892334 4.03165E-10
-0.000563965 0.00939942 4.06841E-10
0.00043213 0.00720217 3.93903E-10
-0.000769043 0.0128174 3.92765E-10
0.0002417 0.00402833 4.02469E-10
-0.00331788 0.0552979 3.91918E-10
-0.00236572 0.0394287 3.95621E-10
0.00403565 0.0672608 4.0494E-10
0.00916259 0.15271 4.04862E-10
-0.006438 0.1073 3.93931E-10
-0.00394777 0.0657961 4.06754E-10
-0.00570557 0.0950928 4.04713E-10
0.00465089 0.0775148 3.92942E-10
0.00696533 0.116089 3.92814E-10
0.00339112 0.0565187 4.00166E-10
-0.012019 0.200317 3.88004E-10
-0.00500245 0.0833741 3.94108E-10
-0.000754395 0.0125733 3.91873E-10
-0.00881103 0.146851 3.89759E-10
-0.00388916 0.0648194 3.99792E-10
-0.00416749 0.0694581 3.96471E-10
0.00661377 0.110229 3.93153E-10
-0.00468018 0.078003 3.90113E-10
0.00917725 0.152954 4.00636E-10
0.00406495 0.0677491 3.92202E-10
-0.00145751 0.0242919 4.00841E-10
0.00727296 0.121216 3.92349E-10
-0.00744873 0.124146 3.89672E-10
-0.00495851 0.0826417 4.05243E-10
0.00859131 0.143188 3.95608E-10
-0.00903076 0.150513 4.03639E-10
-0.0039917 0.0665283 3.95853E-10
-0.00201417 0.0335694 3.88559E-10
-0.00654053 0.109009 3.89497E-10
0.0107885 0.179808 4.01677E-10
0.00506105 0.0843508 4.01972E-10
-0.00375733 0.0626221 4.04826E-10
-0.00711183 0.11853 3.94302E-10
0.00633546 0.105591 3.93937E-10
0.005896 0.0982666 3.99807E-10
-0.000827638 0.013794 3.84995E-10
-0.00406495 0.0677491 4.01803E-10
-0.000871582 0.0145264 3.82191E-10
-0.0141429 0.235716 4.01753E-10
-0.00498779 0.0831299 4.04293E-10
-0.0101586 0.169311 3.78799E-10
0.00409423 0.0682372 4.09842E-10
0.00364015 0.0606691 3.9376E-10
0.00755127 0.125855 4.03063E-10
-0.00585206 0.0975343 3.88755E-10
0.0035083 0.0584717 3.94215E-10
0.00563233 0.0938721 3.89995E-10
-0.0142748 0.237914 3.92821E-10
0.00717042 0.119507 3.92458E-10
-0.000329591 0.00549318 3.98899E-10
0.000446778 0.0074463 3.92424E-10
-0.00188233 0.0313721 3.90583E-10
0.00377197 0.0628662 4.02799E-10
0.000388184 0.00646973 3.93556E-10
-0.00582277 0.0970461 3.93386E-10
0.00607177 0.101196 3.92994E-10
-0.00526611 0.0877685 4.05826E-10
0.0133519 0.222532 3.85262E-10
-0.00558837 0.0931396 3.90163E-10
0.00866454 0.144409 4.03164E-10
0.0054419 0.0906983 3.79568E-10
-0.0086792 0.144653 4.04663E-10
-0.000285645 0.00476075 3.93673E-10
-0.00539795 0.0899658 4.04536E-10
-0.00303956 0.0506593 3.91019E-10
0.0133227 0.222045 3.94274E-10
0.00164795 0.0274658 3.93638E-10
0.00267333 0.0445556 3.78549E-10
0.00286376 0.0477294 3.94303E-10
0.00103272 0.0172119 4.02701E-10
0.00446046 0.0743409 4.02042E-10
-0.000300294 0.00500489 3.94E-10
0.00240968 0.0401613 4.01774E-10
0.000388184 0.00646973 3.93208E-10
0.0126196 0.210326 3.98529E-10
0.00620361 0.103394 3.89975E-10
0.00990965 0.165161 3.88842E-10
0.000168458 0.00280763 3.89249E-10
0.00416749 0.0694581 3.92943E-10
0.00509033 0.0848389 3.89565E-10
-0.00695068 0.115845 4.043E-10
0.0117992 0.196654 3.92239E-10
-0.00144287 0.0240478 3.90267E-10
-0.00156005 0.0260009 3.90852E-10
0.00636475 0.106079 3.91503E-10
0.00079834 0.0133057 3.94922E-10
-5.12697E-05 0.000854496 3.93194E-10
0.000549317 0.00915528 3.92558E-10
0.0136889 0.228149 3.90681E-10
0.000461426 0.00769043 3.9345E-10
-0.00180909 0.0301514 3.79947E-10
-0.00781495 0.130249 3.87722E-10
0.00788818 0.13147 4.0157E-10
-0.00139893 0.0233154 3.92648E-10
0.010598 0.176634 3.82127E-10
0.00763916 0.127319 3.92976E-10
0.00645264 0.107544 3.925E-10
-0.00422608 0.0704346 3.9051E-10
0.00199952 0.0333253 3.9345E-10
0.00173584 0.0289306 4.04077E-10
0.000417481 0.00695803 3.88269E-10
-0.0087085 0.145142 3.97316E-10
0.000681153 0.0113526 4.00848E-10
0.0118286 0.197142 3.89317E-10
0.00129639 0.0216064 3.94118E-10
-0.00303956 0.0506593 3.9309E-10
0.000607911 0.0101319 3.99048E-10
-0.00437257 0.0728761 4.04943E-10
-0.010232 0.170533 4.00352E-10
-0.000358888 0.00598146 3.92777E-10
0.00658448 0.109741 3.98885E-10
-0.00528075 0.0880126 3.9373E-10
0.00815185 0.135864 3.93095E-10
-0.00361086 0.0601809 4.03508E-10
0.0053247 0.0887451 3.87694E-10
0.0131176 0.218628 4.00525E-10
-0.00482666 0.0804444 4.00168E-10
-0.00522216 0.0870361 4.03261E-10
0.011184 0.186401 3.88265E-10
0.00523682 0.0872803 3.92359E-10
0.00324463 0.0540772 4.01439E-10
-0.00104737 0.0174561 4.06291E-10
0.00258545 0.0430908 3.94118E-10
0.00217529 0.0362549 3.924E-10
0.0086499 0.144165 3.92153E-10
0.00583742 0.0972903 4.04903E-10
-0.00857665 0.142944 3.92437E-10
-0.00661377 0.110229 3.93879E-10
0.00936767 0.156128 4.00268E-10
0.00680419 0.113403 3.95989E-10
-0.0102905 0.171508 3.89344E-10
0.0030542 0.0509034 4.02995E-10
0.00692139 0.115356 4.02067E-10
-0.00268799 0.0447998 3.9001E-10
-0.00878173 0.146362 3.89057E-10
0.00207276 0.0345461 3.99619E-10
-0.00651124 0.108521 4.00528E-10
0.0122241 0.203735 3.92594E-10
0.00139893 0.0233154 3.99717E-10
0.00878173 0.146362 4.03202E-10
0.00778564 0.129761 3.91614E-10
-0.000388184 0.00646973 3.84888E-10
-0.00321533 0.0535889 4.04281E-10
0.00378663 0.0631104 3.92886E-10
0.000769043 0.0128174 3.93245E-10
-0.00128173 0.0213622 3.98703E-10
-0.0081079 0.135132 3.91716E-10
-0.014978 0.249633 4.06645E-10
-0.00148682 0.0247803 3.93979E-10
0.00951416 0.158569 3.88521E-10
0.00390382 0.0650636 4.00241E-10
-0.00816649 0.136108 3.93037E-10
-0.000153809 0.00256348 3.93791E-10
-0.009104 0.151733 4.01177E-10
