0.000446778 0.0074463 1.37071E-10
0.00153076 0.0255128 1.36783E-10
-0.00412354 0.0687256 1.35603E-10
-0.00375733 0.0626221 1.38657E-10
0.00366945 0.0611574 1.31945E-10
0.00325927 0.0543213 1.37291E-10
0.00199952 0.0333253 1.35594E-10
0.00579347 0.0965578 1.31838E-10
0.00913329 0.152222 1.36317E-10
0.00548583 0.0914306 1.31716E-10
0.00932372 0.155395 1.37288E-10
0.0103051 0.171753 1.35719E-10
0.00261474 0.0435791 1.39631E-10
-0.00185303 0.0308838 1.36872E-10
0.00377197 0.0628662 1.35524E-10
0.00397706 0.0662843 1.31101E-10
0.00629151 0.104858 1.34863E-10
-0.004563 0.07605 1.31294E-10
0.0049292 0.0821534 1.38633E-10
-0.00254151 0.0423584 1.34636E-10
-0.00444581 0.0740968 1.32699E-10
-0.0128246 0.213744 1.31885E-10
-0.00385987 0.0643311 1.38166E-10
-0.0179808 0.299681 1.32982E-10
-0.00554444 0.0924073 1.34603E-10
0.00194092 0.0323486 1.32367E-10
-0.00485597 0.0809328 1.35591E-10
-0.0052954 0.0882567 1.37348E-10
0.00176514 0.0294189 1.36858E-10
3.66213E-05 0.000610354 1.32811E-10
-0.00113525 0.0189209 1.36367E-10
0.00330322 0.0550537 1.32289E-10
0.00711183 0.11853 1.35692E-10
-0.000329591 0.00549318 1.37032E-10
0.00736085 0.122681 1.36875E-10
0.00394777 0.0657961 1.37749E-10
0.00804931 0.134155 1.30518E-10
-0.00892822 0.148804 1.38696E-10
-0.00658448 0.109741 1.34879E-10
0.00312745 0.0521241 1.34353E-10
-0.00651124 0.108521 1.33678E-10
3.66213E-05 0.000610354 1.38058E-10
-0.0002417 0.00402833 1.32475E-10
-0.00239503 0.0399171 1.37163E-10
-0.00239503 0.0399171 1.32409E-10
0.000344239 0.00573732 1.31513E-10
0.00154541 0.0257568 1.33559E-10
0.00884032 0.147339 1.34382E-10
0.00831299 0.13855 1.36991E-10
0.0067456 0.112427 1.31803E-10
0.0021167 0.0352784 1.37878E-10
0.00475343 0.0792238 1.34372E-10
-0.00939697 0.156616 1.31409E-10
0.00248291 0.0413818 1.31482E-10
-0.0137036 0.228393 1.34136E-10
0.00281982 0.0469971 1.34875E-10
0.0052954 0.0882567 1.31396E-10
0.0118432 0.197387 1.31517E-10
-0.00347901 0.0579834 1.38617E-10
0.0121801 0.203003 1.32707E-10
-0.00229249 0.0382081 1.36143E-10
0.000842286 0.0140381 1.36257E-10
0.000534668 0.00891113 1.32805E-10
-0.00394777 0.0657961 1.32743E-10
-0.00340576 0.0567628 1.36787E-10
0.00214601 0.0357668 1.31665E-10
0.000183106 0.00305178 1.3282E-10
-0.000476075 0.00793458 1.33279E-10
0.00588134 0.0980224 1.32324E-10
0.0114917 0.191529 1.37672E-10
-0.00640871 0.106812 1.35164E-10
-0.00287842 0.0479736 1.3203E-10
-0.0163988 0.273314 1.3781E-10
0.00328858 0.0548096 1.37683E-10
-0.00588134 0.0980224 1.31784E-10
0.00167724 0.0279541 1.36437E-10
0.00642336 0.107056 1.37774E-10
0.00257079 0.0428466 1.33032E-10
0.0102905 0.171508 1.32017E-10
-0.00303956 0.0506593 1.37559E-10
-0.00144287 0.0240478 1.37168E-10
-0.00358156 0.0596926 1.31242E-10
0.00388916 0.0648194 1.32862E-10
0.00444581 0.0740968 1.37592E-10
0.00374268 0.062378 1.36086E-10
0.00763916 0.127319 1.3764E-10
-0.00132569 0.0220948 1.35803E-10
-0.0118871 0.198119 1.32735E-10
-0.00258545 0.0430908 1.32772E-10
-0.000974122 0.0162354 1.33177E-10
0.00583742 0.0972903 1.38277E-10
-0.00141357 0.0235596 1.36335E-10
0.0045337 0.0755617 1.38077E-10
0.0121801 0.203003 1.32824E-10
-0.00741945 0.123657 1.3565E-10
0.00462159 0.0770264 1.38062E-10
-0.00138428 0.0230713 1.36531E-10
0.00289307 0.0482178 1.36127E-10
0.00676024 0.112671 1.37611E-10
-0.0072876 0.12146 1.33591E-10
-0.00407959 0.0679932 1.32909E-10
0.00100342 0.0167236 1.36389E-10
-0.0035962 0.0599367 1.35345E-10
-9.5215E-05 0.00158692 1.33038E-10
-0.00415284 0.0692139 1.3574E-10
-0.0053247 0.0887451 1.37058E-10
-0.00450441 0.0750734 1.32261E-10
0.00658448 0.109741 1.35361E-10
-0.00119385 0.0198974 1.34701E-10
-0.00936767 0.156128 1.32845E-10
-0.00352296 0.0587159 1.31287E-10
0.00306886 0.0511476 1.33675E-10
-0.00702393 0.117066 1.331E-10
-0.00525147 0.0875244 1.30678E-10
-0.007771 0.129517 1.35542E-10
-0.00662842 0.110474 1.35167E-10
0.0151831 0.253052 1.34851E-10
-0.010598 0.176634 1.34063E-10
-0.00936767 0.156128 1.3177E-10
0.00407959 0.0679932 1.37005E-10
-0.00221924 0.0369873 1.35208E-10
0.00834228 0.139038 1.37733E-10
-0.00148682 0.0247803 1.31765E-10
-0.00180909 0.0301514 1.36682E-10
-0.000402833 0.00671388 1.36762E-10
0.0126781 0.211303 1.3725E-10
0.00258545 0.0430908 1.33817E-10
-0.00551514 0.0919189 1.32088E-10
0.00615967 0.102661 1.38384E-10
0.00947022 0.157837 1.31719E-10
0.00463623 0.0772706 1.32588E-10
0.00545655 0.0909424 1.33007E-10
0.00481202 0.0802003 1.34314E-10
-0.0107006 0.178343 1.3522E-10
0.00418213 0.0697022 1.33923E-10
0.00240968 0.0401613 1.36322E-10
-0.000358888 0.00598146 1.32445E-10
-0.00213135 0.0355226 1.34169E-10
0.00301026 0.0501711 1.35476E-10
0.00403565 0.0672608 1.35832E-10
0.00916259 0.15271 1.33618E-10
0.010891 0.181517 1.31408E-10
0.00649659 0.108276 1.34144E-10
-0.000270996 0.00451661 1.35171E-10
0.00123779 0.0206298 1.36107E-10
0.00648194 0.108032 1.35898E-10
0.00671631 0.111938 1.37207E-10
-0.000183106 0.00305178 1.32958E-10
0.00700929 0.116821 1.35404E-10
-0.00324463 0.0540772 1.3635E-10
-0.0114038 0.190063 1.33187E-10
-0.00317139 0.0528564 1.34038E-10
0.00721437 0.120239 1.32839E-10
-0.00103272 0.0172119 1.30122E-10
0.00409423 0.0682372 1.32266E-10
0.00799073 0.133179 1.30665E-10
-0.00248291 0.0413818 1.36722E-10
-0.00923584 0.153931 1.33939E-10
-0.00122315 0.0203858 1.36033E-10
0.00551514 0.0919189 1.31609E-10
0.000476075 0.00793458 1.37259E-10
-0.00287842 0.0479736 1.31089E-10
0.000783692 0.0130615 1.33041E-10
-0.00372804 0.0621339 1.38892E-10
0.0081079 0.135132 1.37763E-10
-0.0049292 0.0821534 1.38266E-10
0.00320068 0.0533448 1.36556E-10
0.00280518 0.0467529 1.37242E-10
-0.00831299 0.13855 1.32699E-10
-0.013557 0.225951 1.38064E-10
-0.000109864 0.00183106 1.34661E-10
0.00390382 0.0650636 1.33212E-10
0.00511963 0.0853273 1.37541E-10
0.0125902 0.209837 1.35112E-10
0.0121801 0.203003 1.31916E-10
0.00299562 0.0499269 1.36489E-10
-0.00246826 0.0411377 1.36022E-10
3.66213E-05 0.000610354 1.38074E-10
-0.004021 0.0670166 1.32767E-10
-0.000754395 0.0125733 1.32677E-10
-0.000417481 0.00695803 1.37633E-10
-0.000402833 0.00671388 1.38574E-10
0.00342042 0.0570069 1.36859E-10
-0.00821045 0.136841 1.37358E-10
-0.000124513 0.00207521 1.30326E-10
0.000197755 0.00329592 1.37947E-10
0.00440185 0.0733642 1.34062E-10
0.0129272 0.215453 1.39121E-10
-0.00238038 0.0396729 1.30599E-10
0.000930176 0.0155029 1.34792E-10
-0.0054126 0.0902099 1.37058E-10
0.00221924 0.0369873 1.38354E-10
0.000725098 0.012085 1.33008E-10
0.00882567 0.147095 1.35348E-10
0.00170654 0.0284423 1.35443E-10
0.00443115 0.0738526 1.36479E-10
0.0174682 0.291137 1.32316E-10
0.00296631 0.0494386 1.34642E-10
0.00393312 0.0655519 1.34148E-10
0.00361086 0.0601809 1.34922E-10
