-0.00132569 0.0220948 6.72641E-11
-0.0185815 0.309692 6.80212E-11
-0.00450441 0.0750734 6.84151E-11
0.006438 0.1073 6.77309E-11
0.00784424 0.130737 6.83297E-11
-0.00680419 0.113403 6.808E-11
0.00277588 0.0462646 6.83282E-11
0.00245362 0.0408937 6.77116E-11
-0.00762452 0.127075 6.69932E-11
-0.0251733 0.419555 6.78058E-11
-0.017307 0.288451 6.81818E-11
0.00719972 0.119995 6.81363E-11
-0.00951416 0.158569 6.8095E-11
-0.00611573 0.101929 6.85371E-11
0.0105395 0.175658 6.83777E-11
-0.0021167 0.0352784 6.73164E-11
-0.00633546 0.105591 6.8091E-11
0.00043213 0.00720217 6.84709E-11
-0.00790284 0.131714 6.81404E-11
0.00652589 0.108765 6.81893E-11
0.0104955 0.174925 6.76685E-11
-0.0146264 0.243773 6.89468E-11
0.011477 0.191284 6.76321E-11
0.0167651 0.279419 6.74523E-11
0.00380127 0.0633546 6.74488E-11
0.000783692 0.0130615 6.70425E-11
-0.0136889 0.228149 6.78691E-11
0.00816649 0.136108 6.87567E-11
0.0220679 0.367798 6.81311E-11
0.00983642 0.16394 6.84197E-11
-0.00330322 0.0550537 6.81407E-11
0.0066577 0.110962 6.8384E-11
-0.00574952 0.0958253 6.8058E-11
0.00446046 0.0743409 6.88704E-11
0.0122387 0.203979 6.91731E-11
-0.0140551 0.234253 6.75823E-11
0.0124145 0.206908 6.83151E-11
0.00286376 0.0477294 6.90935E-11
-0.0208667 0.347778 6.82034E-11
-0.00873779 0.14563 6.81729E-11
-0.010232 0.170533 6.84808E-11
0.0073755 0.122925 6.80286E-11
-0.00311279 0.0518799 6.82225E-11
0.0108031 0.180053 6.82393E-11
0.0073755 0.122925 6.83163E-11
0.00217529 0.0362549 6.81739E-11
0.00358156 0.0596926 6.84218E-11
0.00186768 0.0311279 6.81096E-11
0.00851806 0.141968 6.88009E-11
-0.00233642 0.0389404 6.83042E-11
-0.0052954 0.0882567 6.90407E-11
0.00229249 0.0382081 6.82189E-11
0.00271728 0.0452881 6.81266E-11
-0.0165307 0.275512 6.81774E-11
-0.0134691 0.224486 6.82849E-11
0.00703858 0.11731 6.70837E-11
-0.00523682 0.0872803 6.82902E-11
0.00421142 0.0701904 6.82193E-11
-0.00744873 0.124146 6.83371E-11
0.0218482 0.364137 6.8612E-11
0.0067749 0.112915 6.675E-11
-0.00756592 0.126099 6.77207E-11
0.000959473 0.0159912 6.77216E-11
0.0140845 0.234742 6.8292E-11
-0.00120849 0.0201416 6.82996E-11
0.0035083 0.0584717 6.78364E-11
0.0074048 0.123413 6.8125E-11
-0.00441651 0.0736084 6.81955E-11
0.0184496 0.307494 6.83711E-11
-0.0110376 0.183959 6.83676E-11
0.0160913 0.268188 6.7028E-11
-0.0182153 0.303588 6.86221E-11
0.00711183 0.11853 6.8882E-11
0.00279053 0.0465088 6.82687E-11
-0.00337647 0.0562746 6.81002E-11
0.0159888 0.26648 6.90481E-11
-0.0114917 0.191529 6.81202E-11
0.0021167 0.0352784 6.83431E-11
-0.0117261 0.195435 6.76061E-11
0.00413818 0.0689697 6.71444E-11
0.0204858 0.341431 6.84076E-11
0.0126488 0.210814 6.74271E-11
-0.0130737 0.217896 6.79819E-11
-0.00869384 0.144897 6.96867E-11
-0.0141869 0.236448 6.80886E-11
-0.0121948 0.203247 6.81747E-11
-0.012268 0.204467 6.81819E-11
0.0110522 0.184203 6.8185E-11
-0.00695068 0.115845 6.81507E-11
-0.00180909 0.0301514 6.83242E-11
-0.0196362 0.32727 6.75085E-11
0.00170654 0.0284423 6.77377E-11
0.00913329 0.152222 6.82219E-11
0.00760987 0.126831 6.77206E-11
-0.00466554 0.0777589 6.91706E-11
0.0119311 0.198852 6.83138E-11
-0.0111255 0.185425 6.92193E-11
0.00759522 0.126587 6.88532E-11
0.000227051 0.00378418 6.81638E-11
0.00158936 0.0264893 6.7799E-11
0.00522216 0.0870361 6.83481E-11
0.00233642 0.0389404 6.81709E-11
-0.00661377 0.110229 6.87141E-11
-0.0127075 0.211792 6.96633E-11
0.00484132 0.0806886 6.90562E-11
0.000461426 0.00769043 6.79056E-11
-0.00637941 0.106323 6.80512E-11
-0.018728 0.312134 6.78791E-11
0.00352296 0.0587159 6.88659E-11
-0.00197021 0.0328369 6.81855E-11
-0.0101879 0.169799 6.87971E-11
0.00601318 0.10022 6.81922E-11
0.00927978 0.154663 6.80895E-11
0.00561767 0.0936279 6.80366E-11
-0.00772705 0.128784 6.84941E-11
-0.0219507 0.365845 6.83569E-11
3.66213E-05 0.000610354 6.83181E-11
0.00205812 0.0343019 6.91232E-11
-0.00226319 0.0377198 6.83986E-11
-0.00892822 0.148804 6.70908E-11
0.00639406 0.106568 6.75777E-11
0.00435792 0.0726319 6.82255E-11
0.00415284 0.0692139 6.83855E-11
0.00292237 0.0487061 6.7927E-11
0.0217163 0.361938 6.82385E-11
-0.00366945 0.0611574 6.91381E-11
0.00629151 0.104858 6.81443E-11
0.00894287 0.149048 6.89004E-11
0.000153809 0.00256348 6.87427E-11
-0.00818115 0.136352 6.95603E-11
-0.00122315 0.0203858 6.81265E-11
-0.00847412 0.141235 6.86189E-11
0.000988771 0.0164795 6.82654E-11
0.00598389 0.0997314 6.86743E-11
0.0165893 0.276488 6.76989E-11
-0.017307 0.288451 6.85862E-11
0.00128173 0.0213622 6.83933E-11
-0.009104 0.151733 6.81101E-11
0.0108764 0.181273 6.75196E-11
-0.00248291 0.0413818 6.80704E-11
-0.0141137 0.235228 6.85628E-11
0.0118725 0.197875 6.90752E-11
-0.00667235 0.111206 6.82118E-11
-0.00703858 0.11731 6.82027E-11
0.00226319 0.0377198 6.7763E-11
-0.00383058 0.0638429 6.94522E-11
-0.000358888 0.00598146 6.90948E-11
-0.00255615 0.0426025 6.77521E-11
-0.000812989 0.0135498 6.77036E-11
-0.0130884 0.21814 6.79513E-11
0.00996824 0.166137 6.82007E-11
0.00188233 0.0313721 6.78868E-11
-0.0167651 0.279419 6.81324E-11
-0.000695801 0.0115967 6.81652E-11
0.0107738 0.179564 6.82327E-11
-0.00485597 0.0809328 6.74467E-11
0.00523682 0.0872803 6.82278E-11
0.00448975 0.0748292 6.81566E-11
-0.0107738 0.179564 6.97363E-11
-0.00254151 0.0423584 6.80531E-11
-0.00572021 0.0953369 6.77871E-11
0.00719972 0.119995 6.81652E-11
0.00141357 0.0235596 6.82897E-11
-0.00249756 0.0416259 6.88476E-11
-0.00583742 0.0972903 6.82018E-11
-0.0121655 0.202758 6.7799E-11
-0.00388916 0.0648194 6.77513E-11
0.000974122 0.0162354 6.87087E-11
0.00601318 0.10022 6.80165E-11
0.019226 0.320433 6.83007E-11
-0.0142308 0.237181 6.76217E-11
-0.00243897 0.0406496 6.81373E-11
-8.05667E-05 0.00134278 6.83341E-11
0.000593263 0.00988771 6.83356E-11
-0.00566162 0.0943603 6.82309E-11
-0.0122387 0.203979 6.8672E-11
0.00217529 0.0362549 6.83342E-11
0.0224635 0.374392 6.82017E-11
0.00103272 0.0172119 6.82445E-11
-0.00739014 0.123169 6.8768E-11
0.00173584 0.0289306 6.92147E-11
0.00996824 0.166137 6.81658E-11
-0.00052002 0.008667 6.90145E-11
-3.66213E-05 0.000610354 6.82193E-11
-9.5215E-05 0.00158692 6.89483E-11
0.00900147 0.150024 6.95226E-11
0.0168384 0.28064 6.76644E-11
-0.00110596 0.0184326 6.81051E-11
0.00900147 0.150024 6.85434E-11
0.00936767 0.156128 6.87389E-11
-0.00648194 0.108032 6.96005E-11
0.00705322 0.117554 6.8295E-11
-0.00129639 0.0216064 6.81213E-11
0.00388916 0.0648194 6.79157E-11
0.00482666 0.0804444 6.78667E-11
-0.00627685 0.104614 6.82722E-11
0.0189038 0.315064 6.83222E-11
0.00179444 0.0299073 6.85585E-11
-0.00205812 0.0343019 6.82486E-11
-0.020852 0.347533 6.7213E-11
