-0.0188305 0.313842 7.20372E-11
-0.0162231 0.270386 7.20555E-11
0.00700929 0.116821 7.19245E-11
0.00421142 0.0701904 7.21933E-11
0.0096167 0.160278 7.09894E-11
-0.00381592 0.0635987 7.20062E-11
-0.00274659 0.0457764 7.03932E-11
0.0133373 0.222288 7.20065E-11
0.00289307 0.0482178 7.17124E-11
-0.0131323 0.218872 7.16919E-11
-0.00328858 0.0548096 7.24565E-11
-0.00287842 0.0479736 7.20319E-11
-0.00787354 0.131226 7.24621E-11
0.000256348 0.00427247 7.20378E-11
-0.00164795 0.0274658 7.21198E-11
0.0135424 0.225707 7.19072E-11
-0.00513429 0.0855714 7.196E-11
-0.00448975 0.0748292 7.19163E-11
0.00062256 0.010376 7.19229E-11
0.0137475 0.229125 7.16715E-11
-0.00240968 0.0401613 7.21693E-11
0.00572021 0.0953369 7.05376E-11
-0.0035083 0.0584717 7.20598E-11
-0.0144213 0.240355 7.19016E-11
0.00545655 0.0909424 7.19976E-11
-0.0026001 0.0433349 7.20363E-11
0.00450441 0.0750734 7.11176E-11
0.000651857 0.0108643 7.20111E-11
-0.00239503 0.0399171 7.08019E-11
0.00564698 0.0941163 7.1987E-11
0.00397706 0.0662843 7.21569E-11
0.0145531 0.242553 7.1847E-11
-0.00429931 0.0716553 7.17802E-11
0.00828368 0.138061 7.0933E-11
0.000285645 0.00476075 7.09882E-11
0.00555908 0.0926513 7.16904E-11
-0.000329591 0.00549318 7.23103E-11
-0.0145971 0.243285 7.25032E-11
-0.000227051 0.00378418 7.20093E-11
0.000168458 0.00280763 7.2065E-11
0.00293702 0.0489503 7.06411E-11
-0.00276123 0.0460205 7.23677E-11
-0.0113745 0.189575 7.19746E-11
-0.0132787 0.221312 7.2071E-11
0.0145092 0.24182 7.1044E-11
-0.00557372 0.0928954 7.21749E-11
-0.00308351 0.0513918 7.1971E-11
0.00503175 0.0838624 7.21505E-11
0.0117261 0.195435 7.23694E-11
-0.00821045 0.136841 7.08545E-11
0.00308351 0.0513918 7.19201E-11
0.00369873 0.0616456 7.19522E-11
0.00284912 0.0474853 7.17223E-11
-0.00560302 0.0933837 7.25656E-11
0.005896 0.0982666 7.05897E-11
0.000212403 0.00354005 7.17672E-11
-0.00645264 0.107544 7.21453E-11
-0.0104955 0.174925 7.14045E-11
-0.00302491 0.0504153 7.19623E-11
-0.0160327 0.267212 7.15285E-11
0.00487061 0.0811768 7.04023E-11
0.0192406 0.320678 7.18713E-11
-0.00491456 0.0819093 7.09952E-11
-0.00664306 0.110718 7.10592E-11
-0.000725098 0.012085 7.17978E-11
-0.00539795 0.0899658 7.12871E-11
-0.000637208 0.0106201 7.18489E-11
0.00192626 0.0321044 7.25621E-11
0.0111987 0.186645 7.18509E-11
0.00784424 0.130737 7.0666E-11
-0.00782959 0.130493 7.20103E-11
-0.0104662 0.174437 7.20445E-11
-0.00497315 0.0828858 7.19404E-11
0.000314942 0.00524903 7.21708E-11
-0.00523682 0.0872803 7.20205E-11
0.00135498 0.0225831 7.02285E-11
-0.00330322 0.0550537 7.19896E-11
-0.00175048 0.0291747 7.1695E-11
-0.00700929 0.116821 7.19099E-11
-0.00460694 0.0767823 7.1863E-11
0.0135717 0.226195 7.05021E-11
0.0336987 0.561646 7.15572E-11
-0.00336182 0.0560304 7.12482E-11
0.0142455 0.237425 7.22159E-11
-0.0104369 0.173948 7.21125E-11
-0.0073755 0.122925 7.21832E-11
-0.00428467 0.0714112 7.19422E-11
-0.0170141 0.283568 7.17514E-11
-0.00355225 0.0592042 7.17703E-11
-0.00223389 0.0372314 7.15933E-11
0.00621827 0.103638 7.09146E-11
0.0054419 0.0906983 7.23892E-11
-0.00151612 0.0252686 7.20087E-11
-0.00985107 0.164185 7.18392E-11
-0.00681885 0.113647 7.20041E-11
-0.00286376 0.0477294 7.20187E-11
-0.0140698 0.234497 7.21031E-11
0.0153441 0.255736 7.16608E-11
0.0116675 0.194459 7.18674E-11
0.0123998 0.206663 7.12774E-11
0.00533936 0.0889893 7.24161E-11
-0.00176514 0.0294189 7.19359E-11
0.00574952 0.0958253 7.19447E-11
-0.0144799 0.241332 7.18232E-11
-0.00714112 0.119019 7.25723E-11
-0.000285645 0.00476075 7.19787E-11
-0.0122534 0.204223 7.21758E-11
-0.00673096 0.112183 7.19468E-11
0.00569092 0.0948486 7.11438E-11
0.00416749 0.0694581 7.15684E-11
-0.0067456 0.112427 7.20519E-11
-0.00979248 0.163208 7.26877E-11
-0.00330322 0.0550537 7.16039E-11
0.0186547 0.310912 7.16873E-11
0.000988771 0.0164795 7.21083E-11
-0.00627685 0.104614 7.17591E-11
-0.00136964 0.0228273 7.16055E-11
0.0102758 0.171264 7.18322E-11
0.00383058 0.0638429 7.19277E-11
-0.0022046 0.0367433 7.21752E-11
-0.0157837 0.263062 7.20852E-11
0.0190648 0.317747 7.12257E-11
-0.00163329 0.0272216 7.21484E-11
-0.00223389 0.0372314 7.23545E-11
-0.00210206 0.0350343 7.18757E-11
0.000593263 0.00988771 7.1934E-11
-0.000666505 0.0111084 7.05742E-11
-0.00167724 0.0279541 7.20326E-11
0.0172045 0.286743 7.16075E-11
-0.00933837 0.15564 7.19948E-11
-0.00180909 0.0301514 7.20373E-11
0.00403565 0.0672608 7.21014E-11
0.000842286 0.0140381 7.19808E-11
-0.0200024 0.333374 7.22563E-11
0.0121655 0.202758 7.04557E-11
-0.00593995 0.0989991 7.09778E-11
-0.00497315 0.0828858 7.21089E-11
-0.00503175 0.0838624 7.18353E-11
-0.00469482 0.0782471 7.20164E-11
0.00847412 0.141235 7.1975E-11
0.00775635 0.129272 7.21112E-11
0.0067456 0.112427 7.18433E-11
-0.00736085 0.122681 7.19656E-11
-0.0059253 0.0987549 7.20166E-11
0.00369873 0.0616456 7.20996E-11
-0.0016919 0.0281983 7.20835E-11
-0.00794677 0.132446 7.20633E-11
0.00460694 0.0767823 7.14348E-11
0.00888428 0.148071 7.18445E-11
-0.00503175 0.0838624 7.21085E-11
0.000139161 0.00231935 7.04094E-11
0.000124513 0.00207521 7.2097E-11
0.0110376 0.183959 7.18923E-11
-0.0165307 0.275512 7.2045E-11
-0.00828368 0.138061 7.10544E-11
0.00835693 0.139282 7.21131E-11
0.00343507 0.0572511 7.19684E-11
-0.00670165 0.111694 7.13802E-11
-0.00135498 0.0225831 7.05538E-11
-0.00107666 0.0179443 7.22874E-11
0.00475343 0.0792238 7.19648E-11
0.016018 0.266967 7.20063E-11
-0.00661377 0.110229 7.11439E-11
0.0171313 0.285521 7.03065E-11
0.00232177 0.0386963 7.10997E-11
-9.5215E-05 0.00158692 7.20268E-11
-0.00591064 0.0985108 7.18439E-11
-0.00157471 0.0262451 7.03748E-11
0.000534668 0.00891113 7.06398E-11
-0.00629151 0.104858 7.22636E-11
0.00381592 0.0635987 7.25802E-11
-0.0213647 0.356078 7.25796E-11
0.0011792 0.0196533 7.21264E-11
-0.00403565 0.0672608 7.05343E-11
0.00900147 0.150024 7.2075E-11
0.000681153 0.0113526 7.18881E-11
-0.00312745 0.0521241 7.21239E-11
0.000124513 0.00207521 7.0839E-11
0.00799073 0.133179 7.12343E-11
-0.00673096 0.112183 7.14773E-11
0.0125023 0.208372 7.19686E-11
0.0184496 0.307494 7.19645E-11
-0.00582277 0.0970461 7.03544E-11
-0.00119385 0.0198974 7.19526E-11
-0.01385 0.230834 7.15671E-11
0.00818115 0.136352 7.11446E-11
-0.0011792 0.0196533 7.22473E-11
-0.00800537 0.133423 7.13349E-11
-0.00180909 0.0301514 7.19225E-11
-0.0194311 0.323852 7.20557E-11
0.00806396 0.134399 7.21237E-11
0.00809326 0.134888 7.17655E-11
-0.006438 0.1073 7.24768E-11
0.00484132 0.0806886 7.21916E-11
-0.00892822 0.148804 7.05484E-11
-0.0154614 0.25769 7.1923E-11
0.00396242 0.0660403 7.17718E-11
-0.0174096 0.290161 7.21412E-11
-0.00106201 0.0177003 7.23254E-11
0.00104737 0.0174561 7.18283E-11
