0.00243897 0.0406496 8.40786E-11
0.00123779 0.0206298 8.49298E-11
0.00207276 0.0345461 8.25867E-11
-0.00138428 0.0230713 8.19029E-11
0.0106567 0.177611 8.33954E-11
0.00100342 0.0167236 8.28177E-11
0.0117992 0.196654 8.43425E-11
-0.00572021 0.0953369 8.18395E-11
8.05667E-05 0.00134278 8.47531E-11
0.00930907 0.155151 8.23377E-11
0.00547119 0.0911865 8.2375E-11
-0.00347901 0.0579834 8.4411E-11
-0.00120849 0.0201416 8.27888E-11
0.00939697 0.156616 8.29039E-11
0.004021 0.0670166 8.29274E-11
0.00702393 0.117066 8.30419E-11
0.0052954 0.0882567 8.43503E-11
0.018435 0.30725 8.42035E-11
0.00450441 0.0750734 8.38202E-11
-0.0054126 0.0902099 8.47303E-11
-0.0178198 0.296997 8.40354E-11
-0.00933837 0.15564 8.34493E-11
0.000549317 0.00915528 8.30886E-11
0.00869384 0.144897 8.17973E-11
0.00347901 0.0579834 8.45448E-11
0.00283447 0.0472412 8.35149E-11
0.00582277 0.0970461 8.20502E-11
-0.0062622 0.10437 8.40703E-11
0.00684814 0.114136 8.43313E-11
-0.00366945 0.0611574 8.25856E-11
0.00913329 0.152222 8.21079E-11
0.0026001 0.0433349 8.42842E-11
-0.000930176 0.0155029 8.20101E-11
0.000270996 0.00451661 8.29033E-11
-0.000124513 0.00207521 8.32249E-11
-0.00371339 0.0618898 8.49284E-11
0.0026294 0.0438233 8.28352E-11
0.0031421 0.0523683 8.27975E-11
0.0117992 0.196654 8.33572E-11
-0.00176514 0.0294189 8.29617E-11
8.05667E-05 0.00134278 8.25515E-11
8.05667E-05 0.00134278 8.41018E-11
0.0114624 0.19104 8.19969E-11
-0.00144287 0.0240478 8.23989E-11
-0.0109057 0.181762 8.43058E-11
-0.00325927 0.0543213 8.26363E-11
0.00859131 0.143188 8.27637E-11
0.0073755 0.122925 8.51044E-11
0.0116968 0.194947 8.30471E-11
-0.00752198 0.125366 8.4786E-11
0.00533936 0.0889893 8.45219E-11
-0.00465089 0.0775148 8.31392E-11
-0.00071045 0.0118408 8.36302E-11
-0.00705322 0.117554 8.24699E-11
-0.00283447 0.0472412 8.29368E-11
-0.0059253 0.0987549 8.38178E-11
-0.00412354 0.0687256 8.25043E-11
-0.0142748 0.237914 8.40873E-11
0.00528075 0.0880126 8.28067E-11
0.00850342 0.141724 8.48102E-11
-0.00700929 0.116821 8.29578E-11
0.00364015 0.0606691 8.40623E-11
-0.00043213 0.00720217 8.44501E-11
0.0139086 0.231811 8.26418E-11
0.00804931 0.134155 8.25072E-11
-0.00446046 0.0743409 8.27658E-11
-0.00107666 0.0179443 8.27344E-11
-0.00113525 0.0189209 8.2703E-11
-0.0108178 0.180297 8.27716E-11
-0.00491456 0.0819093 8.39004E-11
-0.0072876 0.12146 8.29804E-11
0.000373536 0.0062256 8.28504E-11
-2.19728E-05 0.000366213 8.5052E-11
-0.0158129 0.263549 8.28205E-11
-0.0205151 0.341918 8.28726E-11
0.00378663 0.0631104 8.42486E-11
-0.00248291 0.0413818 8.24128E-11
-0.000695801 0.0115967 8.3322E-11
-0.000842286 0.0140381 8.27936E-11
-0.00229249 0.0382081 8.42548E-11
-0.012766 0.212767 8.49344E-11
0.0086206 0.143677 8.2883E-11
-0.00806396 0.134399 8.43485E-11
-0.00957275 0.159546 8.28367E-11
-0.00570557 0.0950928 8.45179E-11
-0.0054419 0.0906983 8.27265E-11
-0.000139161 0.00231935 8.25228E-11
-0.00695068 0.115845 8.46637E-11
0.00667235 0.111206 8.20527E-11
0.00747804 0.124634 8.24672E-11
0.00974853 0.162476 8.30772E-11
0.00352296 0.0587159 8.22268E-11
-0.0102758 0.171264 8.4039E-11
0.00832763 0.138794 8.31158E-11
-0.00513429 0.0855714 8.22352E-11
0.0062622 0.10437 8.26446E-11
0.0072583 0.120972 8.26589E-11
-0.000988771 0.0164795 8.2262E-11
-0.00520752 0.0867919 8.33793E-11
0.00434326 0.0723878 8.25327E-11
-0.0103637 0.172728 8.47802E-11
0.00851806 0.141968 8.22291E-11
-0.005896 0.0982666 8.32588E-11
0.000739747 0.0123291 8.24775E-11
0.0121508 0.202514 8.25329E-11
0.0031421 0.0523683 8.32601E-11
-0.00841553 0.140259 8.44824E-11
0.00394777 0.0657961 8.36223E-11
0.00322999 0.0538331 8.42669E-11
-0.016853 0.280883 8.4225E-11
-0.00194092 0.0323486 8.30602E-11
-0.00189697 0.0316162 8.26871E-11
0.00312745 0.0521241 8.22109E-11
-0.000637208 0.0106201 8.25638E-11
0.00218994 0.0364991 8.29756E-11
-0.0117407 0.195678 8.27468E-11
-0.00511963 0.0853273 8.2878E-11
-0.0026001 0.0433349 8.29251E-11
0.000505372 0.00842286 8.39008E-11
0.00719972 0.119995 8.27044E-11
0.00177978 0.0296631 8.2394E-11
0.00999755 0.166626 8.25012E-11
-0.0183031 0.305052 8.36947E-11
-0.00128173 0.0213622 8.29965E-11
-0.00487061 0.0811768 8.40652E-11
0.00769776 0.128296 8.33926E-11
0.0059253 0.0987549 8.26399E-11
0.00103272 0.0172119 8.1639E-11
-0.00186768 0.0311279 8.32298E-11
-0.0122974 0.204957 8.443E-11
5.12697E-05 0.000854496 8.30929E-11
0.00226319 0.0377198 8.40019E-11
0.00172119 0.0286864 8.44682E-11
-0.00598389 0.0997314 8.41532E-11
-0.00238038 0.0396729 8.41413E-11
0.000285645 0.00476075 8.23976E-11
0.00982178 0.163696 8.41747E-11
-0.00848876 0.141479 8.48989E-11
0.00459228 0.0765381 8.40623E-11
-0.00188233 0.0313721 8.44854E-11
-0.0138354 0.23059 8.39846E-11
-0.00138428 0.0230713 8.24198E-11
-0.0112134 0.186889 8.31699E-11
0.00545655 0.0909424 8.2532E-11
0.000725098 0.012085 8.26673E-11
-0.00443115 0.0738526 8.44439E-11
0.00582277 0.0970461 8.42545E-11
-0.00884032 0.147339 8.38524E-11
0.00495851 0.0826417 8.44275E-11
0.00185303 0.0308838 8.43296E-11
-0.00941162 0.15686 8.40857E-11
0.00667235 0.111206 8.27262E-11
-0.0219653 0.366089 8.28187E-11
-0.00629151 0.104858 8.247E-11
0.00678955 0.113159 8.29992E-11
0.0102466 0.170777 8.42052E-11
0.00646728 0.107788 8.36031E-11
0.000300294 0.00500489 8.28008E-11
0.00336182 0.0560304 8.40169E-11
0.0116528 0.194214 8.25616E-11
-0.0124877 0.208128 8.43423E-11
-0.00388916 0.0648194 8.23789E-11
0.00339112 0.0565187 8.37569E-11
-0.00290771 0.0484619 8.30929E-11
-0.0011792 0.0196533 8.24924E-11
-0.00136964 0.0228273 8.25954E-11
0.00378663 0.0631104 8.47989E-11
0.0107738 0.179564 8.27321E-11
0.00539795 0.0899658 8.42608E-11
-0.00183839 0.0306398 8.39446E-11
0.000900879 0.0150147 8.4218E-11
0.00629151 0.104858 8.24292E-11
0.0040503 0.0675049 8.22879E-11
0.000402833 0.00671388 8.38302E-11
-0.00119385 0.0198974 8.29125E-11
-0.0134106 0.223509 8.47514E-11
-0.000578614 0.00964357 8.26275E-11
0.00207276 0.0345461 8.22654E-11
-0.00719972 0.119995 8.23961E-11
0.00717042 0.119507 8.19849E-11
0.00699463 0.116577 8.27942E-11
0.00239503 0.0399171 8.26005E-11
-0.0045337 0.0755617 8.34894E-11
0.00336182 0.0560304 8.35203E-11
-0.000124513 0.00207521 8.45399E-11
0.0109057 0.181762 8.1768E-11
-0.0086206 0.143677 8.19368E-11
-0.00736085 0.122681 8.24482E-11
0.00403565 0.0672608 8.3067E-11
0.00355225 0.0592042 8.35343E-11
0.00277588 0.0462646 8.26267E-11
-0.00724365 0.120728 8.43719E-11
-0.00596923 0.0994872 8.45537E-11
0.00071045 0.0118408 8.24123E-11
0.00434326 0.0723878 8.44373E-11
-0.0111401 0.185668 8.37071E-11
-0.0148608 0.247681 8.31506E-11
-0.0101879 0.169799 8.1812E-11
-0.00422608 0.0704346 8.43541E-11
-0.00271728 0.0452881 8.46001E-11
