-0.00383058 0.0638429 3.05058E-10
-0.00216065 0.0360108 2.97884E-10
0.00268799 0.0447998 3.04507E-10
0.00495851 0.0826417 3.03485E-10
0.000681153 0.0113526 3.04777E-10
0.00180909 0.0301514 3.07441E-10
-0.0110082 0.183471 3.08491E-10
0.0119311 0.198852 3.04365E-10
-0.00221924 0.0369873 3.04677E-10
-0.00327392 0.0545654 2.99279E-10
0.00413818 0.0689697 2.96634E-10
0.0121508 0.202514 3.08797E-10
0.0154467 0.257446 3.05522E-10
-0.00235108 0.0391846 3.05788E-10
-0.0072583 0.120972 3.02496E-10
-0.00182373 0.0303956 3.00765E-10
0.00681885 0.113647 3.04173E-10
0.00245362 0.0408937 2.92411E-10
0.00520752 0.0867919 2.953E-10
-0.00208742 0.0347903 3.03122E-10
0.00775635 0.129272 3.03931E-10
0.00576416 0.0960694 2.97875E-10
0.00988037 0.164673 3.09389E-10
-0.00431397 0.0718994 3.03827E-10
0.0102173 0.170288 2.91381E-10
0.00743409 0.123901 3.12595E-10
-0.00466554 0.0777589 3.07178E-10
0.000988771 0.0164795 2.97165E-10
0.000256348 0.00427247 2.99444E-10
0.00129639 0.0216064 3.04403E-10
0.00293702 0.0489503 2.98243E-10
-0.00368409 0.0614015 3.041E-10
0.00457764 0.076294 3.03049E-10
0.00847412 0.141235 2.92653E-10
-0.00052002 0.008667 2.97488E-10
0.00986572 0.164429 3.0743E-10
-0.0104222 0.173704 3.05799E-10
-0.0045337 0.0755617 3.034E-10
0.00821045 0.136841 3.05001E-10
0.00366945 0.0611574 3.03537E-10
0.0035083 0.0584717 3.08975E-10
0.0117846 0.19641 3.0129E-10
-0.00352296 0.0587159 2.95229E-10
0.00126709 0.0211181 3.06561E-10
0.00281982 0.0469971 3.00143E-10
-0.00175048 0.0291747 3.07855E-10
-0.00542725 0.0904541 3.04928E-10
0.00336182 0.0560304 3.08272E-10
0.00315674 0.0526123 3.02594E-10
-0.00699463 0.116577 3.05624E-10
-0.00333253 0.0555421 3.06539E-10
-0.00419677 0.0699463 3.09088E-10
-0.00454836 0.0758059 3.0276E-10
-0.00195557 0.0325928 3.05695E-10
-0.00346436 0.0577393 3.06881E-10
0.00526611 0.0877685 2.97731E-10
-0.00637941 0.106323 2.96348E-10
-0.00488525 0.0814209 3.03586E-10
-0.00279053 0.0465088 3.06379E-10
-0.00391847 0.0653078 2.99055E-10
-0.005896 0.0982666 2.96273E-10
-0.0101733 0.169555 3.04648E-10
0.00548583 0.0914306 2.96716E-10
0.00301026 0.0501711 3.09766E-10
0.00164795 0.0274658 3.04177E-10
-0.00517822 0.0863037 3.02604E-10
0.0010913 0.0181884 2.95343E-10
0.00079834 0.0133057 3.05387E-10
-0.00434326 0.0723878 3.05884E-10
-0.00790284 0.131714 2.97905E-10
0.00388916 0.0648194 3.06785E-10
0.0125609 0.209349 3.00778E-10
-0.00569092 0.0948486 2.97085E-10
-0.00374268 0.062378 3.03709E-10
0.0101 0.168334 3.08506E-10
-0.0123851 0.206419 3.07166E-10
0.00189697 0.0316162 2.97969E-10
-0.00371339 0.0618898 2.97961E-10
-0.00239503 0.0399171 3.0609E-10
0.00217529 0.0362549 3.05096E-10
0.00882567 0.147095 3.058E-10
0.00410888 0.0684814 3.04736E-10
0.00358156 0.0596926 3.03993E-10
0.000944824 0.0157471 3.02154E-10
-0.00368409 0.0614015 2.96744E-10
0.0050464 0.0841066 3.06372E-10
-0.0180394 0.300657 3.08465E-10
-0.0104076 0.17346 3.06015E-10
-0.00383058 0.0638429 2.97412E-10
0.00132569 0.0220948 3.05993E-10
-0.00947022 0.157837 3.07448E-10
9.5215E-05 0.00158692 2.96096E-10
0.000285645 0.00476075 2.96732E-10
-0.00158936 0.0264893 3.02227E-10
0.000812989 0.0135498 2.97187E-10
-0.00299562 0.0499269 3.05362E-10
-0.00131103 0.0218506 2.99544E-10
-0.00388916 0.0648194 3.04533E-10
0.00743409 0.123901 3.03039E-10
-0.00347901 0.0579834 2.9731E-10
-0.00989501 0.164917 3.05098E-10
0.0106859 0.178099 3.03757E-10
0.00188233 0.0313721 3.02146E-10
-0.000476075 0.00793458 3.02193E-10
0.0109204 0.182007 3.07841E-10
0.00618897 0.103149 3.06899E-10
0.0228735 0.381226 2.97785E-10
0.0160766 0.267944 3.0119E-10
-0.00906006 0.151001 2.95055E-10
0.000168458 0.00280763 3.03423E-10
0.0072876 0.12146 3.09706E-10
-0.0115064 0.191773 3.03018E-10
-0.00123779 0.0206298 3.0154E-10
-0.00545655 0.0909424 2.97893E-10
8.05667E-05 0.00134278 3.02888E-10
-0.00460694 0.0767823 2.96489E-10
-0.0086792 0.144653 3.11706E-10
-0.00132569 0.0220948 3.04306E-10
-0.00161865 0.0269775 2.95494E-10
0.00637941 0.106323 3.02802E-10
0.00122315 0.0203858 3.02939E-10
0.0107152 0.178587 3.03415E-10
0.00955811 0.159302 3.06269E-10
-0.00239503 0.0399171 3.07162E-10
-0.00463623 0.0772706 3.10294E-10
0.00970459 0.161743 3.0515E-10
0.00422608 0.0704346 3.06485E-10
-0.00929443 0.154907 3.02433E-10
0.000358888 0.00598146 3.09644E-10
0.000139161 0.00231935 3.06338E-10
0.00290771 0.0484619 3.05667E-10
-0.00202881 0.0338136 3.06407E-10
0.00358156 0.0596926 3.10939E-10
0.00144287 0.0240478 3.03212E-10
-0.00894287 0.149048 3.09986E-10
0.0090454 0.150757 3.0475E-10
0.000109864 0.00183106 3.0684E-10
0.00245362 0.0408937 3.04164E-10
-0.00922119 0.153687 3.08006E-10
-0.0067749 0.112915 2.98447E-10
0.00365479 0.0609132 2.96964E-10
0.00450441 0.0750734 3.01718E-10
-0.00478271 0.0797119 2.98566E-10
0.00406495 0.0677491 3.04351E-10
0.00939697 0.156616 3.05052E-10
-0.00620361 0.103394 2.95111E-10
0.00664306 0.110718 3.05186E-10
0.00412354 0.0687256 3.06667E-10
0.00336182 0.0560304 3.06014E-10
-0.00894287 0.149048 3.00475E-10
-0.00651124 0.108521 3.0542E-10
-0.00217529 0.0362549 3.04576E-10
0.00749268 0.124878 3.08995E-10
-0.0121948 0.203247 3.09102E-10
-0.00435792 0.0726319 3.04363E-10
-0.00214601 0.0357668 3.07498E-10
-0.0137036 0.228393 3.04658E-10
-0.00605713 0.100952 2.99583E-10
0.00205812 0.0343019 3.05076E-10
0.000783692 0.0130615 3.04281E-10
0.00201417 0.0335694 3.06499E-10
0.00749268 0.124878 3.03326E-10
0.0177612 0.296021 3.08124E-10
0.00457764 0.076294 2.95106E-10
0.000739747 0.0123291 3.09079E-10
-0.00172119 0.0286864 3.06849E-10
-0.00838623 0.13977 3.06788E-10
0.00344971 0.0574952 2.95459E-10
-0.00469482 0.0782471 3.08219E-10
-0.00271728 0.0452881 3.04069E-10
-0.00516358 0.0860596 3.0325E-10
-0.00479736 0.0799561 3.08841E-10
0.00391847 0.0653078 2.9435E-10
0.00816649 0.136108 3.02824E-10
0.00640871 0.106812 3.03767E-10
-0.00425537 0.0709229 2.97397E-10
-0.00793213 0.132202 3.03768E-10
0.00475343 0.0792238 2.97249E-10
-0.00257079 0.0428466 2.96805E-10
-0.00126709 0.0211181 3.03766E-10
0.00545655 0.0909424 2.97095E-10
-0.00886962 0.147827 2.97525E-10
-0.00955811 0.159302 2.9868E-10
0.00355225 0.0592042 2.96769E-10
-0.0123998 0.206663 2.97715E-10
-0.00569092 0.0948486 3.05663E-10
-0.00182373 0.0303956 2.98166E-10
-0.00545655 0.0909424 2.99218E-10
0.0114917 0.191529 3.09975E-10
0.00618897 0.103149 3.04235E-10
0.00462159 0.0770264 2.96012E-10
-0.00413818 0.0689697 3.07772E-10
0.00550049 0.0916748 2.9691E-10
0.00554444 0.0924073 3.04605E-10
-0.00998289 0.166381 3.0282E-10
-0.00882567 0.147095 3.03073E-10
-0.00119385 0.0198974 3.06382E-10
0.00128173 0.0213622 2.95554E-10
-0.00210206 0.0350343 3.03596E-10
0.00730226 0.121704 2.9759E-10
