-0.00996824 0.166137 7.44616E-11
-0.00696533 0.116089 7.63024E-11
-0.00911865 0.151977 7.54901E-11
0.0105541 0.175903 7.4451E-11
0.00415284 0.0692139 7.50355E-11
0.0166333 0.277222 7.4595E-11
0.00296631 0.0494386 7.51758E-11
0.0138647 0.231079 7.43657E-11
0.00500245 0.0833741 7.5464E-11
0.00834228 0.139038 7.42186E-11
0.000300294 0.00500489 7.60369E-11
0.00444581 0.0740968 7.48196E-11
-0.00473877 0.0789796 7.51434E-11
-0.0116089 0.193482 7.57024E-11
0.0054419 0.0906983 7.59473E-11
0.000695801 0.0115967 7.56497E-11
0.00488525 0.0814209 7.45774E-11
0.00927978 0.154663 7.59317E-11
0.00662842 0.110474 7.44499E-11
6.59183E-05 0.00109864 7.61503E-11
-0.0107446 0.179077 7.58451E-11
0.00708252 0.118042 7.6105E-11
0.000490723 0.00817872 7.54169E-11
0.00101806 0.0169677 7.5053E-11
0.00629151 0.104858 7.62267E-11
0.00485597 0.0809328 7.51602E-11
0.00636475 0.106079 7.43996E-11
0.00999755 0.166626 7.51375E-11
-0.0183471 0.305786 7.5747E-11
0.000842286 0.0140381 7.61673E-11
0.00450441 0.0750734 7.54023E-11
-0.00145751 0.0242919 7.56948E-11
-0.00651124 0.108521 7.62015E-11
0.0022046 0.0367433 7.60328E-11
-0.00358156 0.0596926 7.48841E-11
-0.00479736 0.0799561 7.57908E-11
-0.012517 0.208617 7.57081E-11
-0.00447511 0.0745851 7.62122E-11
-0.00960205 0.160034 7.61455E-11
6.59183E-05 0.00109864 7.59893E-11
0.00372804 0.0621339 7.5927E-11
0.0122534 0.204223 7.64559E-11
0.00816649 0.136108 7.61463E-11
0.0100854 0.16809 7.44783E-11
-0.00816649 0.136108 7.63874E-11
-0.00478271 0.0797119 7.56784E-11
0.0108178 0.180297 7.60016E-11
-0.026682 0.444701 7.55054E-11
0.00243897 0.0406496 7.56625E-11
0.00375733 0.0626221 7.63495E-11
0.00145751 0.0242919 7.58554E-11
-0.00427003 0.0711671 7.54841E-11
0.0016626 0.0277099 7.6203E-11
-0.000563965 0.00939942 7.56379E-11
0.0067749 0.112915 7.54974E-11
-0.00410888 0.0684814 7.60431E-11
0.0274146 0.45691 7.57751E-11
0.00279053 0.0465088 7.51298E-11
0.000109864 0.00183106 7.52398E-11
-8.05667E-05 0.00134278 7.61016E-11
0.00513429 0.0855714 7.53911E-11
0.00648194 0.108032 7.56523E-11
0.00281982 0.0469971 7.47978E-11
-0.0025122 0.0418701 7.51791E-11
0.00145751 0.0242919 7.6134E-11
-0.00484132 0.0806886 7.4388E-11
-0.00636475 0.106079 7.63605E-11
0.00154541 0.0257568 7.59529E-11
0.00468018 0.078003 7.46112E-11
0.00422608 0.0704346 7.60401E-11
0.00302491 0.0504153 7.60624E-11
0.00403565 0.0672608 7.5869E-11
-0.0153588 0.25598 7.60352E-11
0.00254151 0.0423584 7.62411E-11
0.0116822 0.194703 7.59652E-11
0.00176514 0.0294189 7.61038E-11
0.00142822 0.0238037 7.57434E-11
0.0154614 0.25769 7.46855E-11
0.00267333 0.0445556 7.65425E-11
0.00684814 0.114136 7.54615E-11
0.00261474 0.0435791 7.58185E-11
0.00185303 0.0308838 7.50678E-11
-0.00853271 0.142212 7.65292E-11
0.0138794 0.231323 7.57085E-11
-0.00451906 0.0753176 7.58031E-11
0.0115064 0.191773 7.47228E-11
0.0169701 0.282835 7.45592E-11
0.00796143 0.13269 7.56361E-11
-0.00485597 0.0809328 7.65051E-11
-0.00134034 0.0223389 7.60741E-11
0.00479736 0.0799561 7.5359E-11
0.00435792 0.0726319 7.52624E-11
-0.00369873 0.0616456 7.57242E-11
0.00573487 0.0955811 7.6149E-11
0.0096753 0.161255 7.60459E-11
0.000314942 0.00524903 7.59713E-11
0.0151684 0.252808 7.58739E-11
-0.00762452 0.127075 7.55923E-11
-0.00239503 0.0399171 7.44436E-11
0.00714112 0.119019 7.44652E-11
0.00114991 0.0191651 7.60081E-11
0.00145751 0.0242919 7.61057E-11
-0.0114917 0.191529 7.56131E-11
0.000329591 0.00549318 7.57533E-11
0.00135498 0.0225831 7.64617E-11
-0.00114991 0.0191651 7.61415E-11
0.0087085 0.145142 7.55172E-11
-0.00875243 0.145874 7.59145E-11
0.00963134 0.160522 7.59514E-11
-0.00999755 0.166626 7.64679E-11
-0.00888428 0.148071 7.6039E-11
0.0105688 0.176147 7.58969E-11
-0.00301026 0.0501711 7.73428E-11
0.010891 0.181517 7.56005E-11
0.0022046 0.0367433 7.45635E-11
0.00926514 0.154419 7.46075E-11
-0.00381592 0.0635987 7.57996E-11
-0.00941162 0.15686 7.58969E-11
0.00302491 0.0504153 7.57545E-11
-0.00955811 0.159302 7.57429E-11
0.0104662 0.174437 7.59427E-11
0.0204125 0.340209 7.55865E-11
-0.0125756 0.209593 7.61287E-11
0.00197021 0.0328369 7.49251E-11
-0.012019 0.200317 7.58446E-11
0.00739014 0.123169 7.45882E-11
-0.00415284 0.0692139 7.62281E-11
0.00330322 0.0550537 7.71178E-11
0.0026001 0.0433349 7.55802E-11
0.00104737 0.0174561 7.43268E-11
-0.000754395 0.0125733 7.57508E-11
0.00177978 0.0296631 7.61546E-11
-0.00396242 0.0660403 7.62326E-11
-0.00284912 0.0474853 7.62647E-11
-0.0140845 0.234742 7.61833E-11
-0.000944824 0.0157471 7.62089E-11
0.0130737 0.217896 7.43516E-11
0.00387452 0.0645753 7.53489E-11
0.0166625 0.277709 7.5787E-11
0.00195557 0.0325928 7.56277E-11
0.00131103 0.0218506 7.43707E-11
-0.00173584 0.0289306 7.45551E-11
-0.0114038 0.190063 7.62213E-11
0.0162231 0.270386 7.56141E-11
0.00353761 0.0589601 7.62583E-11
-0.00570557 0.0950928 7.61575E-11
-0.00312745 0.0521241 7.57172E-11
0.00563233 0.0938721 7.60269E-11
0.00823974 0.137329 7.50587E-11
-0.00639406 0.106568 7.55454E-11
-0.00440185 0.0733642 7.5175E-11
0.00929443 0.154907 7.47245E-11
-0.00320068 0.0533448 7.58918E-11
0.00123779 0.0206298 7.56182E-11
0.0141137 0.235228 7.46283E-11
-0.0021167 0.0352784 7.4307E-11
-0.00460694 0.0767823 7.44938E-11
-0.0127221 0.212035 7.50355E-11
0.00721437 0.120239 7.61739E-11
-0.00315674 0.0526123 7.45458E-11
0.00605713 0.100952 7.55468E-11
-0.00596923 0.0994872 7.59115E-11
-0.00365479 0.0609132 7.5884E-11
-0.00119385 0.0198974 7.57939E-11
-0.00697999 0.116333 7.60381E-11
0.00368409 0.0614015 7.57053E-11
-0.00561767 0.0936279 7.62443E-11
0.00787354 0.131226 7.5585E-11
0.0104516 0.174193 7.43778E-11
0.00302491 0.0504153 7.55798E-11
-0.0011792 0.0196533 7.62021E-11
-0.0131176 0.218628 7.59479E-11
-0.00563233 0.0938721 7.61908E-11
-0.000974122 0.0162354 7.56218E-11
0.000314942 0.00524903 7.44268E-11
-0.00498779 0.0831299 7.60545E-11
-0.00295167 0.0491944 7.62402E-11
0.0120336 0.200561 7.48245E-11
-0.00113525 0.0189209 7.61494E-11
-0.00103272 0.0172119 7.56672E-11
-0.00177978 0.0296631 7.57902E-11
-0.0125756 0.209593 7.61075E-11
0.00236572 0.0394287 7.43692E-11
0.00308351 0.0513918 7.59022E-11
0.00320068 0.0533448 7.56245E-11
-0.00199952 0.0333253 7.57626E-11
-0.00424072 0.0706787 7.58155E-11
-0.00446046 0.0743409 7.48743E-11
0.00651124 0.108521 7.61784E-11
0.00279053 0.0465088 7.55737E-11
0.0154906 0.258178 7.51963E-11
0.00252685 0.0421142 7.56748E-11
-0.00238038 0.0396729 7.60737E-11
-0.0123998 0.206663 7.45642E-11
-0.029436 0.4906 7.5221E-11
-0.000300294 0.00500489 7.60268E-11
-0.00320068 0.0533448 7.59808E-11
-0.0059253 0.0987549 7.58171E-11
-0.00577881 0.0963136 7.60407E-11
-0.00207276 0.0345461 7.60602E-11
