0.00407959 0.0679932 1.15493E-10
0.00494386 0.0823976 1.1439E-10
-0.0049292 0.0821534 1.1562E-10
9.5215E-05 0.00158692 1.14544E-10
-0.00163329 0.0272216 1.1456E-10
0.00150147 0.0250244 1.15095E-10
0.00884032 0.147339 1.14206E-10
0.0112134 0.186889 1.15013E-10
0.0168823 0.281372 1.14689E-10
0.0101147 0.168579 1.13894E-10
-0.00204347 0.0340578 1.14388E-10
-0.00897217 0.149536 1.14197E-10
-0.0202075 0.336792 1.13925E-10
-0.006438 0.1073 1.15997E-10
-0.00731691 0.121948 1.1612E-10
0.00821045 0.136841 1.16223E-10
-0.00287842 0.0479736 1.13928E-10
-0.0180834 0.30139 1.1388E-10
0.00242432 0.0404054 1.14981E-10
0.0100415 0.167358 1.14345E-10
-0.00267333 0.0445556 1.14646E-10
-0.00281982 0.0469971 1.14205E-10
0.0119311 0.198852 1.13992E-10
-0.00309815 0.0516358 1.16007E-10
0.0108764 0.181273 1.14502E-10
-0.00487061 0.0811768 1.1489E-10
0.00258545 0.0430908 1.16056E-10
-0.00800537 0.133423 1.12342E-10
-0.0132055 0.220091 1.134E-10
-0.00624756 0.104126 1.12282E-10
-0.000900879 0.0150147 1.15132E-10
-0.00385987 0.0643311 1.1462E-10
-0.0100122 0.16687 1.14772E-10
-0.00334717 0.0557863 1.11925E-10
0.00245362 0.0408937 1.15127E-10
-0.00325927 0.0543213 1.1427E-10
0.00645264 0.107544 1.14924E-10
-0.0078003 0.130005 1.15576E-10
0.0121216 0.202027 1.13324E-10
0.000739747 0.0123291 1.1501E-10
-0.000695801 0.0115967 1.15491E-10
-0.0161939 0.269898 1.13009E-10
0.00267333 0.0445556 1.16455E-10
-0.00621827 0.103638 1.15652E-10
0.00510499 0.0850831 1.13704E-10
0.00369873 0.0616456 1.14715E-10
-0.00459228 0.0765381 1.15971E-10
5.12697E-05 0.000854496 1.15929E-10
0.00520752 0.0867919 1.15354E-10
0.0133959 0.223265 1.15777E-10
-0.0127954 0.213256 1.13061E-10
-0.00816649 0.136108 1.15014E-10
0.000725098 0.012085 1.15244E-10
0.00695068 0.115845 1.15414E-10
-0.00724365 0.120728 1.14373E-10
0.00618897 0.103149 1.1261E-10
-0.00613038 0.102173 1.14921E-10
0.0107738 0.179564 1.15692E-10
0.00885498 0.147583 1.13651E-10
0.0118432 0.197387 1.12849E-10
-0.0108617 0.181029 1.15768E-10
0.00227783 0.0379639 1.14785E-10
-0.0145092 0.24182 1.15059E-10
-0.00315674 0.0526123 1.15466E-10
-0.0100415 0.167358 1.15836E-10
-0.00470948 0.0784913 1.14648E-10
6.59183E-05 0.00109864 1.14796E-10
-0.00500245 0.0833741 1.16181E-10
0.00368409 0.0614015 1.14275E-10
-0.0062622 0.10437 1.14015E-10
0.00201417 0.0335694 1.16607E-10
0.00699463 0.116577 1.14821E-10
-0.00664306 0.110718 1.16145E-10
-0.0087085 0.145142 1.14194E-10
0.0025122 0.0418701 1.15034E-10
7.32425E-06 0.000122071 1.15221E-10
-0.00301026 0.0501711 1.14541E-10
-0.00719972 0.119995 1.15367E-10
0.00542725 0.0904541 1.14267E-10
0.00226319 0.0377198 1.1473E-10
-0.00608642 0.10144 1.13329E-10
-0.00176514 0.0294189 1.13595E-10
0.00857665 0.142944 1.14952E-10
-0.00217529 0.0362549 1.14271E-10
-0.00971924 0.161987 1.14954E-10
0.00756592 0.126099 1.14534E-10
-0.0035083 0.0584717 1.13977E-10
-0.012019 0.200317 1.15545E-10
0.00214601 0.0357668 1.13981E-10
0.00318604 0.0531006 1.14645E-10
-0.00431397 0.0718994 1.12054E-10
-0.000754395 0.0125733 1.15267E-10
0.00684814 0.114136 1.15721E-10
-0.00696533 0.116089 1.14573E-10
-0.000754395 0.0125733 1.14855E-10
-0.00755127 0.125855 1.16032E-10
0.00577881 0.0963136 1.1361E-10
-0.00465089 0.0775148 1.15467E-10
-0.00366945 0.0611574 1.15236E-10
0.00437257 0.0728761 1.13043E-10
-0.00201417 0.0335694 1.14514E-10
-0.00743409 0.123901 1.16148E-10
0.00533936 0.0889893 1.14772E-10
0.00218994 0.0364991 1.15509E-10
-0.0133519 0.222532 1.14958E-10
0.0048999 0.0816651 1.1511E-10
-0.00470948 0.0784913 1.12469E-10
-0.00368409 0.0614015 1.15391E-10
-0.00258545 0.0430908 1.15395E-10
-0.00860596 0.143433 1.128E-10
0.0078003 0.130005 1.1431E-10
0.000490723 0.00817872 1.13807E-10
0.0126488 0.210814 1.14507E-10
0.00949952 0.158325 1.15627E-10
-0.00837157 0.139526 1.14358E-10
-0.00633546 0.105591 1.15157E-10
-0.00421142 0.0701904 1.14679E-10
-0.00841553 0.140259 1.12544E-10
0.00511963 0.0853273 1.13282E-10
-0.0119457 0.199096 1.14769E-10
0.00632081 0.105347 1.15246E-10
0.0140845 0.234742 1.17196E-10
0.000930176 0.0155029 1.14961E-10
-0.0112427 0.187378 1.13381E-10
-0.00607177 0.101196 1.15512E-10
-0.00427003 0.0711671 1.15642E-10
0.0112427 0.187378 1.12426E-10
-0.00388916 0.0648194 1.15912E-10
-0.00510499 0.0850831 1.15277E-10
0.00254151 0.0423584 1.1573E-10
-0.00197021 0.0328369 1.16218E-10
-0.0123266 0.205443 1.14125E-10
0.00494386 0.0823976 1.12863E-10
0.00930907 0.155151 1.15264E-10
0.000666505 0.0111084 1.14516E-10
0.00601318 0.10022 1.17022E-10
0.00043213 0.00720217 1.15014E-10
0.00415284 0.0692139 1.16107E-10
-0.0197973 0.329956 1.1406E-10
-0.00328858 0.0548096 1.14728E-10
-0.00900147 0.150024 1.12638E-10
0.00302491 0.0504153 1.14766E-10
0.00229249 0.0382081 1.16391E-10
-0.00697999 0.116333 1.14123E-10
-0.010144 0.169067 1.15119E-10
-0.00658448 0.109741 1.14224E-10
0.00703858 0.11731 1.1494E-10
-0.000183106 0.00305178 1.15018E-10
-0.000285645 0.00476075 1.13761E-10
0.0048999 0.0816651 1.14999E-10
0.00135498 0.0225831 1.15097E-10
-0.00585206 0.0975343 1.14454E-10
0.00397706 0.0662843 1.14665E-10
-0.00372804 0.0621339 1.14862E-10
0.00687744 0.114624 1.14244E-10
0.00743409 0.123901 1.14476E-10
-0.00563233 0.0938721 1.14752E-10
0.000212403 0.00354005 1.14693E-10
-6.59183E-05 0.00109864 1.13989E-10
0.00514893 0.0858155 1.14967E-10
0.0058667 0.0977783 1.1476E-10
-0.00394777 0.0657961 1.14095E-10
-0.00145751 0.0242919 1.14441E-10
-0.019519 0.325317 1.1293E-10
-0.000373536 0.0062256 1.14172E-10
-0.00440185 0.0733642 1.14036E-10
0.00460694 0.0767823 1.15904E-10
-0.00702393 0.117066 1.15544E-10
0.000285645 0.00476075 1.17042E-10
0.00547119 0.0911865 1.16002E-10
0.00239503 0.0399171 1.1466E-10
-0.00601318 0.10022 1.14338E-10
0.00551514 0.0919189 1.15177E-10
0.00819579 0.136597 1.14426E-10
0.0011792 0.0196533 1.15204E-10
0.00154541 0.0257568 1.15712E-10
0.00831299 0.13855 1.15946E-10
-0.00224854 0.0374756 1.15507E-10
-0.000695801 0.0115967 1.14238E-10
0.00733155 0.122193 1.16427E-10
0.00287842 0.0479736 1.17272E-10
0.00476807 0.0794678 1.13313E-10
-0.00331788 0.0552979 1.15573E-10
0.00816649 0.136108 1.14734E-10
-0.00576416 0.0960694 1.15643E-10
0.0101586 0.169311 1.16538E-10
0.00273194 0.0455323 1.14559E-10
-0.0144359 0.240599 1.16725E-10
-3.66213E-05 0.000610354 1.14413E-10
-0.00513429 0.0855714 1.12945E-10
-0.0124437 0.207396 1.12714E-10
-2.19728E-05 0.000366213 1.1386E-10
-0.00318604 0.0531006 1.15231E-10
-0.0134252 0.223753 1.15818E-10
9.5215E-05 0.00158692 1.1506E-10
0.00535401 0.0892334 1.14102E-10
0.00312745 0.0521241 1.12745E-10
0.00473877 0.0789796 1.15744E-10
-0.00630615 0.105103 1.15609E-10
0.00122315 0.0203858 1.14788E-10
