0.00857665 0.142944 6.51392E-11
-0.00497315 0.0828858 6.51522E-11
0.00466554 0.0777589 6.40386E-11
0.0145385 0.242308 6.37983E-11
0.0200903 0.334839 6.61788E-11
0.00627685 0.104614 6.44252E-11
0.00662842 0.110474 6.50151E-11
-0.00340576 0.0567628 6.40997E-11
-0.00525147 0.0875244 6.42931E-11
-0.021101 0.351683 6.63386E-11
-0.016853 0.280883 6.47444E-11
0.0163696 0.272827 6.44577E-11
-0.00614503 0.102417 6.41198E-11
0.00936767 0.156128 6.45686E-11
0.0125463 0.209105 6.50458E-11
-0.00388916 0.0648194 6.53344E-11
0.00478271 0.0797119 6.43894E-11
-0.00763916 0.127319 6.48869E-11
-0.00396242 0.0660403 6.62949E-11
0.00298097 0.0496828 6.44107E-11
-0.00106201 0.0177003 6.51711E-11
-0.00238038 0.0396729 6.49317E-11
-0.00460694 0.0767823 6.45272E-11
0.00511963 0.0853273 6.45979E-11
0.00787354 0.131226 6.46146E-11
-0.00252685 0.0421142 6.4806E-11
0.00295167 0.0491944 6.43337E-11
0.00309815 0.0516358 6.39632E-11
0.00859131 0.143188 6.45379E-11
-0.00208742 0.0347903 6.49071E-11
-0.0154174 0.256957 6.48112E-11
-0.00336182 0.0560304 6.44883E-11
-0.00973389 0.162231 6.51281E-11
-0.00320068 0.0533448 6.47766E-11
0.0050464 0.0841066 6.41763E-11
-0.0115356 0.192261 6.469E-11
0.00188233 0.0313721 6.46618E-11
0.0174389 0.290648 6.46357E-11
-0.00583742 0.0972903 6.45541E-11
0.00684814 0.114136 6.42493E-11
0.00438721 0.0731202 6.41799E-11
-0.010891 0.181517 6.50137E-11
0.00491456 0.0819093 6.43827E-11
-0.0135131 0.225218 6.47187E-11
0.0175122 0.29187 6.46984E-11
-0.0166039 0.276732 6.43195E-11
0.004563 0.07605 6.49008E-11
-0.0148901 0.248168 6.54373E-11
-0.0118139 0.196898 6.54227E-11
-0.0160034 0.266723 6.47501E-11
0.00539795 0.0899658 6.52633E-11
-0.00479736 0.0799561 6.48875E-11
-0.00881103 0.146851 6.52733E-11
-0.00706787 0.117798 6.45712E-11
-0.0115796 0.192993 6.48122E-11
-0.00719972 0.119995 6.4834E-11
0.0187866 0.31311 6.43542E-11
0.00731691 0.121948 6.49843E-11
0.0135131 0.225218 6.45991E-11
-0.000109864 0.00183106 6.4819E-11
0.0050464 0.0841066 6.46523E-11
0.00239503 0.0399171 6.48346E-11
-0.00722901 0.120484 6.49651E-11
-0.00368409 0.0614015 6.45843E-11
-0.00506105 0.0843508 6.48318E-11
-0.00822509 0.137085 6.43935E-11
-0.0123266 0.205443 6.47208E-11
-0.00179444 0.0299073 6.65041E-11
0.00927978 0.154663 6.51742E-11
0.0031421 0.0523683 6.4319E-11
0.00043213 0.00720217 6.48478E-11
0.0058667 0.0977783 6.4576E-11
-0.00330322 0.0550537 6.47376E-11
0.0150513 0.250855 6.42142E-11
-0.00637941 0.106323 6.64196E-11
0.0138354 0.23059 6.45011E-11
-0.00717042 0.119507 6.43363E-11
0.00695068 0.115845 6.4627E-11
-0.00715576 0.119263 6.49438E-11
0.000944824 0.0157471 6.4523E-11
-0.00944092 0.157349 6.45583E-11
-0.00775635 0.129272 6.44251E-11
-0.0106274 0.177123 6.48135E-11
0.00432862 0.0721436 6.5038E-11
0.00173584 0.0289306 6.43004E-11
-0.000974122 0.0162354 6.42668E-11
0.0176586 0.294311 6.45409E-11
-0.000109864 0.00183106 6.47361E-11
-0.00397706 0.0662843 6.52397E-11
-0.012473 0.207884 6.47214E-11
0.009646 0.160767 6.4333E-11
0.0128393 0.213988 6.42774E-11
0.00425537 0.0709229 6.44728E-11
0.0109643 0.182738 6.42103E-11
0.00888428 0.148071 6.62468E-11
-0.00425537 0.0709229 6.45871E-11
0.0189038 0.315064 6.42632E-11
-0.0101879 0.169799 6.62507E-11
-0.0109643 0.182738 6.47987E-11
-0.0102758 0.171264 6.55227E-11
-0.00506105 0.0843508 6.49378E-11
-0.0072583 0.120972 6.4766E-11
-0.00837157 0.139526 6.46963E-11
0.0140845 0.234742 6.45254E-11
0.000153809 0.00256348 6.47204E-11
-0.0090454 0.150757 6.62484E-11
0.00110596 0.0184326 6.60908E-11
-0.00517822 0.0863037 6.42295E-11
-0.00485597 0.0809328 6.50358E-11
0.00577881 0.0963136 6.54875E-11
-0.0119457 0.199096 6.44461E-11
-0.00120849 0.0201416 6.46734E-11
-0.00062256 0.010376 6.48846E-11
0.00714112 0.119019 6.45315E-11
0.00615967 0.102661 6.62124E-11
-0.000139161 0.00231935 6.41273E-11
0.000915527 0.0152588 6.43497E-11
-0.0155932 0.259887 6.47847E-11
-0.0138354 0.23059 6.47827E-11
0.00380127 0.0633546 6.44665E-11
-0.00545655 0.0909424 6.47201E-11
-0.00567626 0.0946044 6.47276E-11
-0.00397706 0.0662843 6.4609E-11
0.0130737 0.217896 6.47719E-11
0.00990965 0.165161 6.38952E-11
-0.0142162 0.236937 6.47191E-11
-0.00598389 0.0997314 6.45859E-11
0.0136596 0.22766 6.45167E-11
0.00797607 0.132935 6.42334E-11
-0.0217017 0.361695 6.46525E-11
0.00570557 0.0950928 6.42403E-11
0.0102466 0.170777 6.41585E-11
0.00229249 0.0382081 6.53894E-11
-0.00391847 0.0653078 6.60092E-11
-0.00974853 0.162476 6.46202E-11
0.00413818 0.0689697 6.42245E-11
-0.0109057 0.181762 6.48237E-11
-0.00416749 0.0694581 6.46351E-11
0.0123851 0.206419 6.64996E-11
-0.0137915 0.229858 6.53573E-11
0.00601318 0.10022 6.49086E-11
-0.0054419 0.0906983 6.48271E-11
0.00214601 0.0357668 6.50618E-11
-0.00866454 0.144409 6.44844E-11
0.00762452 0.127075 6.44053E-11
-0.00570557 0.0950928 6.40436E-11
0.0113452 0.189087 6.51994E-11
-0.00207276 0.0345461 6.46264E-11
-0.00482666 0.0804444 6.53314E-11
0.0156811 0.261352 6.40934E-11
-0.0189771 0.316285 6.48036E-11
0.00564698 0.0941163 6.51262E-11
0.00793213 0.132202 6.53392E-11
0.00473877 0.0789796 6.49362E-11
-0.00071045 0.0118408 6.45497E-11
-0.01385 0.230834 6.49031E-11
0.00702393 0.117066 6.4664E-11
0.00432862 0.0721436 6.60111E-11
0.00191162 0.0318603 6.47688E-11
0.00236572 0.0394287 6.43465E-11
-0.0063501 0.105835 6.47006E-11
-0.0157983 0.263305 6.48882E-11
0.00147217 0.0245361 6.42507E-11
-0.00422608 0.0704346 6.47057E-11
-0.0163696 0.272827 6.64053E-11
0.00132569 0.0220948 6.42373E-11
-0.00533936 0.0889893 6.45774E-11
0.0156078 0.260131 6.41559E-11
-0.000886231 0.0147705 6.54338E-11
0.0049292 0.0821534 6.42178E-11
0.010891 0.181517 6.43553E-11
-0.00473877 0.0789796 6.47191E-11
-0.0167358 0.27893 6.4595E-11
-0.00503175 0.0838624 6.485E-11
0.0110082 0.183471 6.42901E-11
0.00595459 0.0992432 6.49859E-11
-0.0066577 0.110962 6.45656E-11
-0.00369873 0.0616456 6.62601E-11
0.00782959 0.130493 6.44163E-11
0.00374268 0.062378 6.4398E-11
-0.00101806 0.0169677 6.4285E-11
-0.009646 0.160767 6.48362E-11
-0.00327392 0.0545654 6.49664E-11
0.00443115 0.0738526 6.46832E-11
0.00772705 0.128784 6.38561E-11
-0.0149194 0.248657 6.44584E-11
-0.00248291 0.0413818 6.49385E-11
0.00715576 0.119263 6.46853E-11
-0.0022046 0.0367433 6.44191E-11
-0.00185303 0.0308838 6.46518E-11
0.0124291 0.207152 6.44096E-11
0.00182373 0.0303956 6.41766E-11
0.0212915 0.354858 6.50318E-11
-0.00349366 0.0582276 6.46544E-11
0.00233642 0.0389404 6.44042E-11
-0.000666505 0.0111084 6.39805E-11
-5.12697E-05 0.000854496 6.4217E-11
0.00879639 0.146606 6.43732E-11
0.000314942 0.00524903 6.43706E-11
0.0175415 0.292357 6.39004E-11
