0.0107446 0.179077 6.65233E-11
0.0190209 0.317015 6.67402E-11
0.0129272 0.215453 6.72288E-11
-0.00462159 0.0770264 6.68103E-11
-0.00195557 0.0325928 6.7073E-11
-0.0103783 0.172972 6.73486E-11
0.0163256 0.272093 6.70172E-11
-0.00696533 0.116089 6.68417E-11
0.001604 0.0267334 6.69605E-11
0.0165014 0.275023 6.6973E-11
-0.00353761 0.0589601 6.66046E-11
-0.0111108 0.185181 6.67133E-11
0.0151831 0.253052 6.58999E-11
0.00396242 0.0660403 6.6739E-11
-0.00361086 0.0601809 6.71927E-11
-0.00312745 0.0521241 6.66996E-11
0.0155053 0.258422 6.66907E-11
-0.00840087 0.140015 6.71304E-11
-0.0115356 0.192261 6.67399E-11
0.00989501 0.164917 6.74283E-11
-0.00882567 0.147095 6.71651E-11
0.00189697 0.0316162 6.66481E-11
-0.00484132 0.0806886 6.68169E-11
0.00730226 0.121704 6.71239E-11
-0.0135864 0.226439 6.7329E-11
-0.0030542 0.0509034 6.60979E-11
0.00330322 0.0550537 6.63887E-11
-0.00879639 0.146606 6.70704E-11
-0.00343507 0.0572511 6.70482E-11
-0.004021 0.0670166 6.85432E-11
0.0345336 0.575561 6.72142E-11
-0.0050171 0.0836183 6.66486E-11
0.00397706 0.0662843 6.65356E-11
-0.00284912 0.0474853 6.66254E-11
0.00440185 0.0733642 6.67802E-11
0.00996824 0.166137 6.60343E-11
0.00460694 0.0767823 6.65647E-11
-0.00236572 0.0394287 6.70235E-11
-0.000549317 0.00915528 6.67719E-11
-0.00648194 0.108032 6.78856E-11
0.00364015 0.0606691 6.72511E-11
-0.00216065 0.0360108 6.69027E-11
-0.0107738 0.179564 6.67896E-11
-0.00216065 0.0360108 6.68866E-11
-0.00138428 0.0230713 6.60316E-11
-0.00239503 0.0399171 6.74812E-11
-0.0162231 0.270386 6.68986E-11
0.0129711 0.216186 6.61963E-11
0.0049292 0.0821534 6.80929E-11
0.0107299 0.178832 6.66453E-11
-0.0146557 0.244262 6.6931E-11
-0.00435792 0.0726319 6.66988E-11
0.0016626 0.0277099 6.67236E-11
-0.00431397 0.0718994 6.6918E-11
-0.0052954 0.0882567 6.69967E-11
-0.00730226 0.121704 6.695E-11
-0.0112427 0.187378 6.69294E-11
0.00284912 0.0474853 6.66185E-11
-0.000402833 0.00671388 6.7101E-11
-0.00804931 0.134155 6.69751E-11
0.00242432 0.0404054 6.67994E-11
-0.000490723 0.00817872 6.63909E-11
0.00711183 0.11853 6.69574E-11
-0.0169409 0.282348 6.67878E-11
0.0202954 0.338257 6.66971E-11
-0.0011792 0.0196533 6.73597E-11
-0.00531006 0.0885009 6.69138E-11
0.00229249 0.0382081 6.72618E-11
-0.000725098 0.012085 6.73737E-11
-0.00324463 0.0540772 6.70174E-11
0.0131615 0.219358 6.65836E-11
-0.00488525 0.0814209 6.7193E-11
-0.00246826 0.0411377 6.7078E-11
0.00976319 0.16272 6.76791E-11
-0.0127954 0.213256 6.69204E-11
0.0105688 0.176147 6.67442E-11
-0.00954345 0.159058 6.59133E-11
-0.00872314 0.145386 6.72019E-11
0.0110376 0.183959 6.70573E-11
-0.00179444 0.0299073 6.70695E-11
0.00163329 0.0272216 6.69626E-11
0.00709717 0.118286 6.60506E-11
0.00425537 0.0709229 6.64905E-11
0.00897217 0.149536 6.6875E-11
0.00280518 0.0467529 6.68286E-11
-0.00110596 0.0184326 6.7652E-11
-0.00434326 0.0723878 6.71489E-11
0.00122315 0.0203858 6.73267E-11
0.00139893 0.0233154 6.67605E-11
-0.0137768 0.229613 6.6763E-11
-0.00719972 0.119995 6.72461E-11
0.000578614 0.00964357 6.71882E-11
0.0129272 0.215453 6.68784E-11
0.0068335 0.113892 6.67273E-11
-0.00676024 0.112671 6.70433E-11
-0.00576416 0.0960694 6.71289E-11
-0.0110376 0.183959 6.67759E-11
0.0109936 0.183227 6.69711E-11
0.00141357 0.0235596 6.68145E-11
0.00519286 0.0865477 6.66727E-11
-0.0172777 0.287962 6.7303E-11
0.000695801 0.0115967 6.71601E-11
-0.00148682 0.0247803 6.70976E-11
0.0010913 0.0181884 6.71932E-11
0.00293702 0.0489503 6.64597E-11
0.00257079 0.0428466 6.70177E-11
-0.00142822 0.0238037 6.61173E-11
-0.0100707 0.167846 6.67113E-11
0.000183106 0.00305178 6.69257E-11
-0.00188233 0.0313721 6.68829E-11
-0.00312745 0.0521241 6.55684E-11
-0.00249756 0.0416259 6.6517E-11
-0.00837157 0.139526 6.68765E-11
-0.0145385 0.242308 6.68766E-11
-0.00941162 0.15686 6.6845E-11
0.00156005 0.0260009 6.59045E-11
-0.0110082 0.183471 6.71402E-11
0.00533936 0.0889893 6.67547E-11
0.000314942 0.00524903 6.70328E-11
0.0204272 0.340453 6.67568E-11
-0.0101879 0.169799 6.68543E-11
-0.00747804 0.124634 6.68933E-11
0.010935 0.18225 6.69019E-11
-0.000212403 0.00354005 6.65979E-11
0.00318604 0.0531006 6.68236E-11
-0.00542725 0.0904541 6.70944E-11
0.00468018 0.078003 6.72074E-11
-0.000959473 0.0159912 6.61726E-11
-0.00741945 0.123657 6.65262E-11
-0.0127221 0.212035 6.75257E-11
-0.00640871 0.106812 6.72987E-11
0.00882567 0.147095 6.7232E-11
-0.00183839 0.0306398 6.70615E-11
-0.000183106 0.00305178 6.65844E-11
-0.0138647 0.231079 6.7184E-11
-0.0184204 0.307007 6.65415E-11
0.000314942 0.00524903 6.69296E-11
0.00487061 0.0811768 6.76839E-11
-0.00700929 0.116821 6.67414E-11
-0.0153735 0.256224 6.72241E-11
0.00494386 0.0823976 6.71188E-11
-0.00881103 0.146851 6.78803E-11
0.00364015 0.0606691 6.66445E-11
0.0140258 0.233764 6.75202E-11
-0.0128832 0.214721 6.67743E-11
-0.0215698 0.359497 6.88126E-11
-0.0163696 0.272827 6.73696E-11
-0.000139161 0.00231935 6.69365E-11
-0.021394 0.356567 6.68809E-11
0.00617431 0.102905 6.6991E-11
0.000959473 0.0159912 6.70592E-11
-0.00229249 0.0382081 6.72188E-11
-0.0202367 0.337279 6.70909E-11
0.0176733 0.294555 6.69766E-11
-0.00287842 0.0479736 6.71816E-11
-0.0104369 0.173948 6.71665E-11
0.0109057 0.181762 6.71805E-11
0.00372804 0.0621339 6.67714E-11
-0.00257079 0.0428466 6.71069E-11
0.000461426 0.00769043 6.71613E-11
0.00416749 0.0694581 6.65373E-11
-0.000871582 0.0145264 6.68777E-11
0.0144652 0.241087 6.63078E-11
0.00454836 0.0758059 6.71781E-11
-5.12697E-05 0.000854496 6.70453E-11
-0.017849 0.297484 6.69814E-11
0.00134034 0.0223389 6.68153E-11
0.00642336 0.107056 6.67285E-11
-0.0101294 0.168823 6.70181E-11
-0.00470948 0.0784913 6.6852E-11
0.00998289 0.166381 6.7153E-11
-0.000812989 0.0135498 6.68715E-11
0.0067749 0.112915 6.66692E-11
0.00298097 0.0496828 6.70333E-11
0.00585206 0.0975343 6.68005E-11
0.00513429 0.0855714 6.72329E-11
-0.0116382 0.19397 6.70648E-11
-0.0100268 0.167113 6.6586E-11
0.0208373 0.347288 6.68228E-11
-0.00741945 0.123657 6.78401E-11
-0.0121216 0.202027 6.71928E-11
-0.00296631 0.0494386 6.66814E-11
-0.00407959 0.0679932 6.64874E-11
-0.00497315 0.0828858 6.74023E-11
0.00916259 0.15271 6.59999E-11
-0.0053247 0.0887451 6.67317E-11
-0.0124584 0.20764 6.67147E-11
-0.00579347 0.0965578 6.73109E-11
0.00702393 0.117066 6.58193E-11
0.000754395 0.0125733 6.60772E-11
0.00791749 0.131958 6.67898E-11
0.00425537 0.0709229 6.71482E-11
0.00829834 0.138306 6.65824E-11
-0.000827638 0.013794 6.68819E-11
-0.00132569 0.0220948 6.69132E-11
0.0105101 0.175169 6.71013E-11
-0.00695068 0.115845 6.67292E-11
-0.00216065 0.0360108 6.65724E-11
0.00700929 0.116821 6.70447E-11
-0.0035962 0.0599367 6.65879E-11
