-0.0188305 0.313842 7.21514E-11
-0.0162231 0.270386 7.20873E-11
0.00700929 0.116821 7.15861E-11
0.00421142 0.0701904 7.23354E-11
0.0096167 0.160278 7.23709E-11
-0.00381592 0.0635987 7.21318E-11
-0.00274659 0.0457764 7.24943E-11
0.0133373 0.222288 7.26948E-11
0.00289307 0.0482178 7.34075E-11
-0.0131323 0.218872 7.31399E-11
-0.00328858 0.0548096 7.19001E-11
-0.00287842 0.0479736 7.2578E-11
-0.00787354 0.131226 7.32896E-11
0.000256348 0.00427247 7.26081E-11
-0.00164795 0.0274658 7.2404E-11
0.0135424 0.225707 7.21324E-11
-0.00513429 0.0855714 7.20417E-11
-0.00448975 0.0748292 7.22828E-11
0.00062256 0.010376 7.20679E-11
0.0137475 0.229125 7.21243E-11
-0.00240968 0.0401613 7.19753E-11
0.00572021 0.0953369 7.26205E-11
-0.0035083 0.0584717 7.22317E-11
-0.0144213 0.240355 7.20868E-11
0.00545655 0.0909424 7.19775E-11
-0.0026001 0.0433349 7.24681E-11
0.00450441 0.0750734 7.22816E-11
0.000651857 0.0108643 7.2185E-11
-0.00239503 0.0399171 7.21604E-11
0.00564698 0.0941163 7.22884E-11
0.00397706 0.0662843 7.17468E-11
0.0145531 0.242553 7.21216E-11
-0.00429931 0.0716553 7.4032E-11
0.00828368 0.138061 7.20311E-11
0.000285645 0.00476075 7.22598E-11
0.00555908 0.0926513 7.20519E-11
-0.000329591 0.00549318 7.30675E-11
-0.0145971 0.243285 7.25408E-11
-0.000227051 0.00378418 7.21692E-11
0.000168458 0.00280763 7.27648E-11
0.00293702 0.0489503 7.20585E-11
-0.00276123 0.0460205 7.22317E-11
-0.0113745 0.189575 7.17966E-11
-0.0132787 0.221312 7.24428E-11
0.0145092 0.24182 7.20302E-11
-0.00557372 0.0928954 7.22788E-11
-0.00308351 0.0513918 7.20054E-11
0.00503175 0.0838624 7.25719E-11
0.0117261 0.195435 7.29153E-11
-0.00821045 0.136841 7.3203E-11
0.00308351 0.0513918 7.20161E-11
0.00369873 0.0616456 7.34022E-11
0.00284912 0.0474853 7.20197E-11
-0.00560302 0.0933837 7.20461E-11
0.005896 0.0982666 7.25874E-11
0.000212403 0.00354005 7.19683E-11
-0.00645264 0.107544 7.21994E-11
-0.0104955 0.174925 7.27128E-11
-0.00302491 0.0504153 7.26623E-11
-0.0160327 0.267212 7.30514E-11
0.00487061 0.0811768 7.2707E-11
0.0192406 0.320678 7.2068E-11
-0.00491456 0.0819093 7.2008E-11
-0.00664306 0.110718 7.23005E-11
-0.000725098 0.012085 7.21747E-11
-0.00539795 0.0899658 7.17904E-11
-0.000637208 0.0106201 7.2308E-11
0.00192626 0.0321044 7.24534E-11
0.0111987 0.186645 7.25197E-11
0.00784424 0.130737 7.17242E-11
-0.00782959 0.130493 7.17986E-11
-0.0104662 0.174437 7.22076E-11
-0.00497315 0.0828858 7.1894E-11
0.000314942 0.00524903 7.21371E-11
-0.00523682 0.0872803 7.24908E-11
0.00135498 0.0225831 7.22403E-11
-0.00330322 0.0550537 7.2407E-11
-0.00175048 0.0291747 7.36963E-11
-0.00700929 0.116821 7.20845E-11
-0.00460694 0.0767823 7.3991E-11
0.0135717 0.226195 7.27873E-11
0.0336987 0.561646 7.18997E-11
-0.00336182 0.0560304 7.24019E-11
0.0142455 0.237425 7.19049E-11
-0.0104369 0.173948 7.23115E-11
-0.0073755 0.122925 7.24205E-11
-0.00428467 0.0714112 7.20597E-11
-0.0170141 0.283568 7.31816E-11
-0.00355225 0.0592042 7.211E-11
-0.00223389 0.0372314 7.23347E-11
0.00621827 0.103638 7.2416E-11
0.0054419 0.0906983 7.18143E-11
-0.00151612 0.0252686 7.24402E-11
-0.00985107 0.164185 7.21132E-11
-0.00681885 0.113647 7.23022E-11
-0.00286376 0.0477294 7.22328E-11
-0.0140698 0.234497 7.23282E-11
0.0153441 0.255736 7.24708E-11
0.0116675 0.194459 7.22365E-11
0.0123998 0.206663 7.16595E-11
0.00533936 0.0889893 7.19969E-11
-0.00176514 0.0294189 7.28381E-11
0.00574952 0.0958253 7.19978E-11
-0.0144799 0.241332 7.34241E-11
-0.00714112 0.119019 7.22836E-11
-0.000285645 0.00476075 7.25232E-11
-0.0122534 0.204223 7.24106E-11
-0.00673096 0.112183 7.22342E-11
0.00569092 0.0948486 7.19927E-11
0.00416749 0.0694581 7.19964E-11
-0.0067456 0.112427 7.25201E-11
-0.00979248 0.163208 7.30256E-11
-0.00330322 0.0550537 7.22099E-11
0.0186547 0.310912 7.2995E-11
0.000988771 0.0164795 7.35043E-11
-0.00627685 0.104614 7.21777E-11
-0.00136964 0.0228273 7.21704E-11
0.0102758 0.171264 7.15719E-11
0.00383058 0.0638429 7.35867E-11
-0.0022046 0.0367433 7.30576E-11
-0.0157837 0.263062 7.32958E-11
0.0190648 0.317747 7.20005E-11
-0.00163329 0.0272216 7.20535E-11
-0.00223389 0.0372314 7.1988E-11
-0.00210206 0.0350343 7.19726E-11
0.000593263 0.00988771 7.20574E-11
-0.000666505 0.0111084 7.30908E-11
-0.00167724 0.0279541 7.20454E-11
0.0172045 0.286743 7.20087E-11
-0.00933837 0.15564 7.26717E-11
-0.00180909 0.0301514 7.28693E-11
0.00403565 0.0672608 7.20453E-11
0.000842286 0.0140381 7.20264E-11
-0.0200024 0.333374 7.26622E-11
0.0121655 0.202758 7.13105E-11
-0.00593995 0.0989991 7.09282E-11
-0.00497315 0.0828858 7.36547E-11
-0.00503175 0.0838624 7.22967E-11
-0.00469482 0.0782471 7.21463E-11
0.00847412 0.141235 7.1759E-11
0.00775635 0.129272 7.24245E-11
0.0067456 0.112427 7.24202E-11
-0.00736085 0.122681 7.20501E-11
-0.0059253 0.0987549 7.18425E-11
0.00369873 0.0616456 7.23196E-11
-0.0016919 0.0281983 7.21865E-11
-0.00794677 0.132446 7.19997E-11
0.00460694 0.0767823 7.20451E-11
0.00888428 0.148071 7.2206E-11
-0.00503175 0.0838624 7.31307E-11
0.000139161 0.00231935 7.28904E-11
0.000124513 0.00207521 7.23238E-11
0.0110376 0.183959 7.27987E-11
-0.0165307 0.275512 7.21983E-11
-0.00828368 0.138061 7.23681E-11
0.00835693 0.139282 7.20096E-11
0.00343507 0.0572511 7.25711E-11
-0.00670165 0.111694 7.21069E-11
-0.00135498 0.0225831 7.25538E-11
-0.00107666 0.0179443 7.20394E-11
0.00475343 0.0792238 7.17365E-11
0.016018 0.266967 7.21601E-11
-0.00661377 0.110229 7.17687E-11
0.0171313 0.285521 7.2282E-11
0.00232177 0.0386963 7.34016E-11
-9.5215E-05 0.00158692 7.22743E-11
-0.00591064 0.0985108 7.32002E-11
-0.00157471 0.0262451 7.30827E-11
0.000534668 0.00891113 7.26882E-11
-0.00629151 0.104858 7.2139E-11
0.00381592 0.0635987 7.37693E-11
-0.0213647 0.356078 7.30651E-11
0.0011792 0.0196533 7.28641E-11
-0.00403565 0.0672608 7.27555E-11
0.00900147 0.150024 7.20657E-11
0.000681153 0.0113526 7.22223E-11
-0.00312745 0.0521241 7.28168E-11
0.000124513 0.00207521 7.2246E-11
0.00799073 0.133179 7.20131E-11
-0.00673096 0.112183 7.19128E-11
0.0125023 0.208372 7.17024E-11
0.0184496 0.307494 7.11767E-11
-0.00582277 0.0970461 7.29761E-11
-0.00119385 0.0198974 7.2099E-11
-0.01385 0.230834 7.10557E-11
0.00818115 0.136352 7.2449E-11
-0.0011792 0.0196533 7.25837E-11
-0.00800537 0.133423 7.33863E-11
-0.00180909 0.0301514 7.19884E-11
-0.0194311 0.323852 7.23246E-11
0.00806396 0.134399 7.22618E-11
0.00809326 0.134888 7.23257E-11
-0.006438 0.1073 7.21877E-11
0.00484132 0.0806886 7.20144E-11
-0.00892822 0.148804 7.26736E-11
-0.0154614 0.25769 7.20803E-11
0.00396242 0.0660403 7.20826E-11
-0.0174096 0.290161 7.24054E-11
-0.00106201 0.0177003 7.25556E-11
0.00104737 0.0174561 7.25889E-11
