2.19728E-05 0.000366213 4.9804E-10
-0.0197973 0.329956 4.87343E-10
0.00365479 0.0609132 4.75786E-10
0.00176514 0.0294189 4.6528E-10
-0.00785888 0.130981 4.88769E-10
-0.00238038 0.0396729 4.75419E-10
0.00052002 0.008667 4.85886E-10
0.00388916 0.0648194 4.62557E-10
-0.0002417 0.00402833 4.89568E-10
-0.005896 0.0982666 4.52213E-10
0.000944824 0.0157471 4.75197E-10
0.00226319 0.0377198 4.74949E-10
0.00309815 0.0516358 4.86699E-10
-0.000871582 0.0145264 4.75541E-10
-0.00287842 0.0479736 4.84063E-10
-0.00935303 0.155884 4.6546E-10
0.00588134 0.0980224 4.60977E-10
-0.00618897 0.103149 4.98884E-10
0.00536865 0.0894775 4.72719E-10
-0.00510499 0.0850831 4.70554E-10
-0.0105101 0.175169 4.63948E-10
-0.00711183 0.11853 4.73785E-10
0.00487061 0.0811768 4.84251E-10
0.00746339 0.12439 4.86961E-10
0.0119018 0.198364 4.96574E-10
0.00888428 0.148071 4.66654E-10
0.00572021 0.0953369 4.76111E-10
-0.00116455 0.0194092 4.76234E-10
-0.00989501 0.164917 4.64374E-10
-0.00709717 0.118286 4.65024E-10
-0.00167724 0.0279541 4.85404E-10
0.00484132 0.0806886 4.83334E-10
0.00695068 0.115845 4.75446E-10
0.000490723 0.00817872 4.65737E-10
0.00558837 0.0931396 4.97542E-10
0.00393312 0.0655519 4.75581E-10
-0.0135864 0.226439 4.61608E-10
0.00138428 0.0230713 4.73138E-10
-0.00339112 0.0565187 4.63741E-10
0.00462159 0.0770264 4.58954E-10
-0.00388916 0.0648194 4.88251E-10
-0.00535401 0.0892334 4.87423E-10
-0.000563965 0.00939942 4.89227E-10
0.00043213 0.00720217 4.86187E-10
-0.000769043 0.0128174 4.7517E-10
0.0002417 0.00402833 4.85719E-10
-0.00331788 0.0552979 4.63951E-10
-0.00236572 0.0394287 4.76721E-10
0.00403565 0.0672608 4.87316E-10
0.00916259 0.15271 4.87187E-10
-0.006438 0.1073 4.76149E-10
-0.00394777 0.0657961 4.97749E-10
-0.00570557 0.0950928 4.86125E-10
0.00465089 0.0775148 4.65362E-10
0.00696533 0.116089 4.75307E-10
0.00339112 0.0565187 4.83272E-10
-0.012019 0.200317 4.60801E-10
-0.00500245 0.0833741 4.86631E-10
-0.000754395 0.0125733 4.64087E-10
-0.00881103 0.146851 4.65888E-10
-0.00388916 0.0648194 4.84014E-10
-0.00416749 0.0694581 4.80225E-10
0.00661377 0.110229 4.7538E-10
-0.00468018 0.078003 4.75453E-10
0.00917725 0.152954 4.86558E-10
0.00406495 0.0677491 4.6443E-10
-0.00145751 0.0242919 4.74751E-10
0.00727296 0.121216 4.64949E-10
-0.00744873 0.124146 4.72484E-10
-0.00495851 0.0826417 4.86691E-10
0.00859131 0.143188 4.79286E-10
-0.00903076 0.150513 4.86881E-10
-0.0039917 0.0665283 4.78991E-10
-0.00201417 0.0335694 4.62343E-10
-0.00654053 0.109009 4.72427E-10
0.0107885 0.179808 4.87034E-10
0.00506105 0.0843508 4.85442E-10
-0.00375733 0.0626221 4.87273E-10
-0.00711183 0.11853 4.75241E-10
0.00633546 0.105591 4.74618E-10
0.005896 0.0982666 4.83253E-10
-0.000827638 0.013794 4.68742E-10
-0.00406495 0.0677491 4.85006E-10
-0.000871582 0.0145264 4.65872E-10
-0.0141429 0.235716 4.86544E-10
-0.00498779 0.0831299 4.96304E-10
-0.0101586 0.169311 4.6185E-10
0.00409423 0.0682372 4.92371E-10
0.00364015 0.0606691 4.76196E-10
0.00755127 0.125855 4.85618E-10
-0.00585206 0.0975343 4.71539E-10
0.0035083 0.0584717 4.77109E-10
0.00563233 0.0938721 4.73027E-10
-0.0142748 0.237914 4.6489E-10
0.00717042 0.119507 4.75176E-10
-0.000329591 0.00549318 4.75784E-10
0.000446778 0.0074463 4.7478E-10
-0.00188233 0.0313721 4.73342E-10
0.00377197 0.0628662 4.86577E-10
0.000388184 0.00646973 4.76041E-10
-0.00582277 0.0970461 4.75907E-10
0.00607177 0.101196 4.65362E-10
-0.00526611 0.0877685 4.88089E-10
0.0133519 0.222532 4.67941E-10
-0.00558837 0.0931396 4.72746E-10
0.00866454 0.144409 4.85569E-10
0.0054419 0.0906983 4.62895E-10
-0.0086792 0.144653 4.8708E-10
-0.000285645 0.00476075 4.76157E-10
-0.00539795 0.0899658 4.87016E-10
-0.00303956 0.0506593 4.73319E-10
0.0133227 0.222045 4.71899E-10
0.00164795 0.0274658 4.75824E-10
0.00267333 0.0445556 4.62478E-10
0.00286376 0.0477294 4.65229E-10
0.00103272 0.0172119 4.85232E-10
0.00446046 0.0743409 4.85468E-10
-0.000300294 0.00500489 4.76467E-10
0.00240968 0.0401613 4.75041E-10
0.000388184 0.00646973 4.75684E-10
0.0126196 0.210326 4.82502E-10
0.00620361 0.103394 4.72586E-10
0.00990965 0.165161 4.72159E-10
0.000168458 0.00280763 4.72127E-10
0.00416749 0.0694581 4.75481E-10
0.00509033 0.0848389 4.61909E-10
-0.00695068 0.115845 4.86837E-10
0.0117992 0.196654 4.64986E-10
-0.00144287 0.0240478 4.62895E-10
-0.00156005 0.0260009 4.73377E-10
0.00636475 0.106079 4.64424E-10
0.00079834 0.0133057 4.77982E-10
-5.12697E-05 0.000854496 4.76195E-10
0.000549317 0.00915528 4.74962E-10
0.0136889 0.228149 4.63045E-10
0.000461426 0.00769043 4.75904E-10
-0.00180909 0.0301514 4.61878E-10
-0.00781495 0.130249 4.70486E-10
0.00788818 0.13147 4.85002E-10
-0.00139893 0.0233154 4.74863E-10
0.010598 0.176634 4.66341E-10
0.00763916 0.127319 4.75548E-10
0.00645264 0.107544 4.75334E-10
-0.00422608 0.0704346 4.67343E-10
0.00199952 0.0333253 4.67557E-10
0.00173584 0.0289306 4.8651E-10
0.000417481 0.00695803 4.6343E-10
-0.0087085 0.145142 4.70959E-10
0.000681153 0.0113526 4.84436E-10
0.0118286 0.197142 4.61956E-10
0.00129639 0.0216064 4.76583E-10
-0.00303956 0.0506593 4.75456E-10
0.000607911 0.0101319 4.72721E-10
-0.00437257 0.0728761 4.96904E-10
-0.010232 0.170533 4.73529E-10
-0.000358888 0.00598146 4.66704E-10
0.00658448 0.109741 4.82902E-10
-0.00528075 0.0880126 4.76795E-10
0.00815185 0.135864 4.75495E-10
-0.00361086 0.0601809 4.86877E-10
0.0053247 0.0887451 4.60884E-10
0.0131176 0.218628 4.84714E-10
-0.00482666 0.0804444 4.86947E-10
-0.00522216 0.0870361 4.89537E-10
0.011184 0.186401 4.71635E-10
0.00523682 0.0872803 4.65759E-10
0.00324463 0.0540772 4.74688E-10
-0.00104737 0.0174561 4.88465E-10
0.00258545 0.0430908 4.76353E-10
0.00217529 0.0362549 4.75008E-10
0.0086499 0.144165 4.64694E-10
0.00583742 0.0972903 4.87404E-10
-0.00857665 0.142944 4.75135E-10
-0.00661377 0.110229 4.86419E-10
0.00936767 0.156128 4.73547E-10
0.00680419 0.113403 4.78541E-10
-0.0102905 0.171508 4.72366E-10
0.0030542 0.0509034 4.85555E-10
0.00692139 0.115356 4.85493E-10
-0.00268799 0.0447998 4.72826E-10
-0.00878173 0.146362 4.6193E-10
0.00207276 0.0345461 4.7311E-10
-0.00651124 0.108521 4.83983E-10
0.0122241 0.203735 4.74913E-10
0.00139893 0.0233154 4.83549E-10
0.00878173 0.146362 4.8686E-10
0.00778564 0.129761 4.64146E-10
-0.000388184 0.00646973 4.68839E-10
-0.00321533 0.0535889 4.86888E-10
0.00378663 0.0631104 4.75612E-10
0.000769043 0.0128174 4.7568E-10
-0.00128173 0.0213622 4.82757E-10
-0.0081079 0.135132 4.65348E-10
-0.014978 0.249633 4.89306E-10
-0.00148682 0.0247803 4.76446E-10
0.00951416 0.158569 4.7177E-10
0.00390382 0.0650636 4.82686E-10
-0.00816649 0.136108 4.75367E-10
-0.000153809 0.00256348 4.76474E-10
-0.009104 0.151733 4.8438E-10
