0.00243897 0.0406496 8.54029E-11
0.00123779 0.0206298 8.56163E-11
0.00207276 0.0345461 8.55037E-11
-0.00138428 0.0230713 8.43157E-11
0.0106567 0.177611 8.36793E-11
0.00100342 0.0167236 8.47282E-11
0.0117992 0.196654 8.58828E-11
-0.00572021 0.0953369 8.4656E-11
8.05667E-05 0.00134278 8.45691E-11
0.00930907 0.155151 8.45787E-11
0.00547119 0.0911865 8.3253E-11
-0.00347901 0.0579834 8.55865E-11
-0.00120849 0.0201416 8.54639E-11
0.00939697 0.156616 8.4627E-11
0.004021 0.0670166 8.4942E-11
0.00702393 0.117066 8.48233E-11
0.0052954 0.0882567 8.54664E-11
0.018435 0.30725 8.5129E-11
0.00450441 0.0750734 8.55661E-11
-0.0054126 0.0902099 8.5455E-11
-0.0178198 0.296997 8.49622E-11
-0.00933837 0.15564 8.44647E-11
0.000549317 0.00915528 8.51539E-11
0.00869384 0.144897 8.37648E-11
0.00347901 0.0579834 8.55694E-11
0.00283447 0.0472412 8.41123E-11
0.00582277 0.0970461 8.35537E-11
-0.0062622 0.10437 8.55039E-11
0.00684814 0.114136 8.50899E-11
-0.00366945 0.0611574 8.5021E-11
0.00913329 0.152222 8.33617E-11
0.0026001 0.0433349 8.59553E-11
-0.000930176 0.0155029 8.4856E-11
0.000270996 0.00451661 8.49545E-11
-0.000124513 0.00207521 8.43555E-11
-0.00371339 0.0618898 8.55672E-11
0.0026294 0.0438233 8.39694E-11
0.0031421 0.0523683 8.45504E-11
0.0117992 0.196654 8.36991E-11
-0.00176514 0.0294189 8.55252E-11
8.05667E-05 0.00134278 8.52008E-11
8.05667E-05 0.00134278 8.51566E-11
0.0114624 0.19104 8.40883E-11
-0.00144287 0.0240478 8.55317E-11
-0.0109057 0.181762 8.43058E-11
-0.00325927 0.0543213 8.50703E-11
0.00859131 0.143188 8.53566E-11
0.0073755 0.122925 8.48316E-11
0.0116968 0.194947 8.56979E-11
-0.00752198 0.125366 8.654E-11
0.00533936 0.0889893 8.51756E-11
-0.00465089 0.0775148 8.51969E-11
-0.00071045 0.0118408 8.53324E-11
-0.00705322 0.117554 8.49029E-11
-0.00283447 0.0472412 8.55039E-11
-0.0059253 0.0987549 8.40326E-11
-0.00412354 0.0687256 8.40888E-11
-0.0142748 0.237914 8.54452E-11
0.00528075 0.0880126 8.49702E-11
0.00850342 0.141724 8.63977E-11
-0.00700929 0.116821 8.51089E-11
0.00364015 0.0606691 8.57103E-11
-0.00043213 0.00720217 8.56568E-11
0.0139086 0.231811 8.56522E-11
0.00804931 0.134155 8.54758E-11
-0.00446046 0.0743409 8.53526E-11
-0.00107666 0.0179443 8.55365E-11
-0.00113525 0.0189209 8.53615E-11
-0.0108178 0.180297 8.54703E-11
-0.00491456 0.0819093 8.51689E-11
-0.0072876 0.12146 8.57682E-11
0.000373536 0.0062256 8.57119E-11
-2.19728E-05 0.000366213 8.58217E-11
-0.0158129 0.263549 8.56472E-11
-0.0205151 0.341918 8.57231E-11
0.00378663 0.0631104 8.5411E-11
-0.00248291 0.0413818 8.4338E-11
-0.000695801 0.0115967 8.55612E-11
-0.000842286 0.0140381 8.42293E-11
-0.00229249 0.0382081 8.54292E-11
-0.012766 0.212767 8.5079E-11
0.0086206 0.143677 8.51007E-11
-0.00806396 0.134399 8.5358E-11
-0.00957275 0.159546 8.58166E-11
-0.00570557 0.0950928 8.52077E-11
-0.0054419 0.0906983 8.56698E-11
-0.000139161 0.00231935 8.47941E-11
-0.00695068 0.115845 8.58275E-11
0.00667235 0.111206 8.57488E-11
0.00747804 0.124634 8.55248E-11
0.00974853 0.162476 8.49871E-11
0.00352296 0.0587159 8.38678E-11
-0.0102758 0.171264 8.55009E-11
0.00832763 0.138794 8.55902E-11
-0.00513429 0.0855714 8.58509E-11
0.0062622 0.10437 8.56342E-11
0.0072583 0.120972 8.55734E-11
-0.000988771 0.0164795 8.53101E-11
-0.00520752 0.0867919 8.44742E-11
0.00434326 0.0723878 8.48563E-11
-0.0103637 0.172728 8.56684E-11
0.00851806 0.141968 8.40141E-11
-0.005896 0.0982666 8.59638E-11
0.000739747 0.0123291 8.52568E-11
0.0121508 0.202514 8.57889E-11
0.0031421 0.0523683 8.51909E-11
-0.00841553 0.140259 8.55338E-11
0.00394777 0.0657961 8.35015E-11
0.00322999 0.0538331 8.57582E-11
-0.016853 0.280883 8.47445E-11
-0.00194092 0.0323486 8.52899E-11
-0.00189697 0.0316162 8.50711E-11
0.00312745 0.0521241 8.57036E-11
-0.000637208 0.0106201 8.46856E-11
0.00218994 0.0364991 8.58172E-11
-0.0117407 0.195678 8.56988E-11
-0.00511963 0.0853273 8.58748E-11
-0.0026001 0.0433349 8.35939E-11
0.000505372 0.00842286 8.43074E-11
0.00719972 0.119995 8.56145E-11
0.00177978 0.0296631 8.41801E-11
0.00999755 0.166626 8.36578E-11
-0.0183031 0.305052 8.57356E-11
-0.00128173 0.0213622 8.51999E-11
-0.00487061 0.0811768 8.42779E-11
0.00769776 0.128296 8.4213E-11
0.0059253 0.0987549 8.56041E-11
0.00103272 0.0172119 8.43343E-11
-0.00186768 0.0311279 8.53767E-11
-0.0122974 0.204957 8.48548E-11
5.12697E-05 0.000854496 8.51628E-11
0.00226319 0.0377198 8.46805E-11
0.00172119 0.0286864 8.50413E-11
-0.00598389 0.0997314 8.56061E-11
-0.00238038 0.0396729 8.56134E-11
0.000285645 0.00476075 8.54183E-11
0.00982178 0.163696 8.54493E-11
-0.00848876 0.141479 8.53436E-11
0.00459228 0.0765381 8.43116E-11
-0.00188233 0.0313721 8.57391E-11
-0.0138354 0.23059 8.50299E-11
-0.00138428 0.0230713 8.37733E-11
-0.0112134 0.186889 8.5275E-11
0.00545655 0.0909424 8.55075E-11
0.000725098 0.012085 8.55601E-11
-0.00443115 0.0738526 8.60353E-11
0.00582277 0.0970461 8.4023E-11
-0.00884032 0.147339 8.39581E-11
0.00495851 0.0826417 8.58749E-11
0.00185303 0.0308838 8.43856E-11
-0.00941162 0.15686 8.39182E-11
0.00667235 0.111206 8.56684E-11
-0.0219653 0.366089 8.50179E-11
-0.00629151 0.104858 8.54356E-11
0.00678955 0.113159 8.53683E-11
0.0102466 0.170777 8.54624E-11
0.00646728 0.107788 8.36147E-11
0.000300294 0.00500489 8.45301E-11
0.00336182 0.0560304 8.48165E-11
0.0116528 0.194214 8.33627E-11
-0.0124877 0.208128 8.46356E-11
-0.00388916 0.0648194 8.48887E-11
0.00339112 0.0565187 8.37495E-11
-0.00290771 0.0484619 8.47197E-11
-0.0011792 0.0196533 8.54969E-11
-0.00136964 0.0228273 8.46584E-11
0.00378663 0.0631104 8.55672E-11
0.0107738 0.179564 8.59434E-11
0.00539795 0.0899658 8.52618E-11
-0.00183839 0.0306398 8.56375E-11
0.000900879 0.0150147 8.55308E-11
0.00629151 0.104858 8.3584E-11
0.0040503 0.0675049 8.41447E-11
0.000402833 0.00671388 8.41897E-11
-0.00119385 0.0198974 8.56965E-11
-0.0134106 0.223509 8.54569E-11
-0.000578614 0.00964357 8.55416E-11
0.00207276 0.0345461 8.39481E-11
-0.00719972 0.119995 8.47472E-11
0.00717042 0.119507 8.48337E-11
0.00699463 0.116577 8.56814E-11
0.00239503 0.0399171 8.44217E-11
-0.0045337 0.0755617 8.42331E-11
0.00336182 0.0560304 8.41282E-11
-0.000124513 0.00207521 8.43831E-11
0.0109057 0.181762 8.42743E-11
-0.0086206 0.143677 8.33704E-11
-0.00736085 0.122681 8.53258E-11
0.00403565 0.0672608 8.37607E-11
0.00355225 0.0592042 8.39222E-11
0.00277588 0.0462646 8.53383E-11
-0.00724365 0.120728 8.47474E-11
-0.00596923 0.0994872 8.48178E-11
0.00071045 0.0118408 8.54198E-11
0.00434326 0.0723878 8.36231E-11
-0.0111401 0.185668 8.553E-11
-0.0148608 0.247681 8.53862E-11
-0.0101879 0.169799 8.36185E-11
-0.00422608 0.0704346 8.56326E-11
-0.00271728 0.0452881 8.57218E-11
