-0.00132569 0.0220948 6.94739E-11
-0.0185815 0.309692 6.8093E-11
-0.00450441 0.0750734 6.84473E-11
0.006438 0.1073 6.85049E-11
0.00784424 0.130737 6.84779E-11
-0.00680419 0.113403 7.03414E-11
0.00277588 0.0462646 6.8156E-11
0.00245362 0.0408937 6.80856E-11
-0.00762452 0.127075 6.94505E-11
-0.0251733 0.419555 6.82176E-11
-0.017307 0.288451 6.82965E-11
0.00719972 0.119995 6.83075E-11
-0.00951416 0.158569 7.02197E-11
-0.00611573 0.101929 6.94621E-11
0.0105395 0.175658 6.85042E-11
-0.0021167 0.0352784 6.99072E-11
-0.00633546 0.105591 6.8194E-11
0.00043213 0.00720217 6.86323E-11
-0.00790284 0.131714 6.83544E-11
0.00652589 0.108765 6.83273E-11
0.0104955 0.174925 7.01699E-11
-0.0146264 0.243773 6.93341E-11
0.011477 0.191284 7.00931E-11
0.0167651 0.279419 6.81579E-11
0.00380127 0.0633546 6.97152E-11
0.000783692 0.0130615 6.9358E-11
-0.0136889 0.228149 6.82525E-11
0.00816649 0.136108 6.88371E-11
0.0220679 0.367798 6.82707E-11
0.00983642 0.16394 6.86591E-11
-0.00330322 0.0550537 6.80619E-11
0.0066577 0.110962 6.84866E-11
-0.00574952 0.0958253 6.82063E-11
0.00446046 0.0743409 6.9161E-11
0.0122387 0.203979 6.97192E-11
-0.0140551 0.234253 6.80993E-11
0.0124145 0.206908 6.81384E-11
0.00286376 0.0477294 6.9461E-11
-0.0208667 0.347778 6.82484E-11
-0.00873779 0.14563 6.81307E-11
-0.010232 0.170533 6.8498E-11
0.0073755 0.122925 6.82203E-11
-0.00311279 0.0518799 6.83068E-11
0.0108031 0.180053 6.84163E-11
0.0073755 0.122925 6.84784E-11
0.00217529 0.0362549 6.82841E-11
0.00358156 0.0596926 6.81823E-11
0.00186768 0.0311279 6.8189E-11
0.00851806 0.141968 6.95749E-11
-0.00233642 0.0389404 6.84418E-11
-0.0052954 0.0882567 6.94225E-11
0.00229249 0.0382081 6.8316E-11
0.00271728 0.0452881 6.82707E-11
-0.0165307 0.275512 6.82019E-11
-0.0134691 0.224486 6.82569E-11
0.00703858 0.11731 6.91323E-11
-0.00523682 0.0872803 7.01537E-11
0.00421142 0.0701904 6.83017E-11
-0.00744873 0.124146 7.01513E-11
0.0218482 0.364137 6.91479E-11
0.0067749 0.112915 6.91538E-11
-0.00756592 0.126099 7.01343E-11
0.000959473 0.0159912 6.8143E-11
0.0140845 0.234742 6.78766E-11
-0.00120849 0.0201416 6.83129E-11
0.0035083 0.0584717 7.02045E-11
0.0074048 0.123413 6.82855E-11
-0.00441651 0.0736084 6.8335E-11
0.0184496 0.307494 6.81648E-11
-0.0110376 0.183959 6.84874E-11
0.0160913 0.268188 6.9188E-11
-0.0182153 0.303588 6.86975E-11
0.00711183 0.11853 6.91274E-11
0.00279053 0.0465088 6.83312E-11
-0.00337647 0.0562746 6.81111E-11
0.0159888 0.26648 6.92568E-11
-0.0114917 0.191529 6.82846E-11
0.0021167 0.0352784 6.8116E-11
-0.0117261 0.195435 6.77166E-11
0.00413818 0.0689697 6.97266E-11
0.0204858 0.341431 6.83202E-11
0.0126488 0.210814 6.988E-11
-0.0130737 0.217896 6.80465E-11
-0.00869384 0.144897 6.9727E-11
-0.0141869 0.236448 6.83686E-11
-0.0121948 0.203247 6.8266E-11
-0.012268 0.204467 7.03482E-11
0.0110522 0.184203 7.00036E-11
-0.00695068 0.115845 6.82255E-11
-0.00180909 0.0301514 6.87011E-11
-0.0196362 0.32727 6.9679E-11
0.00170654 0.0284423 6.81978E-11
0.00913329 0.152222 6.829E-11
0.00760987 0.126831 6.80911E-11
-0.00466554 0.0777589 6.95891E-11
0.0119311 0.198852 6.84157E-11
-0.0111255 0.185425 6.95396E-11
0.00759522 0.126587 6.9041E-11
0.000227051 0.00378418 6.84127E-11
0.00158936 0.0264893 7.01119E-11
0.00522216 0.0870361 7.01845E-11
0.00233642 0.0389404 6.83062E-11
-0.00661377 0.110229 6.88921E-11
-0.0127075 0.211792 6.98399E-11
0.00484132 0.0806886 6.95245E-11
0.000461426 0.00769043 7.03014E-11
-0.00637941 0.106323 7.02716E-11
-0.018728 0.312134 7.01884E-11
0.00352296 0.0587159 6.90862E-11
-0.00197021 0.0328369 7.01392E-11
-0.0101879 0.169799 6.89534E-11
0.00601318 0.10022 6.83822E-11
0.00927978 0.154663 6.80948E-11
0.00561767 0.0936279 6.82049E-11
-0.00772705 0.128784 6.85923E-11
-0.0219507 0.365845 6.85068E-11
3.66213E-05 0.000610354 6.81116E-11
0.00205812 0.0343019 6.95423E-11
-0.00226319 0.0377198 6.86152E-11
-0.00892822 0.148804 6.94885E-11
0.00639406 0.106568 6.9949E-11
0.00435792 0.0726319 6.83624E-11
0.00415284 0.0692139 6.84424E-11
0.00292237 0.0487061 6.80902E-11
0.0217163 0.361938 6.83173E-11
-0.00366945 0.0611574 6.94554E-11
0.00629151 0.104858 6.8363E-11
0.00894287 0.149048 6.95446E-11
0.000153809 0.00256348 6.88709E-11
-0.00818115 0.136352 6.95207E-11
-0.00122315 0.0203858 7.02847E-11
-0.00847412 0.141235 6.87601E-11
0.000988771 0.0164795 6.80652E-11
0.00598389 0.0997314 6.89683E-11
0.0165893 0.276488 6.81087E-11
-0.017307 0.288451 6.87832E-11
0.00128173 0.0213622 6.84993E-11
-0.009104 0.151733 6.82293E-11
0.0108764 0.181273 6.94653E-11
-0.00248291 0.0413818 6.82173E-11
-0.0141137 0.235228 6.85801E-11
0.0118725 0.197875 6.95E-11
-0.00667235 0.111206 6.80134E-11
-0.00703858 0.11731 6.81152E-11
0.00226319 0.0377198 6.82225E-11
-0.00383058 0.0638429 6.97022E-11
-0.000358888 0.00598146 6.92741E-11
-0.00255615 0.0426025 6.80293E-11
-0.000812989 0.0135498 7.01019E-11
-0.0130884 0.21814 6.83448E-11
0.00996824 0.166137 6.83218E-11
0.00188233 0.0313721 6.7984E-11
-0.0167651 0.279419 7.0143E-11
-0.000695801 0.0115967 6.83108E-11
0.0107738 0.179564 6.80717E-11
-0.00485597 0.0809328 6.75202E-11
0.00523682 0.0872803 6.84213E-11
0.00448975 0.0748292 6.83177E-11
-0.0107738 0.179564 6.9886E-11
-0.00254151 0.0423584 6.8148E-11
-0.00572021 0.0953369 6.79892E-11
0.00719972 0.119995 6.82486E-11
0.00141357 0.0235596 6.84195E-11
-0.00249756 0.0416259 6.9353E-11
-0.00583742 0.0972903 7.01209E-11
-0.0121655 0.202758 6.99516E-11
-0.00388916 0.0648194 7.00787E-11
0.000974122 0.0162354 6.86563E-11
0.00601318 0.10022 6.78191E-11
0.019226 0.320433 6.84582E-11
-0.0142308 0.237181 6.93946E-11
-0.00243897 0.0406496 6.82158E-11
-8.05667E-05 0.00134278 6.84817E-11
0.000593263 0.00988771 6.84934E-11
-0.00566162 0.0943603 6.82414E-11
-0.0122387 0.203979 6.88018E-11
0.00217529 0.0362549 6.81142E-11
0.0224635 0.374392 6.83447E-11
0.00103272 0.0172119 6.83368E-11
-0.00739014 0.123169 6.90506E-11
0.00173584 0.0289306 6.96698E-11
0.00996824 0.166137 7.03584E-11
-0.00052002 0.008667 6.88356E-11
-3.66213E-05 0.000610354 6.84058E-11
-9.5215E-05 0.00158692 6.93042E-11
0.00900147 0.150024 6.96492E-11
0.0168384 0.28064 6.80312E-11
-0.00110596 0.0184326 6.82961E-11
0.00900147 0.150024 6.87198E-11
0.00936767 0.156128 6.8957E-11
-0.00648194 0.108032 6.97598E-11
0.00705322 0.117554 6.83854E-11
-0.00129639 0.0216064 6.82929E-11
0.00388916 0.0648194 6.80468E-11
0.00482666 0.0804444 7.02041E-11
-0.00627685 0.104614 6.82378E-11
0.0189038 0.315064 6.83954E-11
0.00179444 0.0299073 6.86907E-11
-0.00205812 0.0343019 6.80967E-11
-0.020852 0.347533 6.93629E-11
