0.000446778 0.0074463 1.36986E-10
0.00153076 0.0255128 1.37961E-10
-0.00412354 0.0687256 1.36023E-10
-0.00375733 0.0626221 1.40479E-10
0.00366945 0.0611574 1.37372E-10
0.00325927 0.0543213 1.38334E-10
0.00199952 0.0333253 1.38651E-10
0.00579347 0.0965578 1.37493E-10
0.00913329 0.152222 1.39031E-10
0.00548583 0.0914306 1.37929E-10
0.00932372 0.155395 1.37251E-10
0.0103051 0.171753 1.36379E-10
0.00261474 0.0435791 1.41602E-10
-0.00185303 0.0308838 1.37137E-10
0.00377197 0.0628662 1.36077E-10
0.00397706 0.0662843 1.36456E-10
0.00629151 0.104858 1.36784E-10
-0.004563 0.07605 1.35321E-10
0.0049292 0.0821534 1.40739E-10
-0.00254151 0.0423584 1.36215E-10
-0.00444581 0.0740968 1.39717E-10
-0.0128246 0.213744 1.3686E-10
-0.00385987 0.0643311 1.38514E-10
-0.0179808 0.299681 1.38715E-10
-0.00554444 0.0924073 1.40302E-10
0.00194092 0.0323486 1.37121E-10
-0.00485597 0.0809328 1.41118E-10
-0.0052954 0.0882567 1.38241E-10
0.00176514 0.0294189 1.39077E-10
3.66213E-05 0.000610354 1.37365E-10
-0.00113525 0.0189209 1.36642E-10
0.00330322 0.0550537 1.37781E-10
0.00711183 0.11853 1.36266E-10
-0.000329591 0.00549318 1.38464E-10
0.00736085 0.122681 1.41172E-10
0.00394777 0.0657961 1.39002E-10
0.00804931 0.134155 1.35721E-10
-0.00892822 0.148804 1.4156E-10
-0.00658448 0.109741 1.37047E-10
0.00312745 0.0521241 1.3855E-10
-0.00651124 0.108521 1.36672E-10
3.66213E-05 0.000610354 1.38245E-10
-0.0002417 0.00402833 1.3851E-10
-0.00239503 0.0399171 1.37243E-10
-0.00239503 0.0399171 1.37101E-10
0.000344239 0.00573732 1.38311E-10
0.00154541 0.0257568 1.38115E-10
0.00884032 0.147339 1.40142E-10
0.00831299 0.13855 1.37423E-10
0.0067456 0.112427 1.39489E-10
0.0021167 0.0352784 1.37781E-10
0.00475343 0.0792238 1.40405E-10
-0.00939697 0.156616 1.37537E-10
0.00248291 0.0413818 1.37327E-10
-0.0137036 0.228393 1.39937E-10
0.00281982 0.0469971 1.35208E-10
0.0052954 0.0882567 1.38039E-10
0.0118432 0.197387 1.36968E-10
-0.00347901 0.0579834 1.38808E-10
0.0121801 0.203003 1.38623E-10
-0.00229249 0.0382081 1.36559E-10
0.000842286 0.0140381 1.38522E-10
0.000534668 0.00891113 1.3943E-10
-0.00394777 0.0657961 1.37259E-10
-0.00340576 0.0567628 1.37134E-10
0.00214601 0.0357668 1.37233E-10
0.000183106 0.00305178 1.39474E-10
-0.000476075 0.00793458 1.39834E-10
0.00588134 0.0980224 1.39112E-10
0.0114917 0.191529 1.38794E-10
-0.00640871 0.106812 1.3936E-10
-0.00287842 0.0479736 1.37842E-10
-0.0163988 0.273314 1.39313E-10
0.00328858 0.0548096 1.38866E-10
-0.00588134 0.0980224 1.3767E-10
0.00167724 0.0279541 1.37644E-10
0.00642336 0.107056 1.37805E-10
0.00257079 0.0428466 1.40296E-10
0.0102905 0.171508 1.37451E-10
-0.00303956 0.0506593 1.3833E-10
-0.00144287 0.0240478 1.37232E-10
-0.00358156 0.0596926 1.36903E-10
0.00388916 0.0648194 1.39341E-10
0.00444581 0.0740968 1.37948E-10
0.00374268 0.062378 1.36775E-10
0.00763916 0.127319 1.39056E-10
-0.00132569 0.0220948 1.36141E-10
-0.0118871 0.198119 1.3774E-10
-0.00258545 0.0430908 1.40257E-10
-0.000974122 0.0162354 1.39577E-10
0.00583742 0.0972903 1.38165E-10
-0.00141357 0.0235596 1.38966E-10
0.0045337 0.0755617 1.37783E-10
0.0121801 0.203003 1.37274E-10
-0.00741945 0.123657 1.37113E-10
0.00462159 0.0770264 1.37528E-10
-0.00138428 0.0230713 1.37686E-10
0.00289307 0.0482178 1.36463E-10
0.00676024 0.112671 1.41452E-10
-0.0072876 0.12146 1.40531E-10
-0.00407959 0.0679932 1.36865E-10
0.00100342 0.0167236 1.36635E-10
-0.0035962 0.0599367 1.379E-10
-9.5215E-05 0.00158692 1.38894E-10
-0.00415284 0.0692139 1.39461E-10
-0.0053247 0.0887451 1.36742E-10
-0.00450441 0.0750734 1.3855E-10
0.00658448 0.109741 1.35811E-10
-0.00119385 0.0198974 1.39964E-10
-0.00936767 0.156128 1.39359E-10
-0.00352296 0.0587159 1.36981E-10
0.00306886 0.0511476 1.3987E-10
-0.00702393 0.117066 1.39156E-10
-0.00525147 0.0875244 1.36223E-10
-0.007771 0.129517 1.40192E-10
-0.00662842 0.110474 1.38314E-10
0.0151831 0.253052 1.40092E-10
-0.010598 0.176634 1.37142E-10
-0.00936767 0.156128 1.3849E-10
0.00407959 0.0679932 1.3721E-10
-0.00221924 0.0369873 1.40512E-10
0.00834228 0.139038 1.37947E-10
-0.00148682 0.0247803 1.37482E-10
-0.00180909 0.0301514 1.3972E-10
-0.000402833 0.00671388 1.37079E-10
0.0126781 0.211303 1.3795E-10
0.00258545 0.0430908 1.40019E-10
-0.00551514 0.0919189 1.37397E-10
0.00615967 0.102661 1.39155E-10
0.00947022 0.157837 1.37104E-10
0.00463623 0.0772706 1.40342E-10
0.00545655 0.0909424 1.40746E-10
0.00481202 0.0802003 1.39472E-10
-0.0107006 0.178343 1.3619E-10
0.00418213 0.0697022 1.40096E-10
0.00240968 0.0401613 1.36539E-10
-0.000358888 0.00598146 1.37608E-10
-0.00213135 0.0355226 1.40092E-10
0.00301026 0.0501711 1.37609E-10
0.00403565 0.0672608 1.35999E-10
0.00916259 0.15271 1.37475E-10
0.010891 0.181517 1.37232E-10
0.00649659 0.108276 1.39399E-10
-0.000270996 0.00451661 1.38752E-10
0.00123779 0.0206298 1.37564E-10
0.00648194 0.108032 1.3706E-10
0.00671631 0.111938 1.38561E-10
-0.000183106 0.00305178 1.40075E-10
0.00700929 0.116821 1.35793E-10
-0.00324463 0.0540772 1.39541E-10
-0.0114038 0.190063 1.41586E-10
-0.00317139 0.0528564 1.38148E-10
0.00721437 0.120239 1.40403E-10
-0.00103272 0.0172119 1.34915E-10
0.00409423 0.0682372 1.38812E-10
0.00799073 0.133179 1.36872E-10
-0.00248291 0.0413818 1.36569E-10
-0.00923584 0.153931 1.40394E-10
-0.00122315 0.0203858 1.37538E-10
0.00551514 0.0919189 1.37275E-10
0.000476075 0.00793458 1.37915E-10
-0.00287842 0.0479736 1.35734E-10
0.000783692 0.0130615 1.37655E-10
-0.00372804 0.0621339 1.40848E-10
0.0081079 0.135132 1.38788E-10
-0.0049292 0.0821534 1.41262E-10
0.00320068 0.0533448 1.37908E-10
0.00280518 0.0467529 1.37249E-10
-0.00831299 0.13855 1.40036E-10
-0.013557 0.225951 1.4001E-10
-0.000109864 0.00183106 1.38283E-10
0.00390382 0.0650636 1.37179E-10
0.00511963 0.0853273 1.36874E-10
0.0125902 0.209837 1.4065E-10
0.0121801 0.203003 1.37473E-10
0.00299562 0.0499269 1.38129E-10
-0.00246826 0.0411377 1.39296E-10
3.66213E-05 0.000610354 1.38988E-10
-0.004021 0.0670166 1.39166E-10
-0.000754395 0.0125733 1.39077E-10
-0.000417481 0.00695803 1.39034E-10
-0.000402833 0.00671388 1.40122E-10
0.00342042 0.0570069 1.37999E-10
-0.00821045 0.136841 1.37405E-10
-0.000124513 0.00207521 1.36285E-10
0.000197755 0.00329592 1.41183E-10
0.00440185 0.0733642 1.37536E-10
0.0129272 0.215453 1.42008E-10
-0.00238038 0.0396729 1.35859E-10
0.000930176 0.0155029 1.39759E-10
-0.0054126 0.0902099 1.38803E-10
0.00221924 0.0369873 1.40416E-10
0.000725098 0.012085 1.38617E-10
0.00882567 0.147095 1.39698E-10
0.00170654 0.0284423 1.35837E-10
0.00443115 0.0738526 1.39642E-10
0.0174682 0.291137 1.37306E-10
0.00296631 0.0494386 1.40435E-10
0.00393312 0.0655519 1.37472E-10
0.00361086 0.0601809 1.4048E-10
