-0.0143627 0.239378 7.05431E-11
0.00409423 0.0682372 7.04668E-11
0.0325269 0.542116 7.05498E-11
-0.00218994 0.0364991 7.2269E-11
0.00290771 0.0484619 7.11455E-11
-0.00684814 0.114136 7.11367E-11
0.011272 0.187867 7.06726E-11
-0.0136156 0.226928 7.05197E-11
0.000388184 0.00646973 7.0453E-11
-0.0177465 0.295776 7.19942E-11
0.0208667 0.347778 7.05399E-11
-0.0104076 0.17346 7.26512E-11
0.00365479 0.0609132 7.2018E-11
0.0263745 0.439575 7.03302E-11
0.0127954 0.213256 7.13361E-11
0.00513429 0.0855714 7.04444E-11
0.0161645 0.269409 7.02749E-11
0.00525147 0.0875244 7.0605E-11
-0.0164282 0.273803 7.055E-11
-0.00267333 0.0445556 7.01502E-11
-0.00308351 0.0513918 7.04672E-11
-0.00157471 0.0262451 7.04619E-11
-0.0109789 0.182982 7.10141E-11
-0.0119018 0.198364 7.07715E-11
0.00845946 0.140991 7.07953E-11
0.0269164 0.448607 7.04474E-11
-0.00273194 0.0455323 7.07266E-11
-0.00879639 0.146606 7.02062E-11
0.000270996 0.00451661 7.03673E-11
0.00697999 0.116333 7.24704E-11
0.004563 0.07605 7.07764E-11
0.0163988 0.273314 7.19907E-11
-0.0171898 0.286498 7.00562E-11
-0.00721437 0.120239 7.04229E-11
-0.00813719 0.13562 6.98874E-11
-0.0107006 0.178343 7.14439E-11
-0.00681885 0.113647 7.25954E-11
-0.000681153 0.0113526 7.22974E-11
0.0269751 0.449584 7.05044E-11
0.00853271 0.142212 7.06697E-11
-0.00693604 0.115601 7.01801E-11
-0.0259203 0.432006 7.06614E-11
-0.00787354 0.131226 7.23101E-11
0.00684814 0.114136 6.98207E-11
0.00177978 0.0296631 7.08694E-11
0.00271728 0.0452881 7.01574E-11
-0.0110815 0.184692 7.25735E-11
0.010891 0.181517 7.0739E-11
-0.005896 0.0982666 6.98143E-11
-0.00135498 0.0225831 7.22475E-11
-0.020808 0.3468 7.0355E-11
-0.00284912 0.0474853 7.06858E-11
-0.013103 0.218383 7.02145E-11
0.0130737 0.217896 7.00253E-11
0.00204347 0.0340578 7.01036E-11
-0.00218994 0.0364991 7.07511E-11
-0.0169994 0.283324 7.05113E-11
0.00949952 0.158325 7.07509E-11
0.0120776 0.201294 6.97644E-11
-0.000197755 0.00329592 7.01456E-11
0.00632081 0.105347 7.18089E-11
0.0050171 0.0836183 7.18476E-11
0.00217529 0.0362549 7.21319E-11
0.0241186 0.401977 7.2365E-11
-0.00342042 0.0570069 7.1762E-11
-0.0169262 0.282103 6.98838E-11
0.00246826 0.0411377 7.04678E-11
0.00451906 0.0753176 7.05552E-11
0.0350609 0.584349 7.10359E-11
-0.0118725 0.197875 7.06236E-11
-0.000988771 0.0164795 7.06088E-11
0.00627685 0.104614 7.04593E-11
-0.00154541 0.0257568 7.05605E-11
-0.00746339 0.12439 7.02915E-11
0.0159448 0.265747 7.00162E-11
-0.00758057 0.126343 7.09901E-11
0.0194604 0.32434 7.0361E-11
0.000930176 0.0155029 7.04082E-11
-0.0141429 0.235716 7.03491E-11
-0.0176733 0.294555 7.18949E-11
0.00243897 0.0406496 7.01896E-11
0.00287842 0.0479736 7.13274E-11
0.0228443 0.380738 7.00864E-11
0.0025122 0.0418701 7.1887E-11
0.0155346 0.25891 7.05391E-11
-0.00431397 0.0718994 7.16965E-11
-0.00605713 0.100952 7.20559E-11
0.00960205 0.160034 6.97808E-11
0.00101806 0.0169677 7.21951E-11
-0.00971924 0.161987 7.03862E-11
0.021145 0.352417 7.19129E-11
-0.00116455 0.0194092 7.11955E-11
-0.00684814 0.114136 7.11059E-11
0.018391 0.306517 7.15405E-11
0.00542725 0.0904541 7.03495E-11
-0.00535401 0.0892334 7.01794E-11
-0.0264185 0.440308 7.14028E-11
0.00301026 0.0501711 7.24331E-11
0.0169994 0.283324 7.12887E-11
-0.0150952 0.251587 7.01653E-11
-0.0116382 0.19397 7.21972E-11
0.0107446 0.179077 7.04871E-11
0.00828368 0.138061 7.21144E-11
0.00826904 0.137817 7.05707E-11
0.0221851 0.369752 7.0329E-11
-0.020852 0.347533 7.10078E-11
0.0239867 0.399779 7.05664E-11
0.00246826 0.0411377 7.12885E-11
-0.0175415 0.292357 7.04115E-11
0.0104076 0.17346 7.0406E-11
0.00585206 0.0975343 7.12687E-11
-0.00860596 0.143433 7.23132E-11
0.0138061 0.230102 7.03866E-11
0.00277588 0.0462646 7.02254E-11
0.00781495 0.130249 7.05064E-11
-0.0121216 0.202027 7.03975E-11
-0.000534668 0.00891113 7.0481E-11
-0.0039917 0.0665283 7.18211E-11
0.017307 0.288451 7.21674E-11
0.0110668 0.184447 7.06105E-11
0.00468018 0.078003 7.03226E-11
0.00637941 0.106323 7.0173E-11
0.0284691 0.474486 7.00536E-11
-0.00229249 0.0382081 7.06815E-11
0.00519286 0.0865477 7.10371E-11
-0.00390382 0.0650636 7.06109E-11
-0.00284912 0.0474853 7.05671E-11
-0.00913329 0.152222 7.02371E-11
-0.0137475 0.229125 7.08457E-11
0.019812 0.3302 7.02953E-11
0.0109497 0.182494 7.09539E-11
-0.0126342 0.21057 7.17833E-11
0.00860596 0.143433 7.01899E-11
-0.0002417 0.00402833 7.22989E-11
-0.0126342 0.21057 7.05064E-11
0.00236572 0.0394287 7.20419E-11
0.00513429 0.0855714 7.05165E-11
0.00353761 0.0589601 7.03589E-11
0.00148682 0.0247803 7.01633E-11
-0.0123705 0.206175 7.0352E-11
0.00459228 0.0765381 7.05084E-11
0.00043213 0.00720217 7.05611E-11
0.00153076 0.0255128 7.09725E-11
0.0172045 0.286743 7.07963E-11
-0.00103272 0.0172119 7.14029E-11
-0.021394 0.356567 7.0906E-11
0.0100707 0.167846 7.11103E-11
-0.00129639 0.0216064 7.214E-11
-0.022273 0.371217 7.03617E-11
-0.0151831 0.253052 7.06339E-11
0.0179516 0.299193 7.04312E-11
0.0156664 0.261107 7.27272E-11
0.00743409 0.123901 7.05033E-11
0.000476075 0.00793458 7.0865E-11
-0.0194751 0.324584 6.97056E-11
0.00548583 0.0914306 7.21753E-11
0.00911865 0.151977 7.01353E-11
0.00633546 0.105591 7.05743E-11
-0.0101147 0.168579 7.062E-11
-0.00516358 0.0860596 7.03878E-11
0.00377197 0.0628662 6.99676E-11
0.00661377 0.110229 7.20015E-11
0.0205005 0.341675 7.05976E-11
0.0151391 0.252319 7.05476E-11
0.00431397 0.0718994 7.05528E-11
0.00941162 0.15686 7.19479E-11
0.00427003 0.0711671 7.02386E-11
0.000344239 0.00573732 7.2053E-11
-0.00673096 0.112183 7.21127E-11
-0.00838623 0.13977 7.13116E-11
-0.00254151 0.0423584 7.06E-11
0.00191162 0.0318603 7.23243E-11
0.0140698 0.234497 7.04618E-11
0.00762452 0.127075 7.05937E-11
-0.0121216 0.202027 7.04026E-11
0.00321533 0.0535889 6.98681E-11
0.0204272 0.340453 7.05335E-11
0.0270044 0.450073 7.06951E-11
0.0021167 0.0352784 7.08557E-11
-0.0236939 0.394898 7.01727E-11
0.0165307 0.275512 7.19156E-11
-0.00368409 0.0614015 7.01196E-11
-0.00317139 0.0528564 7.0677E-11
0.000681153 0.0113526 7.03175E-11
-0.00686278 0.11438 7.0464E-11
0.00257079 0.0428466 6.96843E-11
-0.00368409 0.0614015 7.01837E-11
0.000886231 0.0147705 7.21729E-11
-0.0166333 0.277222 7.02537E-11
0.00139893 0.0233154 7.05232E-11
-0.00522216 0.0870361 7.00556E-11
0.0131615 0.219358 6.99923E-11
0.0114331 0.190552 7.04818E-11
-0.0151831 0.253052 7.01529E-11
-0.0101879 0.169799 7.01837E-11
-0.000153809 0.00256348 7.08232E-11
-0.00403565 0.0672608 7.04625E-11
-0.00719972 0.119995 7.09525E-11
-0.00645264 0.107544 7.03823E-11
0.007771 0.129517 7.05793E-11
