0.000666505 0.0111084 1.17877E-10
0.0108031 0.180053 1.16972E-10
-0.00325927 0.0543213 1.16077E-10
0.00290771 0.0484619 1.16914E-10
0.00173584 0.0289306 1.18455E-10
-0.000974122 0.0162354 1.19125E-10
0.00947022 0.157837 1.16425E-10
0.00210206 0.0350343 1.16663E-10
0.00819579 0.136597 1.15377E-10
-0.00431397 0.0718994 1.18157E-10
-0.00944092 0.157349 1.19491E-10
-0.00139893 0.0233154 1.1786E-10
-0.00916259 0.15271 1.17252E-10
0.00120849 0.0201416 1.17962E-10
0.00932372 0.155395 1.18579E-10
0.00514893 0.0858155 1.17951E-10
-0.00699463 0.116577 1.17379E-10
-0.00977783 0.162964 1.18008E-10
-0.00803466 0.133911 1.16853E-10
-0.00183839 0.0306398 1.17995E-10
-0.00608642 0.10144 1.18491E-10
0.0161499 0.269165 1.17655E-10
0.000344239 0.00573732 1.18924E-10
-0.00175048 0.0291747 1.1633E-10
-0.00298097 0.0496828 1.15729E-10
0.00388916 0.0648194 1.17486E-10
-0.00816649 0.136108 1.16942E-10
0.000593263 0.00988771 1.18441E-10
0.00236572 0.0394287 1.1734E-10
-0.00116455 0.0194092 1.14404E-10
-0.00134034 0.0223389 1.17872E-10
-0.00755127 0.125855 1.16128E-10
0.0192847 0.321411 1.16874E-10
-0.00551514 0.0919189 1.15301E-10
0.014685 0.24475 1.19363E-10
0.000417481 0.00695803 1.16193E-10
-0.0096753 0.161255 1.16172E-10
-0.00122315 0.0203858 1.16938E-10
-0.00932372 0.155395 1.18242E-10
0.00822509 0.137085 1.16398E-10
0.00823974 0.137329 1.17289E-10
0.000593263 0.00988771 1.17856E-10
0.00841553 0.140259 1.17976E-10
0.00387452 0.0645753 1.17261E-10
-0.00966064 0.161011 1.18237E-10
-0.00454836 0.0758059 1.17172E-10
0.00939697 0.156616 1.16231E-10
-0.00640871 0.106812 1.15975E-10
-0.00150147 0.0250244 1.15863E-10
-0.00043213 0.00720217 1.16893E-10
0.0021167 0.0352784 1.15018E-10
-0.00793213 0.132202 1.18152E-10
-0.00790284 0.131714 1.17299E-10
0.00227783 0.0379639 1.17634E-10
0.00236572 0.0394287 1.16315E-10
0.000988771 0.0164795 1.1805E-10
0.00249756 0.0416259 1.16633E-10
-0.00639406 0.106568 1.17985E-10
0.00460694 0.0767823 1.17216E-10
-0.0166625 0.277709 1.17233E-10
-0.00267333 0.0445556 1.17651E-10
0.000637208 0.0106201 1.18532E-10
6.59183E-05 0.00109864 1.16317E-10
-0.00661377 0.110229 1.17773E-10
0.00636475 0.106079 1.1724E-10
-0.004021 0.0670166 1.17245E-10
-0.00652589 0.108765 1.1625E-10
0.00252685 0.0421142 1.16193E-10
-0.0031421 0.0523683 1.16703E-10
-0.0025122 0.0418701 1.17631E-10
0.0107152 0.178587 1.15557E-10
-0.00197021 0.0328369 1.1717E-10
-0.000607911 0.0101319 1.17769E-10
0.00198486 0.0330811 1.18055E-10
0.00435792 0.0726319 1.18111E-10
0.00279053 0.0465088 1.16936E-10
-0.0165014 0.275023 1.17744E-10
0.00298097 0.0496828 1.17178E-10
-0.00747804 0.124634 1.17869E-10
-0.0128832 0.214721 1.18192E-10
0.00177978 0.0296631 1.18812E-10
-0.000373536 0.0062256 1.1684E-10
-0.00580811 0.0968019 1.17068E-10
-0.0144067 0.240111 1.17054E-10
0.0031421 0.0523683 1.16823E-10
-0.00268799 0.0447998 1.17955E-10
-6.59183E-05 0.00109864 1.17844E-10
-0.0104955 0.174925 1.17482E-10
0.00429931 0.0716553 1.17119E-10
-0.00823974 0.137329 1.1886E-10
-0.0177905 0.296508 1.18112E-10
0.00671631 0.111938 1.15746E-10
-0.0116528 0.194214 1.16702E-10
0.00154541 0.0257568 1.17158E-10
0.0126196 0.210326 1.16757E-10
-0.00494386 0.0823976 1.16538E-10
0.00511963 0.0853273 1.16874E-10
0.0244994 0.408324 1.18048E-10
-0.00364015 0.0606691 1.16454E-10
-0.0102466 0.170777 1.17616E-10
0.0105541 0.175903 1.15733E-10
-0.00734619 0.122437 1.17359E-10
0.0063501 0.105835 1.19557E-10
-0.00837157 0.139526 1.17049E-10
0.00274659 0.0457764 1.14974E-10
-0.00715576 0.119263 1.16305E-10
0.00659912 0.109985 1.17851E-10
0.00627685 0.104614 1.18598E-10
-0.00772705 0.128784 1.17884E-10
-0.0102173 0.170288 1.16334E-10
0.00101806 0.0169677 1.16482E-10
0.000183106 0.00305178 1.18065E-10
-0.0035083 0.0584717 1.1844E-10
-0.00561767 0.0936279 1.18131E-10
-0.0086792 0.144653 1.16261E-10
-0.00721437 0.120239 1.1738E-10
0.00116455 0.0194092 1.17954E-10
0.0058667 0.0977783 1.16012E-10
0.0178198 0.296997 1.18263E-10
0.00194092 0.0323486 1.1625E-10
0.0022046 0.0367433 1.17758E-10
0.00511963 0.0853273 1.17953E-10
0.000534668 0.00891113 1.17137E-10
0.00199952 0.0333253 1.17936E-10
0.00891357 0.14856 1.16037E-10
-0.0135717 0.226195 1.16955E-10
-0.00781495 0.130249 1.18171E-10
-0.0142016 0.236693 1.15667E-10
0.0016919 0.0281983 1.1766E-10
0.0039917 0.0665283 1.18414E-10
-0.00353761 0.0589601 1.17771E-10
-0.001604 0.0267334 1.17169E-10
0.0116089 0.193482 1.18276E-10
0.00639406 0.106568 1.16553E-10
-0.00796143 0.13269 1.17136E-10
0.00197021 0.0328369 1.17874E-10
0.0026001 0.0433349 1.17892E-10
-0.00293702 0.0489503 1.18452E-10
0.00914795 0.152466 1.15812E-10
-0.00528075 0.0880126 1.18286E-10
-0.0187866 0.31311 1.16669E-10
0.0026001 0.0433349 1.15476E-10
0.0166625 0.277709 1.15205E-10
-0.00982178 0.163696 1.17146E-10
-0.00463623 0.0772706 1.18598E-10
-0.00853271 0.142212 1.16151E-10
0.00416749 0.0694581 1.18609E-10
-0.00596923 0.0994872 1.18162E-10
0.0102905 0.171508 1.16411E-10
-0.00968995 0.161499 1.18541E-10
-0.0145971 0.243285 1.15857E-10
-0.00340576 0.0567628 1.18466E-10
0.0062622 0.10437 1.16008E-10
0.00661377 0.110229 1.17857E-10
-0.00180909 0.0301514 1.17764E-10
0.000842286 0.0140381 1.17717E-10
0.00588134 0.0980224 1.16383E-10
-0.00318604 0.0531006 1.17029E-10
0.00407959 0.0679932 1.15446E-10
-0.00879639 0.146606 1.18358E-10
0.00331788 0.0552979 1.17678E-10
-0.00292237 0.0487061 1.16623E-10
0.0116528 0.194214 1.18568E-10
0.00161865 0.0269775 1.18714E-10
-0.00227783 0.0379639 1.1627E-10
-0.00280518 0.0467529 1.17256E-10
-0.00139893 0.0233154 1.1663E-10
-0.000256348 0.00427247 1.15185E-10
0.00611573 0.101929 1.15299E-10
0.0101147 0.168579 1.16957E-10
0.0158129 0.263549 1.17547E-10
-0.00923584 0.153931 1.17905E-10
-0.00468018 0.078003 1.18884E-10
-0.0189038 0.315064 1.17292E-10
-0.00711183 0.11853 1.17009E-10
0.0016626 0.0277099 1.18983E-10
0.0119018 0.198364 1.16636E-10
-0.001604 0.0267334 1.17942E-10
0.009104 0.151733 1.16715E-10
0.00615967 0.102661 1.18609E-10
0.0103637 0.172728 1.17333E-10
0.00148682 0.0247803 1.1798E-10
-0.0109057 0.181762 1.16177E-10
0.00107666 0.0179443 1.16875E-10
0.007771 0.129517 1.17921E-10
0.00410888 0.0684814 1.1767E-10
0.00374268 0.062378 1.17271E-10
0.00245362 0.0408937 1.1617E-10
0.00344971 0.0574952 1.16612E-10
-0.00815185 0.135864 1.17839E-10
0.00507569 0.0845948 1.1761E-10
-0.00491456 0.0819093 1.16208E-10
-0.00812255 0.135376 1.17882E-10
0.000153809 0.00256348 1.17736E-10
0.0119897 0.199828 1.17867E-10
-0.00388916 0.0648194 1.15928E-10
-0.0105101 0.175169 1.15908E-10
-0.00611573 0.101929 1.17341E-10
0.00257079 0.0428466 1.1776E-10
-0.00378663 0.0631104 1.15772E-10
