0.00617431 0.102905 6.91129E-11
-0.0160913 0.268188 6.93709E-11
-0.00602784 0.100464 6.95259E-11
0.0205297 0.342162 6.90658E-11
0.0087085 0.145142 6.86012E-11
0.0211303 0.352172 6.9432E-11
0.0440112 0.73352 6.83918E-11
0.0133519 0.222532 6.86849E-11
0.033684 0.561401 6.88944E-11
-0.00667235 0.111206 6.9136E-11
0.00954345 0.159058 6.94957E-11
-0.00104737 0.0174561 6.92464E-11
0.00872314 0.145386 6.91895E-11
-0.0176733 0.294555 6.83385E-11
-0.00676024 0.112671 6.94423E-11
-0.00390382 0.0650636 6.95624E-11
-0.00416749 0.0694581 6.91591E-11
0.00286376 0.0477294 6.94933E-11
-0.0182006 0.303344 6.92484E-11
0.0224341 0.373903 6.90339E-11
-0.0102905 0.171508 6.92411E-11
0.00421142 0.0701904 6.90223E-11
-0.00911865 0.151977 6.926E-11
0.000329591 0.00549318 6.93787E-11
-0.0233276 0.388794 6.90097E-11
-0.0131323 0.218872 6.8713E-11
0.00569092 0.0948486 6.90721E-11
0.0132201 0.220335 6.96474E-11
-0.00221924 0.0369873 6.95558E-11
0.0319409 0.532348 6.82426E-11
0.0124291 0.207152 6.76266E-11
-0.013601 0.226683 6.81687E-11
0.00860596 0.143433 6.936E-11
-0.00692139 0.115356 7.00485E-11
-0.000300294 0.00500489 6.95502E-11
-0.00533936 0.0889893 6.88281E-11
0.0179223 0.298704 6.85592E-11
0.0133959 0.223265 6.98019E-11
0.0252465 0.420776 6.81613E-11
0.00123779 0.0206298 6.91014E-11
-0.0249535 0.415892 6.83765E-11
0.0101733 0.169555 6.93041E-11
-0.0165307 0.275512 6.90103E-11
0.00233642 0.0389404 6.92373E-11
0.00135498 0.0225831 6.93566E-11
-0.00552979 0.0921631 6.91957E-11
-0.00270264 0.0450439 6.87316E-11
0.0087085 0.145142 6.94027E-11
-0.01385 0.230834 6.85417E-11
-0.00670165 0.111694 6.84391E-11
0.00652589 0.108765 6.94643E-11
-0.00859131 0.143188 6.92106E-11
-0.0232104 0.38684 6.86112E-11
0.0188305 0.313842 6.92269E-11
-0.0122387 0.203979 6.93202E-11
0.0054126 0.0902099 6.91819E-11
-0.00236572 0.0394287 6.89378E-11
0.0122534 0.204223 6.79713E-11
-0.0200611 0.334352 6.76398E-11
-0.0107446 0.179077 6.90931E-11
0.0119311 0.198852 6.8946E-11
0.000812989 0.0135498 6.98546E-11
0.0169115 0.281858 6.8965E-11
-0.000812989 0.0135498 6.8819E-11
-0.0203832 0.339721 6.98329E-11
0.00214601 0.0357668 6.84271E-11
-0.00487061 0.0811768 6.89621E-11
-0.00935303 0.155884 6.92532E-11
-0.00957275 0.159546 6.91159E-11
-0.00157471 0.0262451 6.93403E-11
0.00223389 0.0372314 6.90892E-11
0.0174243 0.290405 6.92037E-11
0.00727296 0.121216 6.9263E-11
0.0235327 0.392212 6.75919E-11
0.00630615 0.105103 6.93273E-11
0.0145825 0.243041 6.8303E-11
0.00491456 0.0819093 6.83317E-11
0.0166039 0.276732 6.93397E-11
-0.0125609 0.209349 6.84063E-11
-0.0298315 0.497192 6.81182E-11
-0.00944092 0.157349 6.87427E-11
-0.000739747 0.0123291 6.75404E-11
0.0100122 0.16687 6.80844E-11
0.0196802 0.328003 6.89332E-11
0.00226319 0.0377198 6.91548E-11
0.00756592 0.126099 6.8446E-11
0.000725098 0.012085 6.94241E-11
0.0189185 0.315308 6.89423E-11
-0.0192553 0.320922 6.86934E-11
0.0026001 0.0433349 6.89358E-11
0.00242432 0.0404054 6.92315E-11
-0.00347901 0.0579834 6.93863E-11
0.032102 0.535034 6.84204E-11
-0.0166772 0.277953 6.95457E-11
-0.0253344 0.42224 6.80408E-11
0.0080786 0.134643 6.87992E-11
0.00873779 0.14563 6.91132E-11
-0.00951416 0.158569 6.90623E-11
0.00749268 0.124878 6.96741E-11
-0.0151391 0.252319 6.84898E-11
-0.0150952 0.251587 6.96365E-11
0.00346436 0.0577393 6.88522E-11
-0.00416749 0.0694581 6.93548E-11
0.00759522 0.126587 6.94146E-11
0.00158936 0.0264893 6.95834E-11
0.00857665 0.142944 6.93521E-11
0.00652589 0.108765 6.93647E-11
0.021394 0.356567 6.91773E-11
0.0123266 0.205443 6.91837E-11
0.00216065 0.0360108 6.9043E-11
0.00194092 0.0323486 6.74996E-11
-0.00552979 0.0921631 6.93038E-11
-0.0185375 0.308959 6.90558E-11
-0.0136156 0.226928 6.80843E-11
-0.00892822 0.148804 6.91812E-11
0.00235108 0.0391846 6.92906E-11
-0.00176514 0.0294189 6.85583E-11
-0.000109864 0.00183106 6.93202E-11
-0.0114038 0.190063 6.89794E-11
-0.0313256 0.522093 6.76188E-11
-0.0191381 0.318969 6.90604E-11
-0.0332445 0.554076 6.86064E-11
0.00845946 0.140991 6.92951E-11
-0.00110596 0.0184326 6.92704E-11
0.00283447 0.0472412 6.75803E-11
0.00465089 0.0775148 6.89268E-11
-0.0090747 0.151245 6.92738E-11
0.0116528 0.194214 7.06482E-11
0.00163329 0.0272216 6.9254E-11
0.000856934 0.0142822 6.84311E-11
-0.0175122 0.29187 6.87602E-11
-0.0265795 0.442992 6.87073E-11
-0.0030542 0.0509034 6.94511E-11
0.00758057 0.126343 6.98998E-11
-0.0198706 0.331177 7.04274E-11
-0.00462159 0.0770264 6.90564E-11
-0.0026294 0.0438233 6.97413E-11
0.012766 0.212767 6.91204E-11
-0.00739014 0.123169 6.99265E-11
0.01656 0.276001 6.93445E-11
0.00730226 0.121704 6.9571E-11
-0.019812 0.3302 6.85297E-11
-0.0136156 0.226928 6.95094E-11
-0.000124513 0.00207521 6.93454E-11
0.0263745 0.439575 6.67351E-11
0.004021 0.0670166 6.91935E-11
0.00642336 0.107056 6.92304E-11
0.00079834 0.0133057 6.92647E-11
-0.0190209 0.317015 6.946E-11
-0.019519 0.325317 6.83489E-11
-0.0269604 0.44934 6.85566E-11
-0.00860596 0.143433 6.90446E-11
-0.00547119 0.0911865 6.84515E-11
-0.0235327 0.392212 6.91606E-11
-0.0167066 0.278443 6.91935E-11
0.0223903 0.373171 6.79578E-11
-0.01281 0.2135 6.94652E-11
0.0146704 0.244507 6.89395E-11
0.0118871 0.198119 6.87658E-11
-0.00819579 0.136597 7.11115E-11
-0.0136449 0.227416 6.99659E-11
-0.0260375 0.433959 6.76477E-11
-0.0200024 0.333374 6.67883E-11
-2.19728E-05 0.000366213 6.97563E-11
0.0113745 0.189575 6.92804E-11
0.0167944 0.279907 6.88735E-11
-0.00419677 0.0699463 6.96009E-11
0.00267333 0.0445556 7.07636E-11
0.00236572 0.0394287 6.90535E-11
0.00495851 0.0826417 6.93026E-11
-0.00593995 0.0989991 6.93188E-11
0.0103198 0.171997 6.75229E-11
-0.0118578 0.197631 6.92586E-11
-0.0236792 0.394654 6.85817E-11
0.00714112 0.119019 6.99487E-11
-0.00970459 0.161743 6.88911E-11
0.00369873 0.0616456 6.93103E-11
0.00281982 0.0469971 6.92638E-11
-0.0177465 0.295776 6.85409E-11
-0.00667235 0.111206 6.92466E-11
-0.00150147 0.0250244 6.92513E-11
0.00908936 0.151489 6.92301E-11
0.00236572 0.0394287 6.88085E-11
0.00145751 0.0242919 6.84911E-11
0.0257592 0.42932 6.9145E-11
-0.00457764 0.076294 6.95402E-11
0.0104662 0.174437 6.79863E-11
-0.00062256 0.010376 6.92897E-11
0.0123558 0.205931 6.95116E-11
-0.00374268 0.062378 6.96089E-11
-0.00507569 0.0845948 6.90496E-11
-0.00526611 0.0877685 6.9285E-11
-0.00478271 0.0797119 6.91392E-11
-0.00557372 0.0928954 6.90765E-11
-0.0186401 0.310668 6.90009E-11
0.00079834 0.0133057 6.88209E-11
-0.00624756 0.104126 6.97581E-11
0.00383058 0.0638429 6.94242E-11
-0.0342699 0.571166 6.91893E-11
-0.00788818 0.13147 6.92322E-11
