-0.00752198 0.125366 3.8137E-10
0.000256348 0.00427247 4.01065E-10
0.00216065 0.0360108 4.01168E-10
0.00662842 0.110474 3.84558E-10
-0.00217529 0.0362549 3.73517E-10
0.00513429 0.0855714 3.90225E-10
-0.000681153 0.0113526 3.81492E-10
0.00922119 0.153687 3.73294E-10
-0.00213135 0.0355226 3.82397E-10
0.0045337 0.0755617 3.82728E-10
-0.00551514 0.0919189 3.92483E-10
-0.0076538 0.127563 3.92619E-10
-0.0155199 0.258666 3.8106E-10
-0.00173584 0.0289306 3.80456E-10
0.00813719 0.13562 4.00608E-10
0.00655517 0.109253 3.90107E-10
-0.00652589 0.108765 3.90044E-10
-0.00216065 0.0360108 3.83155E-10
0.00693604 0.115601 3.90378E-10
0.00284912 0.0474853 3.83599E-10
-0.00446046 0.0743409 3.80888E-10
0.01385 0.230834 3.69761E-10
-0.00615967 0.102661 3.886E-10
-0.000812989 0.0135498 3.92583E-10
-0.0030542 0.0509034 3.82714E-10
0.0138061 0.230102 3.87897E-10
-0.0016626 0.0277099 4.00038E-10
-0.000563965 0.00939942 3.83285E-10
0.00431397 0.0718994 3.81405E-10
-0.0134691 0.224486 3.74667E-10
0.000944824 0.0157471 3.90313E-10
0.00809326 0.134888 3.90438E-10
0.00284912 0.0474853 3.89101E-10
-0.00192626 0.0321044 3.79552E-10
-0.00198486 0.0330811 3.6944E-10
-0.0026294 0.0438233 4.00571E-10
-0.00446046 0.0743409 3.80853E-10
-0.000314942 0.00524903 3.82675E-10
0.00383058 0.0638429 3.81926E-10
0.00851806 0.141968 3.92824E-10
0.00573487 0.0955811 3.89229E-10
0.00598389 0.0997314 3.75876E-10
0.00129639 0.0216064 3.83407E-10
-0.00769776 0.128296 3.87838E-10
-0.0119604 0.19934 3.80127E-10
0.00284912 0.0474853 3.93889E-10
0.0072583 0.120972 3.91998E-10
-0.00331788 0.0552979 3.71073E-10
0.0168237 0.280396 3.99497E-10
0.0150952 0.251587 3.81932E-10
-0.0026294 0.0438233 3.80399E-10
0.00749268 0.124878 3.84447E-10
0.00416749 0.0694581 3.6978E-10
0.00224854 0.0374756 3.90435E-10
-0.00825438 0.137573 3.92413E-10
0.0054419 0.0906983 3.83808E-10
-0.00353761 0.0589601 4.00533E-10
-0.000563965 0.00939942 3.79995E-10
0.000666505 0.0111084 3.83222E-10
-5.12697E-05 0.000854496 3.89229E-10
0.00194092 0.0323486 4.00094E-10
0.00252685 0.0421142 3.79142E-10
0.00774169 0.129028 3.8988E-10
0.00560302 0.0933837 3.87035E-10
0.00552979 0.0921631 3.87373E-10
0.011272 0.187867 3.83529E-10
0.0163988 0.273314 3.90316E-10
0.0134545 0.224242 3.7677E-10
-0.0116822 0.194703 4.01197E-10
0.00393312 0.0655519 3.86073E-10
-0.00185303 0.0308838 3.80482E-10
0.00476807 0.0794678 3.87689E-10
0.00796143 0.13269 3.90744E-10
0.0124291 0.207152 3.92838E-10
-0.00176514 0.0294189 3.816E-10
0.0062622 0.10437 3.86298E-10
-0.00853271 0.142212 3.80089E-10
-0.00482666 0.0804444 3.71154E-10
0.00771241 0.12854 3.87963E-10
-0.00494386 0.0823976 4.00953E-10
0.00823974 0.137329 3.80559E-10
-0.00615967 0.102661 3.82835E-10
-0.00364015 0.0606691 3.92978E-10
-0.00939697 0.156616 3.79073E-10
-0.0163988 0.273314 3.80032E-10
-0.00988037 0.164673 3.74111E-10
-0.00886962 0.147827 3.80001E-10
-0.00602784 0.100464 3.80873E-10
0.00258545 0.0430908 3.80315E-10
-0.00782959 0.130493 3.80872E-10
-0.000476075 0.00793458 3.89751E-10
-0.00229249 0.0382081 3.83321E-10
-0.00787354 0.131226 3.78973E-10
0.0101586 0.169311 3.81008E-10
-0.0066577 0.110962 3.88611E-10
0.00311279 0.0518799 3.7298E-10
0.00985107 0.164185 3.82497E-10
0.000505372 0.00842286 3.92582E-10
-0.00878173 0.146362 3.92917E-10
0.000109864 0.00183106 3.88594E-10
0.00517822 0.0863037 3.92402E-10
0.00224854 0.0374756 3.93311E-10
0.0102466 0.170777 4.02383E-10
-0.00317139 0.0528564 3.88876E-10
0.0050171 0.0836183 3.89294E-10
-0.000417481 0.00695803 3.81944E-10
-0.00289307 0.0482178 3.93457E-10
0.0125023 0.208372 3.8088E-10
0.00601318 0.10022 3.82431E-10
-0.0099243 0.165405 3.88172E-10
0.00796143 0.13269 3.89431E-10
0.000549317 0.00915528 3.83458E-10
-0.00299562 0.0499269 3.82578E-10
0.00752198 0.125366 3.89409E-10
-0.00391847 0.0653078 3.89315E-10
-0.00201417 0.0335694 3.92191E-10
0.00860596 0.143433 3.83E-10
0.00131103 0.0218506 3.83506E-10
-0.00116455 0.0194092 3.7965E-10
0.00331788 0.0552979 3.8938E-10
0.00465089 0.0775148 3.92827E-10
-0.00308351 0.0513918 3.85457E-10
-0.00878173 0.146362 3.84489E-10
-0.00161865 0.0269775 3.76045E-10
0.000212403 0.00354005 3.9272E-10
-0.00925048 0.154175 3.8339E-10
0.0011792 0.0196533 3.80146E-10
-0.00513429 0.0855714 3.84906E-10
0.00756592 0.126099 3.92364E-10
0.00145751 0.0242919 3.82324E-10
-0.00158936 0.0264893 3.89637E-10
-0.00303956 0.0506593 3.84854E-10
0.00176514 0.0294189 3.88772E-10
0.00746339 0.12439 3.92444E-10
0.00418213 0.0697022 3.77839E-10
-0.009104 0.151733 3.89845E-10
0.00825438 0.137573 3.87445E-10
0.00460694 0.0767823 3.88512E-10
-0.00633546 0.105591 3.92773E-10
-0.00796143 0.13269 3.80886E-10
0.000256348 0.00427247 3.88291E-10
-0.00342042 0.0570069 3.92994E-10
0.00812255 0.135376 3.8824E-10
-0.00158936 0.0264893 3.83674E-10
0.0101879 0.169799 3.93402E-10
-0.0072876 0.12146 3.82339E-10
0.00347901 0.0579834 3.89213E-10
-0.00156005 0.0260009 3.82658E-10
0.00135498 0.0225831 3.92941E-10
-0.00560302 0.0933837 3.78344E-10
0.0073755 0.122925 4.03469E-10
0.00582277 0.0970461 3.89592E-10
-0.000446778 0.0074463 3.82404E-10
-0.00687744 0.114624 3.92718E-10
0.0111255 0.185425 3.78658E-10
-0.00457764 0.076294 3.92573E-10
0.00618897 0.103149 3.89175E-10
-0.00749268 0.124878 3.71849E-10
0.0067456 0.112427 3.80687E-10
-0.0021167 0.0352784 3.80303E-10
0.0050464 0.0841066 3.82925E-10
-0.00199952 0.0333253 3.85805E-10
0.00337647 0.0562746 3.90861E-10
-0.00227783 0.0379639 3.88763E-10
0.0081079 0.135132 3.90441E-10
0.0030542 0.0509034 3.83564E-10
-0.00812255 0.135376 4.00303E-10
-0.00293702 0.0489503 3.88299E-10
-0.00727296 0.121216 3.9026E-10
-0.00413818 0.0689697 3.88923E-10
-0.00268799 0.0447998 3.82171E-10
0.00336182 0.0560304 3.83466E-10
-0.00850342 0.141724 3.92906E-10
-0.00167724 0.0279541 3.80633E-10
-0.00788818 0.13147 3.89052E-10
-0.00551514 0.0919189 3.80611E-10
-0.00113525 0.0189209 3.74608E-10
-0.00385987 0.0643311 3.70086E-10
0.0136889 0.228149 3.84023E-10
0.00274659 0.0457764 3.71336E-10
0.000476075 0.00793458 3.73247E-10
-0.00550049 0.0916748 3.89714E-10
0.000930176 0.0155029 3.6947E-10
-0.000124513 0.00207521 3.82517E-10
0.0161792 0.269654 3.924E-10
0.00503175 0.0838624 3.88629E-10
0.00321533 0.0535889 3.82591E-10
-0.00286376 0.0477294 3.7381E-10
0.00624756 0.104126 3.78709E-10
-0.0142601 0.237669 3.8947E-10
0.00236572 0.0394287 3.8097E-10
0.000373536 0.0062256 3.82195E-10
-0.000358888 0.00598146 3.9382E-10
-0.00712648 0.118775 3.90498E-10
-0.000300294 0.00500489 3.85842E-10
-0.00519286 0.0865477 3.88155E-10
-0.00154541 0.0257568 3.6331E-10
0.0125023 0.208372 3.9288E-10
-0.0302709 0.504515 3.84777E-10
0.00355225 0.0592042 3.81483E-10
