-0.00973389 0.162231 7.90233E-11
-0.00328858 0.0548096 7.84514E-11
0.0154027 0.256713 7.77874E-11
0.0107299 0.178832 7.76563E-11
-0.000871582 0.0145264 7.95363E-11
0.00205812 0.0343019 7.85617E-11
-0.00210206 0.0350343 7.85511E-11
-0.00687744 0.114624 7.85945E-11
0.00655517 0.109253 7.92898E-11
-0.00221924 0.0369873 7.89971E-11
-0.00676024 0.112671 7.85939E-11
0.0158276 0.263794 7.7714E-11
0.0127954 0.213256 7.88972E-11
0.0214233 0.357055 7.87219E-11
-0.0146557 0.244262 7.9E-11
0.00268799 0.0447998 7.92116E-11
-0.001604 0.0267334 7.91842E-11
-0.000124513 0.00207521 7.87815E-11
0.00446046 0.0743409 7.76394E-11
-8.05667E-05 0.00134278 7.89458E-11
-0.00558837 0.0931396 7.87902E-11
-0.00954345 0.159058 7.79274E-11
-0.0124877 0.208128 7.86888E-11
-0.00488525 0.0814209 7.79881E-11
-0.0118871 0.198119 7.95585E-11
0.00459228 0.0765381 7.88643E-11
0.00421142 0.0701904 7.87389E-11
-0.00482666 0.0804444 7.82481E-11
-0.000637208 0.0106201 7.82925E-11
0.000886231 0.0147705 7.86651E-11
-0.00481202 0.0802003 8.00881E-11
-0.0102758 0.171264 7.79247E-11
-0.00621827 0.103638 7.86823E-11
0.00246826 0.0411377 7.87759E-11
-0.00469482 0.0782471 7.96142E-11
-0.0102612 0.17102 7.83908E-11
-0.00175048 0.0291747 7.97978E-11
-0.0156225 0.260376 7.89209E-11
0.00866454 0.144409 7.90152E-11
-0.00448975 0.0748292 7.91918E-11
0.00384522 0.064087 7.8746E-11
-0.0026001 0.0433349 7.92857E-11
0.00139893 0.0233154 7.96154E-11
-0.0122241 0.203735 7.86897E-11
-0.00176514 0.0294189 7.94609E-11
-0.00104737 0.0174561 7.83629E-11
-0.0233862 0.38977 7.88386E-11
-0.00554444 0.0924073 7.87558E-11
-0.00753662 0.12561 7.87514E-11
0.00667235 0.111206 7.76133E-11
-0.00176514 0.0294189 7.74878E-11
0.00763916 0.127319 7.74233E-11
-0.00136964 0.0228273 7.79662E-11
-0.000344239 0.00573732 7.88643E-11
-0.00129639 0.0216064 7.81027E-11
-0.000900879 0.0150147 7.85798E-11
-0.0149926 0.249878 7.8075E-11
0.000900879 0.0150147 8.01544E-11
-0.0103491 0.172485 8.00332E-11
-0.00468018 0.078003 7.88287E-11
-0.00684814 0.114136 7.92162E-11
0.00746339 0.12439 7.95907E-11
-0.00287842 0.0479736 7.74161E-11
-0.00974853 0.162476 7.76094E-11
0.00415284 0.0692139 7.89904E-11
-0.0016919 0.0281983 7.95166E-11
0.00588134 0.0980224 7.88469E-11
0.00800537 0.133423 7.96117E-11
-0.00793213 0.132202 7.95288E-11
-0.0157544 0.262573 7.72764E-11
-0.0058667 0.0977783 7.98789E-11
-0.00239503 0.0399171 7.77029E-11
0.00736085 0.122681 7.95077E-11
0.0173657 0.289428 7.90692E-11
-0.00637941 0.106323 7.74626E-11
0.0162085 0.270142 7.9103E-11
-0.00198486 0.0330811 7.90406E-11
0.00990965 0.165161 7.87668E-11
0.00696533 0.116089 7.73136E-11
-0.0175854 0.29309 7.7973E-11
-0.00189697 0.0316162 7.90898E-11
0.00640871 0.106812 7.87991E-11
0.00132569 0.0220948 7.96371E-11
0.00435792 0.0726319 7.92047E-11
0.00860596 0.143433 7.92923E-11
-0.00481202 0.0802003 7.86076E-11
-0.0100415 0.167358 7.76589E-11
-0.00930907 0.155151 7.78292E-11
0.00229249 0.0382081 7.89004E-11
0.00239503 0.0399171 7.8833E-11
0.00303956 0.0506593 7.93395E-11
0.0147289 0.245482 7.91573E-11
0.00968995 0.161499 7.86295E-11
0.00769776 0.128296 7.88197E-11
0.00126709 0.0211181 7.73084E-11
0.00996824 0.166137 7.71206E-11
0.0205737 0.342895 8.00796E-11
0.00315674 0.0526123 7.8948E-11
-0.00289307 0.0482178 7.83624E-11
0.00693604 0.115601 7.90968E-11
-0.00361086 0.0601809 8.00206E-11
-0.00340576 0.0567628 7.88481E-11
0.00428467 0.0714112 7.91235E-11
-0.0101 0.168334 7.83735E-11
0.0182738 0.304564 7.80106E-11
-0.0109936 0.183227 7.99492E-11
-0.000563965 0.00939942 7.90477E-11
-0.00264405 0.0440674 7.87859E-11
0.00337647 0.0562746 7.90152E-11
-0.0161207 0.268678 7.75328E-11
0.0174976 0.291626 7.73902E-11
-0.00374268 0.062378 7.90363E-11
0.00642336 0.107056 7.93835E-11
0.00995359 0.165893 7.8449E-11
0.00131103 0.0218506 7.85186E-11
-0.00114991 0.0191651 7.79324E-11
-0.0139379 0.232299 7.91106E-11
0.0143187 0.238646 7.79679E-11
-0.0128832 0.214721 7.89656E-11
-0.0184204 0.307007 7.88009E-11
-0.00246826 0.0411377 7.81756E-11
-0.0156664 0.261107 7.91504E-11
-0.00145751 0.0242919 7.91824E-11
-0.00173584 0.0289306 7.88743E-11
-0.0119457 0.199096 7.81115E-11
-0.0162816 0.271361 7.76574E-11
0.00106201 0.0177003 7.78663E-11
0.00112061 0.0186768 7.84464E-11
-0.0113745 0.189575 7.87638E-11
-0.00410888 0.0684814 7.74718E-11
-0.000856934 0.0142822 7.85592E-11
-0.00327392 0.0545654 7.80075E-11
0.00134034 0.0223389 7.92687E-11
0.00216065 0.0360108 7.87557E-11
-0.00248291 0.0413818 7.86032E-11
-0.000446778 0.0074463 7.86675E-11
-6.59183E-05 0.00109864 8.02887E-11
-0.00845946 0.140991 7.90736E-11
0.00101806 0.0169677 7.81585E-11
-0.00378663 0.0631104 7.78424E-11
-0.00308351 0.0513918 7.87093E-11
0.00150147 0.0250244 7.83641E-11
-0.00429931 0.0716553 7.93069E-11
0.00450441 0.0750734 7.9037E-11
-0.00916259 0.15271 7.9162E-11
-0.00533936 0.0889893 7.74521E-11
-0.00298097 0.0496828 7.85184E-11
-0.00446046 0.0743409 7.81219E-11
-0.0117992 0.196654 8.00071E-11
0.00522216 0.0870361 7.96156E-11
-0.00519286 0.0865477 7.89995E-11
0.00649659 0.108276 7.85489E-11
-0.00741945 0.123657 7.85713E-11
-0.0121362 0.20227 7.89485E-11
-0.00188233 0.0313721 7.92652E-11
0.00526611 0.0877685 7.84782E-11
0.00547119 0.0911865 7.81871E-11
0.00577881 0.0963136 7.85627E-11
0.000183106 0.00305178 7.85844E-11
-0.00822509 0.137085 7.86688E-11
0.00391847 0.0653078 7.87035E-11
-0.00942626 0.157104 7.92817E-11
0.00218994 0.0364991 7.87006E-11
-0.00191162 0.0318603 7.82789E-11
0.000227051 0.00378418 7.89675E-11
-0.00466554 0.0777589 7.84478E-11
0.000930176 0.0155029 7.87357E-11
-0.00387452 0.0645753 7.88555E-11
-0.0114185 0.190308 7.86309E-11
-0.00872314 0.145386 7.91587E-11
0.00845946 0.140991 7.8012E-11
0.00583742 0.0972903 7.90166E-11
-0.00769776 0.128296 7.85514E-11
-0.00197021 0.0328369 7.88585E-11
-0.000593263 0.00988771 7.8341E-11
0.0171898 0.286498 7.80003E-11
0.007771 0.129517 7.8793E-11
0.00834228 0.139038 7.8883E-11
0.00183839 0.0306398 7.90747E-11
0.00566162 0.0943603 7.8751E-11
-0.00371339 0.0618898 7.76402E-11
0.0153881 0.256468 7.81111E-11
0.0110668 0.184447 7.96705E-11
0.00188233 0.0313721 7.91152E-11
-0.000915527 0.0152588 7.89878E-11
0.0059253 0.0987549 7.88278E-11
0.00339112 0.0565187 7.8446E-11
0.00746339 0.12439 7.94086E-11
-0.0153588 0.25598 7.87512E-11
-0.00516358 0.0860596 7.84624E-11
-0.00572021 0.0953369 7.75428E-11
-0.00322999 0.0538331 7.76376E-11
0.000461426 0.00769043 7.90333E-11
0.0134398 0.223998 7.76811E-11
-0.0161353 0.268922 7.92173E-11
-0.000461426 0.00769043 7.88541E-11
0.019563 0.32605 7.75851E-11
0.0026294 0.0438233 8.00693E-11
-0.00114991 0.0191651 7.87485E-11
0.00703858 0.11731 7.77072E-11
