-0.00796875 0.132812 1.20502E-10
-0.00515625 0.0859375 1.23207E-10
0.00984375 0.164062 1.22087E-10
0.00046875 0.0078125 1.20369E-10
0.00515625 0.0859375 1.20117E-10
-0.00703125 0.117188 1.22319E-10
-0.00421875 0.0703125 1.21598E-10
0.00234375 0.0390625 1.23279E-10
-0.00609375 0.101563 1.20661E-10
0.00234375 0.0390625 1.20833E-10
0.00984375 0.164062 1.21937E-10
0.0182812 0.304688 1.22445E-10
0.00046875 0.0078125 1.22804E-10
0.0117188 0.195312 1.2343E-10
-0.0107812 0.179688 1.22549E-10
0.00796875 0.132812 1.21234E-10
0.0210937 0.351562 1.22409E-10
-0.00984375 0.164062 1.2155E-10
0.0182812 0.304688 1.21264E-10
-0.00515625 0.0859375 1.23212E-10
0.00609375 0.101563 1.23135E-10
0.00703125 0.117188 1.23349E-10
-0.0192187 0.320312 1.22074E-10
0.00609375 0.101563 1.20645E-10
-0.00140625 0.0234375 1.21879E-10
0.00515625 0.0859375 1.22228E-10
0.00703125 0.117188 1.19587E-10
-0.0192187 0.320312 1.23202E-10
-0.00515625 0.0859375 1.22923E-10
-0.0239062 0.398437 1.24092E-10
0.00890625 0.148438 1.20538E-10
0.00609375 0.101563 1.21848E-10
-0.00515625 0.0859375 1.23555E-10
0.00796875 0.132812 1.23707E-10
-0.0173437 0.289062 1.22339E-10
0.0154687 0.257812 1.2324E-10
-0.0107812 0.179688 1.22989E-10
-0.00703125 0.117188 1.19228E-10
0.0126562 0.210938 1.21319E-10
0.00328125 0.0546875 1.23714E-10
-0.0173437 0.289062 1.23294E-10
-0.00421875 0.0703125 1.23541E-10
0.00140625 0.0234375 1.2323E-10
-0.0220313 0.367188 1.21817E-10
0.00046875 0.0078125 1.2368E-10
-0.00234375 0.0390625 1.23236E-10
0.0107812 0.179688 1.22263E-10
0.0117188 0.195312 1.20373E-10
-0.00609375 0.101563 1.2355E-10
0.00421875 0.0703125 1.21584E-10
0.00046875 0.0078125 1.21554E-10
-0.0248437 0.414062 1.22049E-10
-0.00421875 0.0703125 1.22587E-10
0.0135937 0.226562 1.21295E-10
0.00421875 0.0703125 1.22994E-10
-0.00328125 0.0546875 1.21521E-10
0.0117188 0.195312 1.19642E-10
-0.00609375 0.101563 1.20713E-10
0.0154687 0.257812 1.19157E-10
-0.0107812 0.179688 1.21707E-10
0.00890625 0.148438 1.20725E-10
-0.0145312 0.242188 1.22296E-10
0.00984375 0.164062 1.23234E-10
-0.0107812 0.179688 1.22617E-10
-0.0117188 0.195312 1.22527E-10
0.00140625 0.0234375 1.22182E-10
-0.00515625 0.0859375 1.23289E-10
0.00984375 0.164062 1.20577E-10
0.0117188 0.195312 1.20665E-10
-0.00703125 0.117188 1.23607E-10
-0.00703125 0.117188 1.23088E-10
-0.00140625 0.0234375 1.23058E-10
0.00703125 0.117188 1.20325E-10
-0.00046875 0.0078125 1.21159E-10
0.00984375 0.164062 1.21121E-10
0.00140625 0.0234375 1.18771E-10
-0.00046875 0.0078125 1.21939E-10
-0.0135937 0.226562 1.22039E-10
-0.0332812 0.554688 1.21779E-10
0.00421875 0.0703125 1.21912E-10
0.0182812 0.304688 1.22507E-10
0.00984375 0.164062 1.2202E-10
-0.0192187 0.320312 1.19732E-10
0.0145312 0.242188 1.2345E-10
-0.00609375 0.101563 1.21509E-10
0.00796875 0.132812 1.22005E-10
0.0145312 0.242188 1.21768E-10
-0.0135937 0.226562 1.23254E-10
-0.00421875 0.0703125 1.22529E-10
0.00421875 0.0703125 1.20447E-10
-0.00140625 0.0234375 1.23779E-10
-0.0135937 0.226562 1.20192E-10
-0.00328125 0.0546875 1.23715E-10
-0.00046875 0.0078125 1.20449E-10
-0.00328125 0.0546875 1.199E-10
-0.00328125 0.0546875 1.23391E-10
0.00234375 0.0390625 1.21688E-10
0.00703125 0.117188 1.20424E-10
-0.0135937 0.226562 1.20774E-10
-0.00421875 0.0703125 1.2005E-10
0.00703125 0.117188 1.22544E-10
-0.0192187 0.320312 1.19347E-10
-0.0117188 0.195312 1.20437E-10
-0.00421875 0.0703125 1.2367E-10
-0.0117188 0.195312 1.23045E-10
0.00703125 0.117188 1.21125E-10
0.00421875 0.0703125 1.22329E-10
-0.00421875 0.0703125 1.21779E-10
0.00703125 0.117188 1.22678E-10
-0.0135937 0.226562 1.20108E-10
0.00515625 0.0859375 1.2371E-10
-0.0220313 0.367188 1.19441E-10
-0.00328125 0.0546875 1.21869E-10
-0.00234375 0.0390625 1.21634E-10
-0.0107812 0.179688 1.21967E-10
0.0107812 0.179688 1.22429E-10
0.0135937 0.226562 1.23835E-10
-0.00890625 0.148438 1.22357E-10
0.00046875 0.0078125 1.22481E-10
0.00515625 0.0859375 1.20984E-10
0.0164062 0.273437 1.19607E-10
-0.0126562 0.210938 1.22813E-10
0.00421875 0.0703125 1.21556E-10
-0.00421875 0.0703125 1.21421E-10
0.0126562 0.210938 1.21353E-10
0.00796875 0.132812 1.18755E-10
0.00796875 0.132812 1.21534E-10
0.00140625 0.0234375 1.19634E-10
0.0135937 0.226562 1.21474E-10
0.0117188 0.195312 1.22713E-10
0.00421875 0.0703125 1.23193E-10
-0.0295312 0.492188 1.1897E-10
0.0117188 0.195312 1.21734E-10
-0.0201563 0.335938 1.22229E-10
0.0107812 0.179688 1.2194E-10
-0.0107812 0.179688 1.20288E-10
-0.00515625 0.0859375 1.20467E-10
0.0107812 0.179688 1.23557E-10
-0.00328125 0.0546875 1.21365E-10
-0.00609375 0.101563 1.23636E-10
0.00328125 0.0546875 1.21096E-10
0.0164062 0.273437 1.20459E-10
-0.0164062 0.273437 1.23158E-10
0.00703125 0.117188 1.21817E-10
0.00703125 0.117188 1.23158E-10
-0.0145312 0.242188 1.2085E-10
0.00984375 0.164062 1.19079E-10
0.00328125 0.0546875 1.20572E-10
-0.0145312 0.242188 1.22969E-10
-0.0201563 0.335938 1.21674E-10
0.00421875 0.0703125 1.20209E-10
0.0220313 0.367188 1.20508E-10
-0.0145312 0.242188 1.19481E-10
0.0117188 0.195312 1.2181E-10
-0.00515625 0.0859375 1.23717E-10
-0.0135937 0.226562 1.22747E-10
0.00046875 0.0078125 1.22466E-10
-0.00515625 0.0859375 1.22929E-10
0.0135937 0.226562 1.22319E-10
-0.0135937 0.226562 1.2323E-10
0.00984375 0.164062 1.20294E-10
0.0126562 0.210938 1.23175E-10
-0.0360937 0.601562 1.2076E-10
0.00234375 0.0390625 1.22636E-10
0.0173437 0.289062 1.24121E-10
0.0323438 0.539063 1.22133E-10
-0.00984375 0.164062 1.20138E-10
0.00140625 0.0234375 1.19456E-10
0.00515625 0.0859375 1.21953E-10
-0.00515625 0.0859375 1.21689E-10
0.0117188 0.195312 1.2137E-10
0.0192187 0.320312 1.19123E-10
-0.00234375 0.0390625 1.21969E-10
0.00609375 0.101563 1.19465E-10
-0.0117188 0.195312 1.19673E-10
-0.00046875 0.0078125 1.20666E-10
-0.0117188 0.195312 1.23746E-10
-0.00140625 0.0234375 1.2174E-10
-0.00515625 0.0859375 1.21791E-10
-0.00046875 0.0078125 1.22789E-10
-0.00140625 0.0234375 1.20193E-10
0.00421875 0.0703125 1.19766E-10
-0.00515625 0.0859375 1.23011E-10
-0.0182812 0.304688 1.23479E-10
-0.00984375 0.164062 1.21528E-10
0.0154687 0.257812 1.23382E-10
0.00984375 0.164062 1.19806E-10
0.0154687 0.257812 1.2161E-10
-0.00140625 0.0234375 1.22368E-10
-0.0285937 0.476562 1.19493E-10
-0.00796875 0.132812 1.23316E-10
0.00984375 0.164062 1.23996E-10
-0.0107812 0.179688 1.21331E-10
0.00046875 0.0078125 1.21908E-10
-0.0173437 0.289062 1.23569E-10
0.0192187 0.320312 1.21527E-10
-0.00328125 0.0546875 1.22796E-10
0.0229688 0.382813 1.21249E-10
0.00046875 0.0078125 1.21093E-10
-0.0220313 0.367188 1.20774E-10
0.00140625 0.0234375 1.2221E-10
-0.00140625 0.0234375 1.19866E-10
-0.0107812 0.179688 1.19252E-10
-0.0135937 0.226562 1.2234E-10
0.00140625 0.0234375 1.20689E-10
-0.00703125 0.117188 1.21584E-10
0.00328125 0.0546875 1.19783E-10
-0.00796875 0.132812 1.21858E-10
0.0154687 0.257812 1.21469E-10
-0.00046875 0.0078125 1.2109E-10
-0.0192187 0.320312 1.24175E-10
0.00703125 0.117188 1.20438E-10
0.00046875 0.0078125 1.22861E-10
-0.0117188 0.195312 1.20265E-10
-0.00046875 0.0078125 1.2148E-10
0.0164062 0.273437 1.23365E-10
-0.00140625 0.0234375 1.20908E-10
0.00515625 0.0859375 1.20574E-10
0.0229688 0.382813 1.20627E-10
-0.0201563 0.335938 1.22144E-10
0.00890625 0.148438 1.19891E-10
-0.00609375 0.101563 1.22367E-10
-0.00234375 0.0390625 1.22881E-10
-0.0145312 0.242188 1.20527E-10
-0.00609375 0.101563 1.23447E-10
0.0257812 0.429688 1.21134E-10
-0.00515625 0.0859375 1.23066E-10
-0.0126562 0.210938 1.18239E-10
-0.0173437 0.289062 1.23888E-10
0.00890625 0.148438 1.23818E-10
0.00046875 0.0078125 1.22379E-10
0.0126562 0.210938 1.22662E-10
-0.0182812 0.304688 1.21898E-10
0.0164062 0.273437 1.21493E-10
-0.0107812 0.179688 1.23898E-10
-0.00046875 0.0078125 1.2195E-10
-0.00046875 0.0078125 1.22674E-10
0.0145312 0.242188 1.22826E-10
-0.0239062 0.398437 1.2347E-10
-0.00609375 0.101563 1.20861E-10
0.00140625 0.0234375 1.22655E-10
0.00421875 0.0703125 1.21956E-10
0.00703125 0.117188 1.19511E-10
-0.0126562 0.210938 1.23497E-10
-0.00328125 0.0546875 1.23795E-10
0.0182812 0.304688 1.2153E-10
-0.00421875 0.0703125 1.23503E-10
0.00609375 0.101563 1.22214E-10
-0.00046875 0.0078125 1.19235E-10
-0.00421875 0.0703125 1.23432E-10
-0.00421875 0.0703125 1.20334E-10
0.00890625 0.148438 1.20611E-10
-0.00703125 0.117188 1.19651E-10
-0.0164062 0.273437 1.21609E-10
-0.0201563 0.335938 1.21613E-10
-0.00140625 0.0234375 1.23542E-10
-0.0145312 0.242188 1.19319E-10
-0.00234375 0.0390625 1.22702E-10
0.0164062 0.273437 1.22476E-10
0.00984375 0.164062 1.21821E-10
0.00515625 0.0859375 1.22767E-10
0.00515625 0.0859375 1.21729E-10
-0.00421875 0.0703125 1.2154E-10
-0.0107812 0.179688 1.20566E-10
0.00328125 0.0546875 1.23841E-10
-0.00890625 0.148438 1.23571E-10
0.00796875 0.132812 1.22331E-10
-0.00984375 0.164062 1.20708E-10
-0.00046875 0.0078125 1.19737E-10
-0.0164062 0.273437 1.22176E-10
0.00609375 0.101563 1.22224E-10
-0.0107812 0.179688 1.21362E-10
-0.00234375 0.0390625 1.20911E-10
0.00703125 0.117188 1.20942E-10
0.0164062 0.273437 1.20001E-10
0.00140625 0.0234375 1.23353E-10
0.00046875 0.0078125 1.22251E-10
-0.0107812 0.179688 1.2306E-10
-0.0126562 0.210938 1.21333E-10
0.0173437 0.289062 1.21304E-10
0.00609375 0.101563 1.20545E-10
0.00703125 0.117188 1.20602E-10
0.00140625 0.0234375 1.20419E-10
-0.0117188 0.195312 1.21434E-10
-0.00515625 0.0859375 1.2381E-10
0.00796875 0.132812 1.22022E-10
-0.00328125 0.0546875 1.20839E-10
0.00703125 0.117188 1.22417E-10
-0.0135937 0.226562 1.199E-10
-0.0107812 0.179688 1.1954E-10
-0.00515625 0.0859375 1.20196E-10
-0.0201563 0.335938 1.24118E-10
-0.0229688 0.382813 1.20096E-10
0.00140625 0.0234375 1.21657E-10
-0.00890625 0.148438 1.22019E-10
-0.00703125 0.117188 1.21544E-10
-0.0126562 0.210938 1.21005E-10
0.00328125 0.0546875 1.19781E-10
-0.00890625 0.148438 1.2222E-10
0.0229688 0.382813 1.19938E-10
0.00703125 0.117188 1.21214E-10
-0.00515625 0.0859375 1.21466E-10
0.00234375 0.0390625 1.22058E-10
-0.00890625 0.148438 1.20425E-10
0.00796875 0.132812 1.1985E-10
0.00421875 0.0703125 1.20979E-10
0.0173437 0.289062 1.19622E-10
-0.00609375 0.101563 1.23116E-10
0.00796875 0.132812 1.22E-10
-0.00703125 0.117188 1.20011E-10
-0.0210937 0.351562 1.23308E-10
-0.0229688 0.382813 1.21861E-10
0.0192187 0.320312 1.21799E-10
0.0248437 0.414062 1.21055E-10
0.00890625 0.148438 1.23532E-10
0.0117188 0.195312 1.20903E-10
-0.0154687 0.257812 1.22879E-10
0.0295312 0.492188 1.20043E-10
0.00515625 0.0859375 1.21596E-10
-0.00234375 0.0390625 1.22575E-10
-0.00890625 0.148438 1.20644E-10
-0.0182812 0.304688 1.23062E-10
-0.00234375 0.0390625 1.22617E-10
0.00609375 0.101563 1.21792E-10
0.00890625 0.148438 1.23909E-10
-0.00328125 0.0546875 1.22173E-10
0.0135937 0.226562 1.20875E-10
-0.00328125 0.0546875 1.22637E-10
0.0117188 0.195312 1.20914E-10
-0.00421875 0.0703125 1.22769E-10
0.00703125 0.117188 1.21264E-10
-0.0117188 0.195312 1.22153E-10
-0.0135937 0.226562 1.20437E-10
-0.00046875 0.0078125 1.23401E-10
0.00984375 0.164062 1.23481E-10
0.00328125 0.0546875 1.23135E-10
0.00515625 0.0859375 1.22829E-10
0.00984375 0.164062 1.21193E-10
0.0135937 0.226562 1.23221E-10
0.0154687 0.257812 1.21246E-10
0.00328125 0.0546875 1.23218E-10
-0.00703125 0.117188 1.20833E-10
0.00609375 0.101563 1.23526E-10
0.00609375 0.101563 1.19313E-10
-0.0182812 0.304688 1.22235E-10
-0.00140625 0.0234375 1.24289E-10
-0.0229688 0.382813 1.2145E-10
-0.00421875 0.0703125 1.20423E-10
0.00984375 0.164062 1.20163E-10
-0.00328125 0.0546875 1.23215E-10
0.00515625 0.0859375 1.21856E-10
-0.00421875 0.0703125 1.21084E-10
0.00140625 0.0234375 1.23828E-10
0.00796875 0.132812 1.23094E-10
0.00140625 0.0234375 1.22744E-10
-0.00140625 0.0234375 1.19162E-10
0.00421875 0.0703125 1.20241E-10
-0.00140625 0.0234375 1.22314E-10
0.00984375 0.164062 1.2124E-10
0.0117188 0.195312 1.20704E-10
-0.00421875 0.0703125 1.19222E-10
0.00234375 0.0390625 1.22983E-10
0.0145312 0.242188 1.19171E-10
-0.0126562 0.210938 1.23822E-10
0.00703125 0.117188 1.19955E-10
0.00234375 0.0390625 1.22077E-10
0.00046875 0.0078125 1.19308E-10
0.0220313 0.367188 1.23127E-10
-0.00609375 0.101563 1.2164E-10
-0.00421875 0.0703125 1.21466E-10
-0.00234375 0.0390625 1.23258E-10
0.0192187 0.320312 1.1993E-10
0.00421875 0.0703125 1.19916E-10
0.00046875 0.0078125 1.20702E-10
-0.0154687 0.257812 1.2188E-10
0.0107812 0.179688 1.21459E-10
0.0192187 0.320312 1.23778E-10
-0.0173437 0.289062 1.19063E-10
0.00984375 0.164062 1.20854E-10
0.00140625 0.0234375 1.22342E-10
-0.00796875 0.132812 1.20151E-10
0.00046875 0.0078125 1.21047E-10
0.0126562 0.210938 1.22153E-10
0.00703125 0.117188 1.19964E-10
-0.00984375 0.164062 1.2217E-10
0.00609375 0.101563 1.2301E-10
-0.00609375 0.101563 1.18593E-10
0.00890625 0.148438 1.21259E-10
-0.0145312 0.242188 1.22538E-10
0.0135937 0.226562 1.20248E-10
-0.00234375 0.0390625 1.20936E-10
0.00609375 0.101563 1.22096E-10
0.0135937 0.226562 1.22254E-10
0.00984375 0.164062 1.19292E-10
-0.00234375 0.0390625 1.23051E-10
0.00703125 0.117188 1.23561E-10
-0.0239062 0.398437 1.21225E-10
-0.00796875 0.132812 1.19778E-10
0.00140625 0.0234375 1.20271E-10
-0.00515625 0.0859375 1.22502E-10
-0.0164062 0.273437 1.19754E-10
0.0201563 0.335938 1.17939E-10
-0.00796875 0.132812 1.19549E-10
-0.00234375 0.0390625 1.21196E-10
0.00609375 0.101563 1.18988E-10
-0.0145312 0.242188 1.22675E-10
0.00421875 0.0703125 1.20722E-10
-0.0154687 0.257812 1.21713E-10
-0.00515625 0.0859375 1.19227E-10
-0.00984375 0.164062 1.2187E-10
-0.0173437 0.289062 1.22368E-10
0.00234375 0.0390625 1.20763E-10
0.00703125 0.117188 1.21901E-10
0.0117188 0.195312 1.18655E-10
0.00140625 0.0234375 1.20998E-10
-0.00609375 0.101563 1.20729E-10
0.00046875 0.0078125 1.19483E-10
-0.00046875 0.0078125 1.2065E-10
0.00796875 0.132812 1.20977E-10
-0.0126562 0.210938 1.22389E-10
-0.00515625 0.0859375 1.23573E-10
-0.00140625 0.0234375 1.21966E-10
-0.00984375 0.164062 1.23361E-10
0.00046875 0.0078125 1.2226E-10
-0.00515625 0.0859375 1.20365E-10
0.00984375 0.164062 1.21689E-10
-0.00515625 0.0859375 1.23317E-10
-0.00703125 0.117188 1.23474E-10
-0.00328125 0.0546875 1.21747E-10
0.0135937 0.226562 1.2065E-10
-0.00609375 0.101563 1.20664E-10
0.0107812 0.179688 1.20639E-10
-0.00421875 0.0703125 1.19458E-10
-0.0117188 0.195312 1.20286E-10
0.00046875 0.0078125 1.22817E-10
0.0201563 0.335938 1.22708E-10
0.0145312 0.242188 1.19343E-10
0.00421875 0.0703125 1.20301E-10
-0.00140625 0.0234375 1.23927E-10
0.00703125 0.117188 1.22074E-10
-0.00328125 0.0546875 1.21712E-10
0.00515625 0.0859375 1.22484E-10
0.00046875 0.0078125 1.20856E-10
-0.00234375 0.0390625 1.20882E-10
-0.00890625 0.148438 1.21357E-10
0.00140625 0.0234375 1.22939E-10
-0.00234375 0.0390625 1.19514E-10
-0.00421875 0.0703125 1.23447E-10
-0.0192187 0.320312 1.1922E-10
0.0117188 0.195312 1.22203E-10
0.00703125 0.117188 1.21998E-10
-0.0182812 0.304688 1.21701E-10
0.0164062 0.273437 1.19476E-10
0.00796875 0.132812 1.22602E-10
-0.00328125 0.0546875 1.22935E-10
-0.00140625 0.0234375 1.20445E-10
0.0164062 0.273437 1.20375E-10
-0.0229688 0.382813 1.24085E-10
0.00890625 0.148438 1.21193E-10
0.00140625 0.0234375 1.19833E-10
-0.00796875 0.132812 1.21811E-10
-0.00046875 0.0078125 1.20258E-10
-0.0173437 0.289062 1.22369E-10
-0.00703125 0.117188 1.22999E-10
0.00421875 0.0703125 1.19881E-10
-0.00234375 0.0390625 1.20221E-10
0.00046875 0.0078125 1.22458E-10
0.0201563 0.335938 1.23765E-10
0.00046875 0.0078125 1.22187E-10
0.00984375 0.164062 1.21219E-10
-0.0154687 0.257812 1.22988E-10
0.00046875 0.0078125 1.23282E-10
-0.00421875 0.0703125 1.20823E-10
-0.00421875 0.0703125 1.22286E-10
-0.0145312 0.242188 1.2357E-10
0.0126562 0.210938 1.23419E-10
-0.00046875 0.0078125 1.22052E-10
-0.00046875 0.0078125 1.24224E-10
-0.00609375 0.101563 1.20543E-10
-0.00421875 0.0703125 1.22209E-10
-0.00421875 0.0703125 1.20451E-10
-0.0173437 0.289062 1.208E-10
-0.00984375 0.164062 1.23808E-10
0.00796875 0.132812 1.2236E-10
-0.0182812 0.304688 1.19966E-10
-0.00140625 0.0234375 1.21206E-10
0.00421875 0.0703125 1.20572E-10
0.00328125 0.0546875 1.22468E-10
0.00609375 0.101563 1.23393E-10
-0.0154687 0.257812 1.2275E-10
-0.0229688 0.382813 1.22133E-10
-0.00328125 0.0546875 1.20721E-10
0.00796875 0.132812 1.18885E-10
-0.0201563 0.335938 1.19943E-10
0.00515625 0.0859375 1.2335E-10
-0.00421875 0.0703125 1.23576E-10
-0.00890625 0.148438 1.19329E-10
0.00515625 0.0859375 1.23621E-10
-0.00796875 0.132812 1.21964E-10
-0.0154687 0.257812 1.20012E-10
