-0.00890625 0.148438 3.12889E-10
-0.00609375 0.101563 3.06695E-10
-0.00234375 0.0390625 3.12035E-10
0.00234375 0.0390625 3.06782E-10
-0.0117188 0.195312 3.14727E-10
0.00046875 0.0078125 3.1569E-10
0.00421875 0.0703125 3.15666E-10
0.00609375 0.101563 3.06433E-10
-0.00046875 0.0078125 3.0515E-10
-0.0135937 0.226562 3.15831E-10
-0.0164062 0.273437 3.0861E-10
0.00609375 0.101563 3.18334E-10
0.0164062 0.273437 3.04805E-10
0.0239062 0.398437 3.19594E-10
-0.00140625 0.0234375 3.15238E-10
-0.00140625 0.0234375 3.01772E-10
0.00984375 0.164062 3.08762E-10
0.00328125 0.0546875 3.20396E-10
-0.0145312 0.242188 3.03775E-10
-0.00515625 0.0859375 3.04168E-10
-0.0154687 0.257812 3.16478E-10
-0.00421875 0.0703125 3.13838E-10
-0.00140625 0.0234375 3.06053E-10
0.0220313 0.367188 3.0652E-10
-0.0126562 0.210938 3.13223E-10
-0.0107812 0.179688 3.0767E-10
-0.00328125 0.0546875 3.1394E-10
-0.0126562 0.210938 3.05672E-10
0.00609375 0.101563 3.04821E-10
-0.0126562 0.210938 3.06043E-10
0.00703125 0.117188 3.0532E-10
-0.00046875 0.0078125 3.04563E-10
0.00609375 0.101563 3.08294E-10
0.00703125 0.117188 3.13633E-10
0.00796875 0.132812 3.13463E-10
-0.00421875 0.0703125 3.16026E-10
0.00046875 0.0078125 3.22036E-10
0.00515625 0.0859375 3.1506E-10
-0.0126562 0.210938 3.14304E-10
0.00421875 0.0703125 3.14273E-10
-0.00046875 0.0078125 3.08258E-10
-0.00984375 0.164062 3.07297E-10
-0.00515625 0.0859375 3.04761E-10
0.00421875 0.0703125 3.04624E-10
0.00609375 0.101563 3.12164E-10
-0.00046875 0.0078125 3.13285E-10
0.0173437 0.289062 3.13233E-10
0.00140625 0.0234375 3.14363E-10
0.00796875 0.132812 3.17733E-10
-0.00421875 0.0703125 3.12674E-10
-0.00421875 0.0703125 3.12749E-10
-0.0107812 0.179688 3.1449E-10
-0.0107812 0.179688 3.16597E-10
-0.00046875 0.0078125 3.12695E-10
-0.00234375 0.0390625 3.12884E-10
0.00234375 0.0390625 3.09308E-10
0.00328125 0.0546875 3.04584E-10
-0.00984375 0.164062 3.18476E-10
-0.00140625 0.0234375 3.05558E-10
0.00890625 0.148438 3.10801E-10
0.00703125 0.117188 3.05336E-10
0.0135937 0.226562 3.04054E-10
-0.00515625 0.0859375 3.12478E-10
-0.00046875 0.0078125 3.08373E-10
-0.00421875 0.0703125 3.12917E-10
-0.00796875 0.132812 3.09929E-10
0.00515625 0.0859375 3.18769E-10
0.00140625 0.0234375 3.09861E-10
-0.00984375 0.164062 3.08948E-10
-0.00609375 0.101563 3.13859E-10
-0.00140625 0.0234375 3.06492E-10
-0.00421875 0.0703125 3.08462E-10
-0.00609375 0.101563 3.09115E-10
0.0164062 0.273437 3.12229E-10
0.00328125 0.0546875 3.12626E-10
0.0145312 0.242188 3.13456E-10
0.00984375 0.164062 3.1262E-10
-0.0126562 0.210938 3.12788E-10
0.00984375 0.164062 3.14959E-10
0.00046875 0.0078125 3.15105E-10
-0.00890625 0.148438 3.06089E-10
0.0164062 0.273437 3.05843E-10
-0.0135937 0.226562 3.151E-10
-0.00984375 0.164062 3.06171E-10
0.0295312 0.492188 3.13917E-10
-0.00234375 0.0390625 3.14723E-10
-0.00890625 0.148438 3.08738E-10
0.00703125 0.117188 3.15635E-10
0.00234375 0.0390625 3.19444E-10
-0.00328125 0.0546875 3.10198E-10
0.00890625 0.148438 3.12976E-10
-0.00328125 0.0546875 3.17552E-10
-0.00421875 0.0703125 3.10881E-10
0.00515625 0.0859375 3.07431E-10
0.00140625 0.0234375 3.06993E-10
-0.00140625 0.0234375 3.14853E-10
0.00796875 0.132812 3.14196E-10
-0.00703125 0.117188 3.12958E-10
-0.00890625 0.148438 3.09856E-10
0.00328125 0.0546875 3.12661E-10
0.0145312 0.242188 3.06108E-10
0.00234375 0.0390625 3.16217E-10
-0.0229688 0.382813 3.12317E-10
0.00140625 0.0234375 3.05382E-10
-0.00515625 0.0859375 3.12894E-10
0.0117188 0.195312 3.15164E-10
0.00703125 0.117188 3.12655E-10
0.00796875 0.132812 3.10108E-10
-0.00796875 0.132812 3.0509E-10
-0.0135937 0.226562 3.13666E-10
0.0135937 0.226562 3.08083E-10
0.00984375 0.164062 3.12493E-10
0.0117188 0.195312 3.09382E-10
0.00890625 0.148438 3.15316E-10
-0.00046875 0.0078125 3.10282E-10
-0.0107812 0.179688 3.06089E-10
0.00234375 0.0390625 3.09093E-10
-0.00046875 0.0078125 3.08793E-10
-0.0117188 0.195312 3.12384E-10
-0.0117188 0.195312 3.1048E-10
-0.00234375 0.0390625 3.13259E-10
-0.00140625 0.0234375 3.12642E-10
-0.00140625 0.0234375 3.05279E-10
0.00234375 0.0390625 3.06866E-10
0.00609375 0.101563 3.16222E-10
0.00609375 0.101563 3.06105E-10
0.00890625 0.148438 3.09777E-10
-0.00046875 0.0078125 3.12984E-10
0.00234375 0.0390625 3.07268E-10
0.00140625 0.0234375 3.12814E-10
-0.00046875 0.0078125 3.13272E-10
-0.0126562 0.210938 3.09543E-10
-0.0107812 0.179688 3.06243E-10
-0.0117188 0.195312 3.15349E-10
-0.00703125 0.117188 3.06055E-10
-0.0107812 0.179688 3.02697E-10
-0.00515625 0.0859375 3.05575E-10
-0.0164062 0.273437 3.12407E-10
-0.00140625 0.0234375 3.05107E-10
-0.00421875 0.0703125 3.14054E-10
0.00421875 0.0703125 3.05661E-10
0.00796875 0.132812 3.05772E-10
0.0117188 0.195312 3.16377E-10
-0.0126562 0.210938 3.1591E-10
-0.00984375 0.164062 3.11924E-10
0.00234375 0.0390625 3.04851E-10
-0.00609375 0.101563 3.06626E-10
0.0107812 0.179688 3.12947E-10
-0.00421875 0.0703125 3.05063E-10
0.0154687 0.257812 3.15865E-10
-0.00234375 0.0390625 3.13399E-10
0.00890625 0.148438 3.05294E-10
-0.00140625 0.0234375 3.11544E-10
0.0117188 0.195312 3.12124E-10
0.00234375 0.0390625 3.07704E-10
0.00609375 0.101563 3.21904E-10
0.0173437 0.289062 3.12033E-10
0.00046875 0.0078125 3.21096E-10
0.00609375 0.101563 3.07978E-10
0.00609375 0.101563 3.06817E-10
0.0145312 0.242188 3.1544E-10
0.0126562 0.210938 3.08312E-10
-0.0117188 0.195312 3.1214E-10
-0.00890625 0.148438 3.22241E-10
-0.00046875 0.0078125 3.15995E-10
0.0107812 0.179688 3.07763E-10
0.00140625 0.0234375 3.20425E-10
-0.00609375 0.101563 3.15736E-10
0.00984375 0.164062 3.05977E-10
-0.00703125 0.117188 3.1373E-10
0.0117188 0.195312 3.15004E-10
0.00890625 0.148438 3.10741E-10
0.00515625 0.0859375 3.09975E-10
-0.00890625 0.148438 3.13675E-10
0.0126562 0.210938 3.04388E-10
-0.00234375 0.0390625 3.07302E-10
-0.00609375 0.101563 3.05443E-10
0.00234375 0.0390625 3.11591E-10
-0.00046875 0.0078125 3.15079E-10
0.00515625 0.0859375 3.07694E-10
-0.00609375 0.101563 3.05581E-10
-0.00796875 0.132812 3.12441E-10
0.0126562 0.210938 3.13157E-10
0.00328125 0.0546875 3.05073E-10
0.00140625 0.0234375 3.13669E-10
0.0107812 0.179688 3.14075E-10
0.0107812 0.179688 3.13016E-10
0.0229688 0.382813 3.19111E-10
-0.0117188 0.195312 3.07877E-10
0.0107812 0.179688 3.05825E-10
0.00984375 0.164062 3.06092E-10
0.0164062 0.273437 3.20238E-10
0.00515625 0.0859375 3.02761E-10
0.0135937 0.226562 3.06417E-10
0.00421875 0.0703125 3.0955E-10
-0.00328125 0.0546875 3.11999E-10
0.0107812 0.179688 3.06731E-10
-0.00421875 0.0703125 3.03729E-10
0.0145312 0.242188 3.0608E-10
0.0201563 0.335938 3.13566E-10
0.00984375 0.164062 3.03816E-10
-0.00328125 0.0546875 3.18106E-10
-0.00515625 0.0859375 3.14837E-10
-0.00234375 0.0390625 3.09647E-10
-0.00515625 0.0859375 3.12331E-10
0.00140625 0.0234375 3.03415E-10
0.0210937 0.351562 3.06272E-10
0.00609375 0.101563 3.09336E-10
-0.00515625 0.0859375 3.16765E-10
-0.00796875 0.132812 3.15803E-10
-0.00421875 0.0703125 3.15866E-10
-0.00421875 0.0703125 3.15578E-10
0.00890625 0.148438 3.13167E-10
0.00796875 0.132812 3.14571E-10
0.00703125 0.117188 3.11966E-10
-0.00234375 0.0390625 3.02697E-10
-0.00515625 0.0859375 3.2295E-10
0.00703125 0.117188 3.11746E-10
-0.00890625 0.148438 3.14403E-10
-0.00234375 0.0390625 3.09023E-10
0.0126562 0.210938 3.06916E-10
0.00140625 0.0234375 3.17948E-10
0.00234375 0.0390625 3.13043E-10
0.00328125 0.0546875 3.13464E-10
0.00234375 0.0390625 3.07425E-10
0.0239062 0.398437 3.12546E-10
-0.00421875 0.0703125 3.11116E-10
-0.00234375 0.0390625 3.09245E-10
-0.00890625 0.148438 3.08985E-10
-0.00421875 0.0703125 3.08659E-10
0.00140625 0.0234375 3.1484E-10
0.00046875 0.0078125 3.19261E-10
0.00234375 0.0390625 3.14773E-10
-0.0173437 0.289062 3.16827E-10
-0.0210937 0.351562 3.18212E-10
0.00421875 0.0703125 3.02625E-10
-0.00140625 0.0234375 3.21138E-10
0.00890625 0.148438 3.08879E-10
0.00234375 0.0390625 3.1213E-10
0.00421875 0.0703125 3.07085E-10
-0.00890625 0.148438 3.14454E-10
0.00515625 0.0859375 3.04851E-10
0.00796875 0.132812 3.13381E-10
0.00703125 0.117188 3.06802E-10
0.00609375 0.101563 3.06851E-10
-0.0154687 0.257812 3.11337E-10
-0.0107812 0.179688 3.05042E-10
-0.00796875 0.132812 3.06249E-10
0.00984375 0.164062 3.04744E-10
0.0164062 0.273437 3.12598E-10
-0.00984375 0.164062 3.19186E-10
0.00703125 0.117188 3.05607E-10
-0.00796875 0.132812 3.07025E-10
0.0154687 0.257812 3.18E-10
-0.0117188 0.195312 3.0639E-10
0.00890625 0.148438 3.13235E-10
-0.00421875 0.0703125 3.12438E-10
0.00515625 0.0859375 3.04481E-10
-0.00234375 0.0390625 3.1962E-10
0.00609375 0.101563 3.14936E-10
0.00796875 0.132812 3.12054E-10
-0.00234375 0.0390625 3.04652E-10
-0.00140625 0.0234375 3.02381E-10
0.00703125 0.117188 3.12419E-10
-0.00703125 0.117188 3.14231E-10
0.00703125 0.117188 3.17954E-10
0.00234375 0.0390625 3.1491E-10
-0.00421875 0.0703125 3.12872E-10
0.00890625 0.148438 3.09242E-10
0.00328125 0.0546875 3.2049E-10
0.0117188 0.195312 3.14003E-10
-0.0117188 0.195312 3.15247E-10
-0.0154687 0.257812 3.14651E-10
-0.00421875 0.0703125 3.01728E-10
0.0267187 0.445312 3.02293E-10
0.0126562 0.210938 3.06007E-10
0.0285937 0.476562 3.16332E-10
0.00703125 0.117188 3.07524E-10
-0.00046875 0.0078125 3.06354E-10
-0.00515625 0.0859375 3.16216E-10
0.00703125 0.117188 3.05459E-10
-0.00421875 0.0703125 3.04204E-10
0.00609375 0.101563 3.14544E-10
0.00046875 0.0078125 3.06589E-10
0.0107812 0.179688 3.0513E-10
0.0164062 0.273437 3.12772E-10
0.00140625 0.0234375 3.07067E-10
0.00140625 0.0234375 3.05078E-10
0.00046875 0.0078125 3.12566E-10
-0.00890625 0.148438 3.12841E-10
-0.00140625 0.0234375 3.09373E-10
0.00046875 0.0078125 3.17219E-10
0.00328125 0.0546875 3.05238E-10
-0.0276563 0.460938 3.05502E-10
0.0107812 0.179688 3.14429E-10
0.0173437 0.289062 3.1589E-10
0.0164062 0.273437 3.05234E-10
-0.00703125 0.117188 3.10709E-10
0.00140625 0.0234375 3.04563E-10
-0.00046875 0.0078125 3.15515E-10
0.0154687 0.257812 3.07035E-10
-0.00234375 0.0390625 3.11974E-10
-0.00515625 0.0859375 3.13327E-10
-0.00515625 0.0859375 3.09594E-10
-0.00984375 0.164062 3.1315E-10
-0.00046875 0.0078125 3.17814E-10
0.00046875 0.0078125 3.14883E-10
0.00984375 0.164062 3.03669E-10
-0.00234375 0.0390625 3.12755E-10
-0.00796875 0.132812 3.04622E-10
0.00328125 0.0546875 3.12511E-10
-0.00234375 0.0390625 3.16103E-10
0.0107812 0.179688 3.11567E-10
-0.00046875 0.0078125 3.14742E-10
0.00890625 0.148438 3.03652E-10
0.00609375 0.101563 3.15514E-10
-0.0210937 0.351562 3.18541E-10
0.0107812 0.179688 3.12769E-10
0.00328125 0.0546875 3.10782E-10
0.00890625 0.148438 3.05351E-10
0.00234375 0.0390625 3.05999E-10
-0.00609375 0.101563 3.05736E-10
0.0135937 0.226562 3.18871E-10
-0.00796875 0.132812 3.06376E-10
-0.0201563 0.335938 3.12763E-10
0.00703125 0.117188 3.1199E-10
0.0135937 0.226562 3.12562E-10
0.00046875 0.0078125 3.06457E-10
-0.00140625 0.0234375 3.04521E-10
-0.0182812 0.304688 3.1579E-10
-0.0145312 0.242188 3.05842E-10
0.0107812 0.179688 3.14431E-10
0.00515625 0.0859375 3.07071E-10
0.00796875 0.132812 3.1388E-10
-0.00421875 0.0703125 3.09996E-10
0.00234375 0.0390625 3.14175E-10
-0.00515625 0.0859375 3.06815E-10
-0.00609375 0.101563 3.14521E-10
-0.00328125 0.0546875 3.17549E-10
-0.00140625 0.0234375 3.06481E-10
-0.00421875 0.0703125 3.13606E-10
-0.00984375 0.164062 3.04231E-10
-0.00421875 0.0703125 3.07432E-10
-0.00046875 0.0078125 3.12856E-10
-0.0192187 0.320312 3.11548E-10
0.0135937 0.226562 3.1454E-10
-0.00328125 0.0546875 3.12733E-10
-0.00421875 0.0703125 3.11264E-10
-0.0126562 0.210938 3.03461E-10
-0.00140625 0.0234375 3.06476E-10
-0.00890625 0.148438 3.1641E-10
0.0173437 0.289062 3.1498E-10
0.00328125 0.0546875 3.04975E-10
0.00140625 0.0234375 3.13593E-10
-0.00328125 0.0546875 3.09745E-10
0.0145312 0.242188 3.03702E-10
-0.00421875 0.0703125 3.1592E-10
-0.00234375 0.0390625 3.10922E-10
0.00046875 0.0078125 3.141E-10
0.00703125 0.117188 3.06502E-10
0.00140625 0.0234375 3.131E-10
0.00796875 0.132812 3.08938E-10
0.00421875 0.0703125 3.12496E-10
-0.00609375 0.101563 3.12597E-10
-0.00515625 0.0859375 3.13561E-10
-0.00609375 0.101563 3.15244E-10
0.00796875 0.132812 3.04808E-10
-0.0154687 0.257812 3.05987E-10
-0.00046875 0.0078125 3.1866E-10
0.0229688 0.382813 3.04703E-10
-0.0201563 0.335938 3.14302E-10
0.00984375 0.164062 3.05568E-10
0.00890625 0.148438 3.02716E-10
0.00046875 0.0078125 3.17378E-10
0.00609375 0.101563 3.14634E-10
0.00609375 0.101563 3.06195E-10
0.0164062 0.273437 3.04499E-10
0.00046875 0.0078125 3.05536E-10
0.00515625 0.0859375 3.07243E-10
-0.00421875 0.0703125 3.07552E-10
-0.00328125 0.0546875 3.06842E-10
-0.00515625 0.0859375 3.06526E-10
0.00703125 0.117188 3.15136E-10
-0.00703125 0.117188 3.15545E-10
-0.00515625 0.0859375 3.14351E-10
-0.00046875 0.0078125 3.06821E-10
0.0107812 0.179688 3.13521E-10
-0.0135937 0.226562 3.05484E-10
0.0117188 0.195312 3.05954E-10
-0.00140625 0.0234375 3.09822E-10
0.00421875 0.0703125 3.14612E-10
0.00234375 0.0390625 3.11182E-10
0.0192187 0.320312 3.12757E-10
0.00609375 0.101563 3.11469E-10
-0.00234375 0.0390625 3.05727E-10
-0.00234375 0.0390625 3.13942E-10
-0.00421875 0.0703125 3.14249E-10
0.00796875 0.132812 3.07318E-10
-0.00703125 0.117188 3.05956E-10
-0.0145312 0.242188 3.06108E-10
0.00890625 0.148438 3.05956E-10
0.00796875 0.132812 3.13206E-10
-0.00234375 0.0390625 3.12932E-10
0.00890625 0.148438 3.11968E-10
-0.0173437 0.289062 3.18304E-10
-0.00890625 0.148438 3.04239E-10
-0.00984375 0.164062 3.13084E-10
0.0182812 0.304688 3.05251E-10
-0.00515625 0.0859375 3.17246E-10
-0.00140625 0.0234375 3.12958E-10
0.00046875 0.0078125 3.08687E-10
0.00234375 0.0390625 3.17452E-10
0.00609375 0.101563 3.06533E-10
0.00140625 0.0234375 3.13581E-10
0.00890625 0.148438 3.10766E-10
-0.0126562 0.210938 3.12378E-10
-0.00515625 0.0859375 3.18315E-10
-0.00609375 0.101563 3.07966E-10
-0.00421875 0.0703125 3.06894E-10
-0.00046875 0.0078125 3.15901E-10
-0.00890625 0.148438 3.08567E-10
0.0126562 0.210938 3.13452E-10
0.0135937 0.226562 3.17848E-10
-0.00515625 0.0859375 3.06884E-10
0.00515625 0.0859375 3.22305E-10
-0.00046875 0.0078125 3.16203E-10
0.00421875 0.0703125 3.11156E-10
0.0117188 0.195312 3.06748E-10
-0.0126562 0.210938 3.1407E-10
0.00421875 0.0703125 3.14277E-10
-0.0107812 0.179688 3.12655E-10
-0.00609375 0.101563 3.12344E-10
0.00234375 0.0390625 3.09519E-10
-0.0239062 0.398437 3.15658E-10
-0.00609375 0.101563 3.13228E-10
0.0154687 0.257812 3.12653E-10
-0.00046875 0.0078125 3.07327E-10
0.00796875 0.132812 3.03647E-10
0.00703125 0.117188 3.05756E-10
0.00328125 0.0546875 3.07706E-10
0.00140625 0.0234375 3.12375E-10
0.0192187 0.320312 3.15368E-10
-0.0126562 0.210938 3.05676E-10
0.0229688 0.382813 3.13129E-10
0.00984375 0.164062 3.06938E-10
0.00609375 0.101563 3.14338E-10
0.00234375 0.0390625 3.1393E-10
-0.00703125 0.117188 3.144E-10
0.00796875 0.132812 3.0482E-10
-0.00796875 0.132812 3.08363E-10
0.0126562 0.210938 3.14815E-10
-0.00234375 0.0390625 3.03651E-10
-0.00328125 0.0546875 3.15238E-10
-0.00515625 0.0859375 3.13753E-10
0.00984375 0.164062 3.02874E-10
0.0210937 0.351562 3.13451E-10
0.00609375 0.101563 3.12939E-10
0.00234375 0.0390625 3.14088E-10
-0.0154687 0.257812 3.12048E-10
0.00421875 0.0703125 3.05528E-10
-0.00234375 0.0390625 3.15266E-10
0.0220313 0.367188 3.15473E-10
0.0126562 0.210938 3.10108E-10
0.00140625 0.0234375 3.14948E-10
-0.00140625 0.0234375 3.14108E-10
-0.0135937 0.226562 3.147E-10
-0.00890625 0.148438 3.15207E-10
-0.0173437 0.289062 3.06208E-10
0.00234375 0.0390625 3.16893E-10
0.00796875 0.132812 3.04138E-10
-0.00046875 0.0078125 3.06448E-10
0.0182812 0.304688 3.15628E-10
0.00421875 0.0703125 3.04311E-10
-0.00421875 0.0703125 3.06095E-10
0.0117188 0.195312 3.19105E-10
0.00796875 0.132812 3.09873E-10
-0.00890625 0.148438 3.07733E-10
0.0126562 0.210938 3.14607E-10
-0.0126562 0.210938 3.05151E-10
0.00140625 0.0234375 3.06539E-10
-0.00984375 0.164062 3.22523E-10
0.00703125 0.117188 3.08205E-10
-0.00609375 0.101563 3.09891E-10
0.0135937 0.226562 3.13257E-10
-0.00890625 0.148438 3.05477E-10
-0.00609375 0.101563 3.05593E-10
0.00140625 0.0234375 3.12083E-10
0.00328125 0.0546875 3.11264E-10
-0.00234375 0.0390625 3.1751E-10
0.00796875 0.132812 3.1428E-10
-0.0107812 0.179688 3.15743E-10
0.0173437 0.289062 3.08087E-10
0.00140625 0.0234375 3.0326E-10
0.0107812 0.179688 3.19629E-10
-0.00046875 0.0078125 3.13095E-10
-0.00609375 0.101563 3.13707E-10
-0.0135937 0.226562 3.15551E-10
-0.0117188 0.195312 3.09042E-10
-0.00703125 0.117188 3.08088E-10
-0.0154687 0.257812 3.13241E-10
