-0.00703125 0.117188 1.19289E-09
-0.00703125 0.117188 1.24816E-09
-0.00421875 0.0703125 1.19716E-09
-0.00796875 0.132812 1.245E-09
-0.0117188 0.195312 1.16776E-09
-0.00984375 0.164062 1.2186E-09
-0.00703125 0.117188 1.20227E-09
-0.00609375 0.101563 1.23854E-09
0.00328125 0.0546875 1.15858E-09
-0.00984375 0.164062 1.26494E-09
0.00328125 0.0546875 1.18736E-09
0.00890625 0.148438 1.20277E-09
-0.00984375 0.164062 1.16798E-09
-0.00890625 0.148438 1.25741E-09
-0.00609375 0.101563 1.22589E-09
-0.0117188 0.195312 1.23775E-09
0.00421875 0.0703125 1.19526E-09
0.00609375 0.101563 1.26531E-09
-0.00890625 0.148438 1.15082E-09
-0.00140625 0.0234375 1.22564E-09
0.00046875 0.0078125 1.22124E-09
-0.00328125 0.0546875 1.16787E-09
-0.00234375 0.0390625 1.22261E-09
0.0117188 0.195312 1.22028E-09
-0.00703125 0.117188 1.21694E-09
0.00046875 0.0078125 1.20542E-09
-0.00984375 0.164062 1.23388E-09
-0.00703125 0.117188 1.21125E-09
0.0126562 0.210938 1.19583E-09
0.00890625 0.148438 1.12349E-09
-0.00234375 0.0390625 1.26026E-09
0.0107812 0.179688 1.15834E-09
-0.00140625 0.0234375 1.18753E-09
0.00046875 0.0078125 1.19765E-09
0.00234375 0.0390625 1.17029E-09
0.00609375 0.101563 1.17829E-09
0.0107812 0.179688 1.21296E-09
0.00421875 0.0703125 1.19759E-09
0.00609375 0.101563 1.21587E-09
0.00328125 0.0546875 1.23365E-09
-0.0135937 0.226562 1.23918E-09
-0.00140625 0.0234375 1.18727E-09
-0.00234375 0.0390625 1.14729E-09
-0.00421875 0.0703125 1.24471E-09
0.00421875 0.0703125 1.1628E-09
-0.00609375 0.101563 1.24985E-09
0.00609375 0.101563 1.1442E-09
-0.00046875 0.0078125 1.19705E-09
0.0164062 0.273437 1.13807E-09
-0.0107812 0.179688 1.27184E-09
0.00328125 0.0546875 1.23531E-09
0.00984375 0.164062 1.17704E-09
0.00328125 0.0546875 1.16848E-09
0.00046875 0.0078125 1.2348E-09
0.00140625 0.0234375 1.12879E-09
0.00421875 0.0703125 1.24253E-09
0.00703125 0.117188 1.21651E-09
0.0135937 0.226562 1.22635E-09
0.00140625 0.0234375 1.24406E-09
0.00140625 0.0234375 1.21635E-09
-0.00984375 0.164062 1.26629E-09
-0.00328125 0.0546875 1.24473E-09
0.00890625 0.148438 1.24625E-09
-0.0210937 0.351562 1.22589E-09
-0.0154687 0.257812 1.16889E-09
-0.00328125 0.0546875 1.16766E-09
-0.00984375 0.164062 1.18795E-09
-0.00796875 0.132812 1.12844E-09
-0.0126562 0.210938 1.23432E-09
0.00140625 0.0234375 1.23683E-09
0.0135937 0.226562 1.22814E-09
-0.00234375 0.0390625 1.17851E-09
-0.00421875 0.0703125 1.21374E-09
-0.00890625 0.148438 1.21077E-09
0.00328125 0.0546875 1.16799E-09
-0.00796875 0.132812 1.23658E-09
-0.00140625 0.0234375 1.21601E-09
0.00140625 0.0234375 1.24563E-09
-0.0126562 0.210938 1.20775E-09
-0.0126562 0.210938 1.20854E-09
-0.00609375 0.101563 1.24469E-09
0.00890625 0.148438 1.21509E-09
-0.0135937 0.226562 1.22375E-09
-0.00140625 0.0234375 1.1971E-09
-0.00140625 0.0234375 1.17534E-09
-0.00984375 0.164062 1.26669E-09
0.00703125 0.117188 1.14921E-09
0.00140625 0.0234375 1.24846E-09
-0.00421875 0.0703125 1.22083E-09
0.00328125 0.0546875 1.19777E-09
0.00046875 0.0078125 1.20428E-09
-0.00890625 0.148438 1.19713E-09
0.00328125 0.0546875 1.19511E-09
0.0107812 0.179688 1.2265E-09
-0.00328125 0.0546875 1.23709E-09
-0.00984375 0.164062 1.1957E-09
-0.00140625 0.0234375 1.1874E-09
0.00234375 0.0390625 1.2361E-09
-0.00421875 0.0703125 1.21716E-09
-0.0135937 0.226562 1.1771E-09
-0.00421875 0.0703125 1.17899E-09
0.00421875 0.0703125 1.21872E-09
0.00515625 0.0859375 1.17691E-09
-0.00328125 0.0546875 1.22547E-09
0.0117188 0.195312 1.13454E-09
0.00890625 0.148438 1.23313E-09
-0.00515625 0.0859375 1.21233E-09
0.00140625 0.0234375 1.24546E-09
-0.00515625 0.0859375 1.18927E-09
-0.00890625 0.148438 1.17776E-09
-0.00421875 0.0703125 1.14366E-09
-0.00515625 0.0859375 1.15754E-09
0.00984375 0.164062 1.24413E-09
-0.00140625 0.0234375 1.20359E-09
-0.00890625 0.148438 1.24567E-09
-0.0154687 0.257812 1.24635E-09
-0.00984375 0.164062 1.22512E-09
0.00609375 0.101563 1.20642E-09
-0.00515625 0.0859375 1.1741E-09
0.00140625 0.0234375 1.22646E-09
0.0182812 0.304688 1.16043E-09
0.0182812 0.304688 1.2157E-09
-0.00703125 0.117188 1.28064E-09
0.00515625 0.0859375 1.13812E-09
-0.0173437 0.289062 1.17369E-09
-0.00703125 0.117188 1.2044E-09
-0.00421875 0.0703125 1.23579E-09
0.00140625 0.0234375 1.203E-09
-0.00421875 0.0703125 1.25833E-09
-0.00234375 0.0390625 1.19639E-09
0.00515625 0.0859375 1.24046E-09
-0.0154687 0.257812 1.2145E-09
0.0126562 0.210938 1.15664E-09
-0.00703125 0.117188 1.22653E-09
0.00984375 0.164062 1.18619E-09
0.00046875 0.0078125 1.24525E-09
0.0117188 0.195312 1.18767E-09
-0.0107812 0.179688 1.2046E-09
-0.00046875 0.0078125 1.23506E-09
-0.00609375 0.101563 1.16369E-09
-0.00140625 0.0234375 1.24775E-09
-0.00890625 0.148438 1.17396E-09
0.0154687 0.257812 1.23465E-09
-0.0154687 0.257812 1.27642E-09
0.00234375 0.0390625 1.18684E-09
0.0107812 0.179688 1.24362E-09
0.0192187 0.320312 1.20747E-09
-0.00515625 0.0859375 1.1486E-09
-0.0126562 0.210938 1.18567E-09
0.0135937 0.226562 1.17997E-09
0.0117188 0.195312 1.24718E-09
-0.00234375 0.0390625 1.15343E-09
-0.0135937 0.226562 1.19854E-09
0.0107812 0.179688 1.18883E-09
0.00046875 0.0078125 1.20626E-09
-0.00421875 0.0703125 1.15815E-09
-0.00515625 0.0859375 1.14888E-09
-0.0107812 0.179688 1.19227E-09
0.00984375 0.164062 1.16729E-09
0.00515625 0.0859375 1.18732E-09
-0.00328125 0.0546875 1.13861E-09
0.00234375 0.0390625 1.17427E-09
-0.00421875 0.0703125 1.22476E-09
0.00421875 0.0703125 1.32315E-09
-0.00421875 0.0703125 1.21614E-09
-0.00703125 0.117188 1.14739E-09
-0.00796875 0.132812 1.15761E-09
0.0164062 0.273437 1.1578E-09
-0.00796875 0.132812 1.27443E-09
-0.0164062 0.273437 1.23568E-09
-0.0229688 0.382813 1.26603E-09
-0.00515625 0.0859375 1.21814E-09
-0.00796875 0.132812 1.20629E-09
-0.0220313 0.367188 1.26026E-09
0.0220313 0.367188 1.23604E-09
0.00984375 0.164062 1.21807E-09
0.0107812 0.179688 1.23581E-09
0.0182812 0.304688 1.23405E-09
0.0135937 0.226562 1.16122E-09
-0.00234375 0.0390625 1.2197E-09
0.0210937 0.351562 1.22224E-09
-0.00328125 0.0546875 1.19735E-09
-0.00046875 0.0078125 1.25063E-09
-0.0107812 0.179688 1.20238E-09
0.00328125 0.0546875 1.28377E-09
-0.00609375 0.101563 1.20756E-09
0.00703125 0.117188 1.18585E-09
0.00703125 0.117188 1.18912E-09
-0.0164062 0.273437 1.19314E-09
0.00515625 0.0859375 1.23465E-09
0.00421875 0.0703125 1.25578E-09
0.00515625 0.0859375 1.20775E-09
-0.00234375 0.0390625 1.26354E-09
0.0229688 0.382813 1.15804E-09
-0.00609375 0.101563 1.18663E-09
0.00421875 0.0703125 1.1193E-09
-0.00046875 0.0078125 1.21459E-09
0.0164062 0.273437 1.25197E-09
0.00515625 0.0859375 1.19786E-09
-0.00046875 0.0078125 1.22534E-09
-0.0154687 0.257812 1.20539E-09
-0.00234375 0.0390625 1.21689E-09
0.0117188 0.195312 1.25354E-09
0.00796875 0.132812 1.1953E-09
0.00421875 0.0703125 1.19369E-09
-0.00515625 0.0859375 1.2792E-09
0.00984375 0.164062 1.2031E-09
-0.00703125 0.117188 1.20477E-09
0.00609375 0.101563 1.17723E-09
-0.0314062 0.523438 1.32271E-09
0.00984375 0.164062 1.22392E-09
0.00140625 0.0234375 1.23457E-09
0.00984375 0.164062 1.17632E-09
-0.00515625 0.0859375 1.17777E-09
-0.0117188 0.195312 1.18426E-09
-0.0126562 0.210938 1.25024E-09
0.00328125 0.0546875 1.23448E-09
0.0210937 0.351562 1.19937E-09
0.00796875 0.132812 1.2042E-09
0.00890625 0.148438 1.20809E-09
-0.00515625 0.0859375 1.15742E-09
-0.00703125 0.117188 1.22631E-09
-0.00609375 0.101563 1.16894E-09
0.00515625 0.0859375 1.21373E-09
-0.00234375 0.0390625 1.2738E-09
0.00984375 0.164062 1.19814E-09
-0.0145312 0.242188 1.19735E-09
0.00328125 0.0546875 1.19612E-09
0.0229688 0.382813 1.21659E-09
-0.00703125 0.117188 1.24598E-09
0.0182812 0.304688 1.2036E-09
0.00515625 0.0859375 1.20916E-09
0.00515625 0.0859375 1.25095E-09
-0.0117188 0.195312 1.18744E-09
0.00046875 0.0078125 1.20639E-09
-0.00328125 0.0546875 1.24666E-09
-0.0145312 0.242188 1.25373E-09
-0.00421875 0.0703125 1.2265E-09
0.00046875 0.0078125 1.23688E-09
0.00140625 0.0234375 1.22299E-09
0.0276563 0.460938 1.19634E-09
-0.00890625 0.148438 1.18458E-09
-0.00328125 0.0546875 1.23793E-09
0.00984375 0.164062 1.16819E-09
0.0173437 0.289062 1.21387E-09
0.00234375 0.0390625 1.20456E-09
-0.00140625 0.0234375 1.24033E-09
-0.0117188 0.195312 1.20561E-09
-0.00890625 0.148438 1.26843E-09
-0.00890625 0.148438 1.22526E-09
0.00609375 0.101563 1.15358E-09
-0.00890625 0.148438 1.19781E-09
-0.00796875 0.132812 1.23254E-09
-0.00046875 0.0078125 1.1678E-09
-0.00984375 0.164062 1.18439E-09
-0.00515625 0.0859375 1.20683E-09
0.0135937 0.226562 1.2362E-09
0.00421875 0.0703125 1.21645E-09
0.00046875 0.0078125 1.17447E-09
0.00328125 0.0546875 1.24309E-09
0.00421875 0.0703125 1.17708E-09
0.00421875 0.0703125 1.24172E-09
0.00984375 0.164062 1.18481E-09
-0.0164062 0.273437 1.17733E-09
-0.00140625 0.0234375 1.2547E-09
0.0107812 0.179688 1.15795E-09
0.00140625 0.0234375 1.23509E-09
-0.0107812 0.179688 1.25606E-09
0.00796875 0.132812 1.20288E-09
0.00609375 0.101563 1.25728E-09
0.00609375 0.101563 1.1661E-09
0.00234375 0.0390625 1.16911E-09
-0.00515625 0.0859375 1.22318E-09
-0.0182812 0.304688 1.23425E-09
-0.00421875 0.0703125 1.18918E-09
0.00140625 0.0234375 1.26072E-09
0.0107812 0.179688 1.17601E-09
0.00234375 0.0390625 1.18797E-09
0.00984375 0.164062 1.22609E-09
0.00515625 0.0859375 1.24067E-09
-0.00890625 0.148438 1.14825E-09
-0.00421875 0.0703125 1.18763E-09
-0.00515625 0.0859375 1.22494E-09
-0.00796875 0.132812 1.22553E-09
0.00421875 0.0703125 1.18903E-09
0.00234375 0.0390625 1.18734E-09
-0.00515625 0.0859375 1.21063E-09
0.00234375 0.0390625 1.22594E-09
0.00140625 0.0234375 1.16249E-09
-0.00046875 0.0078125 1.19579E-09
0.00421875 0.0703125 1.21834E-09
0.00890625 0.148438 1.20183E-09
0.00703125 0.117188 1.20652E-09
0.0107812 0.179688 1.23889E-09
-0.00421875 0.0703125 1.23799E-09
0.0126562 0.210938 1.19711E-09
0.00796875 0.132812 1.24211E-09
-0.00421875 0.0703125 1.21744E-09
-0.00890625 0.148438 1.18671E-09
-0.0164062 0.273437 1.1825E-09
0.0182812 0.304688 1.22917E-09
-0.0135937 0.226562 1.25076E-09
-0.0164062 0.273437 1.20407E-09
-0.00515625 0.0859375 1.24937E-09
-0.00421875 0.0703125 1.2649E-09
0.00140625 0.0234375 1.22036E-09
-0.0173437 0.289062 1.16805E-09
0.0229688 0.382813 1.19776E-09
-0.0107812 0.179688 1.20248E-09
-0.0107812 0.179688 1.18579E-09
-0.00984375 0.164062 1.21577E-09
-0.0117188 0.195312 1.24197E-09
0.0145312 0.242188 1.17632E-09
0.00046875 0.0078125 1.19531E-09
0.00984375 0.164062 1.2069E-09
0.00703125 0.117188 1.24477E-09
0.00328125 0.0546875 1.16789E-09
0.00609375 0.101563 1.2024E-09
0.0210937 0.351562 1.23012E-09
-0.00515625 0.0859375 1.22382E-09
0.00796875 0.132812 1.20794E-09
0.00234375 0.0390625 1.2348E-09
0.00984375 0.164062 1.16881E-09
-0.00515625 0.0859375 1.23027E-09
-0.00234375 0.0390625 1.21175E-09
-0.0107812 0.179688 1.2231E-09
-0.00703125 0.117188 1.17518E-09
0.00703125 0.117188 1.25399E-09
-0.00046875 0.0078125 1.16464E-09
0.0107812 0.179688 1.21833E-09
0.00421875 0.0703125 1.24384E-09
0.0248437 0.414062 1.20368E-09
0.00890625 0.148438 1.21169E-09
0.00609375 0.101563 1.18481E-09
-0.00515625 0.0859375 1.23718E-09
0.00421875 0.0703125 1.1813E-09
-0.0164062 0.273437 1.20649E-09
-0.00046875 0.0078125 1.22343E-09
0.00703125 0.117188 1.28173E-09
0.0192187 0.320312 1.19475E-09
0.0107812 0.179688 1.19765E-09
0.00421875 0.0703125 1.27914E-09
-0.0135937 0.226562 1.19763E-09
0.00140625 0.0234375 1.25436E-09
-0.0117188 0.195312 1.20609E-09
0.00984375 0.164062 1.23293E-09
0.00984375 0.164062 1.22614E-09
0.00515625 0.0859375 1.2072E-09
-0.00140625 0.0234375 1.18769E-09
-0.00703125 0.117188 1.1864E-09
0.00140625 0.0234375 1.17679E-09
-0.00046875 0.0078125 1.18682E-09
-0.00796875 0.132812 1.23557E-09
0.00609375 0.101563 1.24454E-09
0.00328125 0.0546875 1.1885E-09
-0.00328125 0.0546875 1.20628E-09
0.00609375 0.101563 1.19262E-09
0.00046875 0.0078125 1.1865E-09
0.00046875 0.0078125 1.1867E-09
0.00984375 0.164062 1.16757E-09
-0.00234375 0.0390625 1.18383E-09
0.00421875 0.0703125 1.26476E-09
-0.00890625 0.148438 1.19248E-09
-0.00421875 0.0703125 1.19256E-09
-0.00890625 0.148438 1.18716E-09
-0.00328125 0.0546875 1.26871E-09
0.00984375 0.164062 1.21307E-09
-0.0107812 0.179688 1.19352E-09
0.00703125 0.117188 1.20835E-09
0.00140625 0.0234375 1.22627E-09
-0.0135937 0.226562 1.21414E-09
0.0126562 0.210938 1.1868E-09
0.0117188 0.195312 1.21585E-09
-0.0192187 0.320312 1.25413E-09
0.00140625 0.0234375 1.26697E-09
-0.00046875 0.0078125 1.19808E-09
0.00890625 0.148438 1.24017E-09
-0.00046875 0.0078125 1.21743E-09
0.00796875 0.132812 1.19662E-09
0.00609375 0.101563 1.19764E-09
0.00140625 0.0234375 1.20704E-09
-0.00609375 0.101563 1.24531E-09
-0.00796875 0.132812 1.16666E-09
0.00421875 0.0703125 1.2541E-09
-0.00046875 0.0078125 1.21725E-09
-0.0201563 0.335938 1.21546E-09
0.0192187 0.320312 1.17456E-09
-0.00328125 0.0546875 1.21629E-09
0.00328125 0.0546875 1.25226E-09
-0.00234375 0.0390625 1.19573E-09
-0.00609375 0.101563 1.17607E-09
-0.00046875 0.0078125 1.14915E-09
0.0182812 0.304688 1.18225E-09
-0.00609375 0.101563 1.18926E-09
-0.00984375 0.164062 1.22801E-09
0.00140625 0.0234375 1.18575E-09
0.00234375 0.0390625 1.24007E-09
0.00984375 0.164062 1.24374E-09
0.00046875 0.0078125 1.20418E-09
0.0126562 0.210938 1.21587E-09
-0.00703125 0.117188 1.24466E-09
-0.00421875 0.0703125 1.20649E-09
-0.00890625 0.148438 1.18669E-09
0.00796875 0.132812 1.20632E-09
-0.0117188 0.195312 1.22383E-09
-0.00234375 0.0390625 1.18595E-09
0.00703125 0.117188 1.17176E-09
0.00140625 0.0234375 1.22855E-09
-0.00703125 0.117188 1.1922E-09
-0.00046875 0.0078125 1.18666E-09
0.00515625 0.0859375 1.21762E-09
0.00796875 0.132812 1.19907E-09
-0.0126562 0.210938 1.20611E-09
-0.00984375 0.164062 1.23325E-09
-0.0135937 0.226562 1.17822E-09
0.00796875 0.132812 1.169E-09
-0.00609375 0.101563 1.23545E-09
-0.0107812 0.179688 1.24359E-09
0.00328125 0.0546875 1.14775E-09
0.00609375 0.101563 1.22772E-09
-0.00703125 0.117188 1.18776E-09
-0.00140625 0.0234375 1.24178E-09
0.0173437 0.289062 1.18245E-09
0.00515625 0.0859375 1.20743E-09
-0.0126562 0.210938 1.17675E-09
-0.00328125 0.0546875 1.19724E-09
0.00703125 0.117188 1.20694E-09
0.00984375 0.164062 1.27271E-09
-0.00609375 0.101563 1.27089E-09
-0.00046875 0.0078125 1.17775E-09
0.00703125 0.117188 1.22508E-09
0.00234375 0.0390625 1.1569E-09
0.00046875 0.0078125 1.16693E-09
-0.0117188 0.195312 1.1767E-09
0.0173437 0.289062 1.24509E-09
-0.00421875 0.0703125 1.17622E-09
-0.0173437 0.289062 1.22288E-09
0.0117188 0.195312 1.19714E-09
0.0267187 0.445312 1.15492E-09
0.00140625 0.0234375 1.22919E-09
-0.0135937 0.226562 1.18507E-09
-0.0210937 0.351562 1.2414E-09
-0.00328125 0.0546875 1.21622E-09
0.0107812 0.179688 1.13508E-09
-0.00984375 0.164062 1.25304E-09
0.0164062 0.273437 1.19681E-09
0.00796875 0.132812 1.24243E-09
0.00703125 0.117188 1.21332E-09
-0.00515625 0.0859375 1.27857E-09
-0.00140625 0.0234375 1.30209E-09
-0.00234375 0.0390625 1.2017E-09
0.00515625 0.0859375 1.19376E-09
0.00703125 0.117188 1.22866E-09
-0.00234375 0.0390625 1.22677E-09
-0.00421875 0.0703125 1.20789E-09
-0.00796875 0.132812 1.21677E-09
0.00234375 0.0390625 1.2318E-09
-0.00046875 0.0078125 1.21628E-09
-0.00796875 0.132812 1.24304E-09
-0.00515625 0.0859375 1.24644E-09
-0.0117188 0.195312 1.16658E-09
-0.00515625 0.0859375 1.23251E-09
-0.00796875 0.132812 1.17842E-09
-0.00515625 0.0859375 1.16778E-09
0.0107812 0.179688 1.19794E-09
-0.00796875 0.132812 1.22708E-09
-0.0229688 0.382813 1.20397E-09
-0.00703125 0.117188 1.23701E-09
0.00421875 0.0703125 1.21567E-09
0.00140625 0.0234375 1.20251E-09
-0.00234375 0.0390625 1.18272E-09
-0.00046875 0.0078125 1.22724E-09
0.00796875 0.132812 1.22547E-09
-0.00234375 0.0390625 1.27397E-09
0.00234375 0.0390625 1.19815E-09
-0.0117188 0.195312 1.27282E-09
-0.00796875 0.132812 1.22409E-09
0.00140625 0.0234375 1.17721E-09
0.00234375 0.0390625 1.20183E-09
0.00046875 0.0078125 1.23991E-09
0.00421875 0.0703125 1.21475E-09
-0.00890625 0.148438 1.23026E-09
-0.00609375 0.101563 1.20679E-09
0.00140625 0.0234375 1.23634E-09
0.00515625 0.0859375 1.19882E-09
-0.00609375 0.101563 1.18896E-09
-0.0182812 0.304688 1.18477E-09
0.0304687 0.507812 1.21493E-09
0.0229688 0.382813 1.21563E-09
-0.00703125 0.117188 1.20621E-09
-0.0117188 0.195312 1.24023E-09
0.00328125 0.0546875 1.13098E-09
-0.00328125 0.0546875 1.18786E-09
0.00046875 0.0078125 1.19637E-09
-0.00046875 0.0078125 1.20664E-09
0.00046875 0.0078125 1.20764E-09
0.00515625 0.0859375 1.21657E-09
-0.00234375 0.0390625 1.27098E-09
-0.00234375 0.0390625 1.24155E-09
0.0126562 0.210938 1.15819E-09
