-0.0135937 0.226562 1.34384E-10
-0.0173437 0.289062 1.32224E-10
-0.0135937 0.226562 1.34706E-10
-0.0126562 0.210938 1.35155E-10
0.00234375 0.0390625 1.33701E-10
0.00515625 0.0859375 1.34084E-10
0.00609375 0.101563 1.33487E-10
0.00890625 0.148438 1.33817E-10
-0.0126562 0.210938 1.32873E-10
0.0135937 0.226562 1.3422E-10
-0.00609375 0.101563 1.3417E-10
-0.0107812 0.179688 1.34308E-10
0.0220313 0.367188 1.36359E-10
0.00328125 0.0546875 1.32932E-10
0.00046875 0.0078125 1.33804E-10
-0.00328125 0.0546875 1.33672E-10
-0.00515625 0.0859375 1.32543E-10
-0.00890625 0.148438 1.33348E-10
-0.0192187 0.320312 1.34996E-10
-0.00421875 0.0703125 1.3643E-10
-0.0173437 0.289062 1.34474E-10
-0.00703125 0.117188 1.34596E-10
0.00515625 0.0859375 1.33568E-10
-0.00703125 0.117188 1.35692E-10
-0.00328125 0.0546875 1.35004E-10
-0.00046875 0.0078125 1.34193E-10
-0.0276563 0.460938 1.34534E-10
0.00984375 0.164062 1.33714E-10
-0.00234375 0.0390625 1.35821E-10
0.00703125 0.117188 1.3328E-10
0.00515625 0.0859375 1.32314E-10
0.00890625 0.148438 1.32661E-10
-0.0145312 0.242188 1.35949E-10
0.0107812 0.179688 1.33977E-10
0.00796875 0.132812 1.3352E-10
-0.00609375 0.101563 1.35796E-10
-0.0248437 0.414062 1.33873E-10
0.0117188 0.195312 1.33527E-10
0.00703125 0.117188 1.34267E-10
0.0173437 0.289062 1.3349E-10
-0.00515625 0.0859375 1.3507E-10
-0.00421875 0.0703125 1.33284E-10
-0.00796875 0.132812 1.36678E-10
0.0126562 0.210938 1.33658E-10
-0.00515625 0.0859375 1.333E-10
-0.0173437 0.289062 1.36946E-10
-0.0173437 0.289062 1.33798E-10
-0.00234375 0.0390625 1.34427E-10
0.0154687 0.257812 1.32989E-10
-0.0370313 0.617188 1.33969E-10
-0.0323438 0.539063 1.3328E-10
0.0164062 0.273437 1.34231E-10
0.00046875 0.0078125 1.34192E-10
0.00609375 0.101563 1.33224E-10
0.00796875 0.132812 1.34149E-10
-0.00140625 0.0234375 1.34311E-10
-0.00046875 0.0078125 1.36131E-10
0.00234375 0.0390625 1.3311E-10
0.00703125 0.117188 1.33467E-10
0.00140625 0.0234375 1.32596E-10
0.00421875 0.0703125 1.35335E-10
-0.00984375 0.164062 1.34992E-10
0.0117188 0.195312 1.34382E-10
0.00328125 0.0546875 1.32498E-10
0.0145312 0.242188 1.34755E-10
0.00703125 0.117188 1.31982E-10
0.00046875 0.0078125 1.33116E-10
0.00703125 0.117188 1.36912E-10
-0.00140625 0.0234375 1.33174E-10
-0.00515625 0.0859375 1.35087E-10
-0.00609375 0.101563 1.34598E-10
0.0135937 0.226562 1.34243E-10
0.00234375 0.0390625 1.33646E-10
-0.00328125 0.0546875 1.34551E-10
-0.0173437 0.289062 1.33687E-10
-0.00984375 0.164062 1.35699E-10
-0.00328125 0.0546875 1.33779E-10
0.0117188 0.195312 1.34542E-10
0.0117188 0.195312 1.32487E-10
0.00140625 0.0234375 1.35123E-10
0.0126562 0.210938 1.34484E-10
-0.00046875 0.0078125 1.33292E-10
-0.00046875 0.0078125 1.33753E-10
0.00984375 0.164062 1.33591E-10
-0.00984375 0.164062 1.33522E-10
0.0210937 0.351562 1.34516E-10
-0.00703125 0.117188 1.35223E-10
0.00609375 0.101563 1.32226E-10
-0.00046875 0.0078125 1.34687E-10
0.00046875 0.0078125 1.34266E-10
-0.0117188 0.195312 1.3601E-10
0.00515625 0.0859375 1.33822E-10
0.0220313 0.367188 1.36112E-10
0.00140625 0.0234375 1.37734E-10
-0.0145312 0.242188 1.35606E-10
-0.00140625 0.0234375 1.34308E-10
0.00328125 0.0546875 1.33545E-10
-0.00328125 0.0546875 1.36586E-10
-0.00515625 0.0859375 1.34958E-10
0.0145312 0.242188 1.34929E-10
-0.0173437 0.289062 1.34267E-10
0.0145312 0.242188 1.34689E-10
0.00703125 0.117188 1.32926E-10
-0.00421875 0.0703125 1.34193E-10
0.00703125 0.117188 1.34376E-10
-0.00796875 0.132812 1.3374E-10
0.00234375 0.0390625 1.32858E-10
0.00421875 0.0703125 1.34569E-10
0.0182812 0.304688 1.33662E-10
-0.0145312 0.242188 1.34682E-10
-0.0135937 0.226562 1.35909E-10
0.0107812 0.179688 1.34034E-10
-0.00234375 0.0390625 1.34389E-10
-0.00515625 0.0859375 1.34347E-10
0.00703125 0.117188 1.33854E-10
0.00515625 0.0859375 1.3445E-10
-0.00984375 0.164062 1.35609E-10
-0.00140625 0.0234375 1.33858E-10
-0.00609375 0.101563 1.355E-10
0.00703125 0.117188 1.35608E-10
0.00703125 0.117188 1.33122E-10
-0.00984375 0.164062 1.33395E-10
-0.00421875 0.0703125 1.33794E-10
-0.00984375 0.164062 1.34168E-10
0.00609375 0.101563 1.3692E-10
0.00984375 0.164062 1.33987E-10
-0.00328125 0.0546875 1.35454E-10
0.00421875 0.0703125 1.3485E-10
-0.0135937 0.226562 1.33072E-10
0.00609375 0.101563 1.33508E-10
-0.00515625 0.0859375 1.32859E-10
0.00328125 0.0546875 1.34735E-10
-0.0154687 0.257812 1.35051E-10
-0.00421875 0.0703125 1.34606E-10
0.00515625 0.0859375 1.33854E-10
0.00515625 0.0859375 1.32923E-10
0.0210937 0.351562 1.32254E-10
-0.0154687 0.257812 1.34453E-10
-0.0126562 0.210938 1.35027E-10
0.00421875 0.0703125 1.33686E-10
-0.00609375 0.101563 1.33304E-10
-0.0107812 0.179688 1.34317E-10
-0.00234375 0.0390625 1.34875E-10
0.0154687 0.257812 1.35322E-10
0.0107812 0.179688 1.33987E-10
-0.0117188 0.195312 1.33743E-10
0.0107812 0.179688 1.3465E-10
-0.00046875 0.0078125 1.32947E-10
-0.00234375 0.0390625 1.32884E-10
0.00421875 0.0703125 1.34129E-10
-0.00140625 0.0234375 1.35153E-10
-0.00890625 0.148438 1.34206E-10
-0.0145312 0.242188 1.33048E-10
0.0117188 0.195312 1.32577E-10
0.0117188 0.195312 1.33777E-10
-0.00328125 0.0546875 1.34553E-10
-0.00234375 0.0390625 1.34322E-10
-0.0107812 0.179688 1.33857E-10
0.00046875 0.0078125 1.34669E-10
0.0135937 0.226562 1.34301E-10
-0.00328125 0.0546875 1.35652E-10
-0.0145312 0.242188 1.34177E-10
0.0117188 0.195312 1.33247E-10
-0.00421875 0.0703125 1.33731E-10
0.00515625 0.0859375 1.34756E-10
-0.0154687 0.257812 1.35225E-10
-0.0145312 0.242188 1.33926E-10
0.00421875 0.0703125 1.35502E-10
0.00140625 0.0234375 1.33376E-10
-0.00234375 0.0390625 1.33749E-10
-0.00046875 0.0078125 1.3402E-10
-0.0220313 0.367188 1.34455E-10
0.0117188 0.195312 1.34004E-10
-0.00515625 0.0859375 1.32375E-10
0.00515625 0.0859375 1.35025E-10
-0.00328125 0.0546875 1.33449E-10
-0.00046875 0.0078125 1.33838E-10
-0.0145312 0.242188 1.33954E-10
0.00234375 0.0390625 1.3294E-10
-0.00140625 0.0234375 1.32743E-10
0.0145312 0.242188 1.34794E-10
0.00890625 0.148438 1.3517E-10
0.00328125 0.0546875 1.34731E-10
-0.00140625 0.0234375 1.34806E-10
-0.0107812 0.179688 1.35037E-10
-0.00609375 0.101563 1.35577E-10
0.00984375 0.164062 1.36352E-10
0.00421875 0.0703125 1.34421E-10
0.0173437 0.289062 1.33337E-10
-0.00421875 0.0703125 1.3562E-10
-0.00609375 0.101563 1.3574E-10
0.0210937 0.351562 1.32075E-10
0.0248437 0.414062 1.35716E-10
0.0107812 0.179688 1.33052E-10
-0.00046875 0.0078125 1.3454E-10
0.00328125 0.0546875 1.33489E-10
-0.00515625 0.0859375 1.34049E-10
-0.00796875 0.132812 1.34689E-10
0.0107812 0.179688 1.34601E-10
0.00140625 0.0234375 1.3215E-10
-0.0126562 0.210938 1.34201E-10
-0.0126562 0.210938 1.33612E-10
-0.00421875 0.0703125 1.34042E-10
0.00140625 0.0234375 1.35139E-10
-0.0145312 0.242188 1.33987E-10
-0.0117188 0.195312 1.34075E-10
0.00421875 0.0703125 1.35176E-10
-0.0210937 0.351562 1.33813E-10
0.00703125 0.117188 1.33844E-10
0.0323438 0.539063 1.34207E-10
-0.00609375 0.101563 1.34808E-10
-0.00328125 0.0546875 1.34675E-10
0.00046875 0.0078125 1.32602E-10
0.0145312 0.242188 1.36774E-10
0.00421875 0.0703125 1.34832E-10
0.00609375 0.101563 1.31531E-10
0.00421875 0.0703125 1.35867E-10
-0.0201563 0.335938 1.34078E-10
-0.00421875 0.0703125 1.33951E-10
0.00984375 0.164062 1.34464E-10
-0.00140625 0.0234375 1.34416E-10
0.0117188 0.195312 1.33501E-10
-0.00421875 0.0703125 1.33584E-10
0.00890625 0.148438 1.35066E-10
-0.00140625 0.0234375 1.33265E-10
0.00609375 0.101563 1.33686E-10
0.0145312 0.242188 1.3424E-10
-0.00609375 0.101563 1.32861E-10
-0.0154687 0.257812 1.33185E-10
-0.00046875 0.0078125 1.34244E-10
0.0182812 0.304688 1.33055E-10
-0.0182812 0.304688 1.33535E-10
0.00234375 0.0390625 1.34177E-10
-0.00140625 0.0234375 1.34818E-10
-0.0107812 0.179688 1.32951E-10
0.00890625 0.148438 1.33165E-10
-0.00703125 0.117188 1.34394E-10
-0.00328125 0.0546875 1.33009E-10
0.00234375 0.0390625 1.35484E-10
0.00046875 0.0078125 1.34581E-10
-0.00515625 0.0859375 1.36174E-10
-0.00609375 0.101563 1.33752E-10
-0.0239062 0.398437 1.35899E-10
0.0164062 0.273437 1.33159E-10
0.00046875 0.0078125 1.32583E-10
-0.0285937 0.476562 1.33207E-10
-0.00421875 0.0703125 1.32808E-10
0.0135937 0.226562 1.35915E-10
0.0145312 0.242188 1.34163E-10
0.00421875 0.0703125 1.34648E-10
0.0164062 0.273437 1.3469E-10
-0.00328125 0.0546875 1.33661E-10
0.00515625 0.0859375 1.33706E-10
-0.0135937 0.226562 1.33424E-10
-0.0239062 0.398437 1.33845E-10
-0.00796875 0.132812 1.34743E-10
0.00421875 0.0703125 1.34237E-10
-0.00796875 0.132812 1.36686E-10
0.0192187 0.320312 1.35675E-10
-0.0145312 0.242188 1.34274E-10
0.00515625 0.0859375 1.34339E-10
-0.0201563 0.335938 1.34853E-10
0.0239062 0.398437 1.32852E-10
-0.0126562 0.210938 1.34303E-10
0.00609375 0.101563 1.33623E-10
-0.00984375 0.164062 1.35365E-10
-0.00984375 0.164062 1.36738E-10
-0.00515625 0.0859375 1.36158E-10
-0.0117188 0.195312 1.36684E-10
0.0164062 0.273437 1.3338E-10
0.0173437 0.289062 1.32901E-10
0.0117188 0.195312 1.30446E-10
0.0107812 0.179688 1.33478E-10
0.00796875 0.132812 1.34643E-10
0.00140625 0.0234375 1.33316E-10
0.00328125 0.0546875 1.34228E-10
-0.0173437 0.289062 1.3591E-10
-0.00984375 0.164062 1.33185E-10
-0.00609375 0.101563 1.34415E-10
-0.0182812 0.304688 1.33943E-10
-0.0135937 0.226562 1.3562E-10
0.00984375 0.164062 1.35314E-10
0.00328125 0.0546875 1.33167E-10
-0.00140625 0.0234375 1.33316E-10
0.00984375 0.164062 1.34805E-10
-0.0126562 0.210938 1.35116E-10
0.0154687 0.257812 1.33816E-10
-0.00140625 0.0234375 1.33917E-10
-0.00140625 0.0234375 1.35304E-10
0.00046875 0.0078125 1.361E-10
-0.0154687 0.257812 1.3559E-10
-0.00515625 0.0859375 1.36087E-10
-0.00234375 0.0390625 1.32271E-10
-0.00140625 0.0234375 1.33687E-10
0.0210937 0.351562 1.32396E-10
0.0192187 0.320312 1.34484E-10
-0.00703125 0.117188 1.34539E-10
-0.0135937 0.226562 1.36333E-10
-0.0173437 0.289062 1.35146E-10
0.00890625 0.148438 1.33558E-10
0.00234375 0.0390625 1.3388E-10
-0.0135937 0.226562 1.34191E-10
-0.00515625 0.0859375 1.34426E-10
0.00328125 0.0546875 1.34694E-10
0.00234375 0.0390625 1.33811E-10
-0.00328125 0.0546875 1.35082E-10
-0.00234375 0.0390625 1.36744E-10
0.00046875 0.0078125 1.31622E-10
-0.00234375 0.0390625 1.3346E-10
0.00234375 0.0390625 1.34467E-10
-0.0107812 0.179688 1.34722E-10
0.0145312 0.242188 1.34085E-10
-0.00515625 0.0859375 1.35238E-10
-0.0173437 0.289062 1.36233E-10
-0.00234375 0.0390625 1.35186E-10
-0.0117188 0.195312 1.34207E-10
0.00234375 0.0390625 1.33927E-10
0.00984375 0.164062 1.32412E-10
-0.0154687 0.257812 1.33738E-10
0.00984375 0.164062 1.33366E-10
-0.00890625 0.148438 1.34153E-10
0.00703125 0.117188 1.34556E-10
0.0117188 0.195312 1.34506E-10
-0.00890625 0.148438 1.34666E-10
-0.0164062 0.273437 1.34349E-10
-0.00234375 0.0390625 1.34496E-10
-0.00703125 0.117188 1.3305E-10
-0.00234375 0.0390625 1.33929E-10
-0.00515625 0.0859375 1.34431E-10
-0.00515625 0.0859375 1.33842E-10
0.00140625 0.0234375 1.32709E-10
0.00796875 0.132812 1.33505E-10
-0.00890625 0.148438 1.32843E-10
0.0173437 0.289062 1.34333E-10
-0.00328125 0.0546875 1.33179E-10
-0.0145312 0.242188 1.3612E-10
-0.0210937 0.351562 1.35862E-10
0.00234375 0.0390625 1.35601E-10
0.00234375 0.0390625 1.33777E-10
0.00609375 0.101563 1.33277E-10
0.0107812 0.179688 1.33175E-10
0.00515625 0.0859375 1.35454E-10
-0.00046875 0.0078125 1.32879E-10
0.00515625 0.0859375 1.32919E-10
0.00609375 0.101563 1.34644E-10
0.00984375 0.164062 1.3581E-10
0.0164062 0.273437 1.37079E-10
0.00609375 0.101563 1.33744E-10
0.00234375 0.0390625 1.34027E-10
-0.00890625 0.148438 1.34509E-10
0.0229688 0.382813 1.33859E-10
-0.00796875 0.132812 1.34469E-10
0.0145312 0.242188 1.33485E-10
-0.0107812 0.179688 1.33913E-10
-0.00609375 0.101563 1.34146E-10
-0.00609375 0.101563 1.34792E-10
0.0117188 0.195312 1.3501E-10
-0.0267187 0.445312 1.34155E-10
0.0210937 0.351562 1.33955E-10
-0.00515625 0.0859375 1.32112E-10
0.00046875 0.0078125 1.33496E-10
0.00984375 0.164062 1.31675E-10
0.00046875 0.0078125 1.33868E-10
0.00140625 0.0234375 1.34367E-10
-0.00703125 0.117188 1.33463E-10
0.0126562 0.210938 1.32675E-10
-0.0154687 0.257812 1.33651E-10
0.00234375 0.0390625 1.3303E-10
-0.0154687 0.257812 1.34647E-10
0.00796875 0.132812 1.32978E-10
0.00609375 0.101563 1.34228E-10
0.0164062 0.273437 1.34605E-10
-0.00046875 0.0078125 1.35304E-10
0.0210937 0.351562 1.34479E-10
-0.00703125 0.117188 1.33179E-10
0.0145312 0.242188 1.34228E-10
-0.0117188 0.195312 1.34569E-10
-0.00046875 0.0078125 1.33439E-10
-0.0117188 0.195312 1.33126E-10
-0.00140625 0.0234375 1.33753E-10
-0.00046875 0.0078125 1.35104E-10
-0.0201563 0.335938 1.36108E-10
-0.00609375 0.101563 1.33313E-10
-0.0117188 0.195312 1.3341E-10
0.00421875 0.0703125 1.32598E-10
-0.0229688 0.382813 1.36324E-10
-0.00140625 0.0234375 1.34227E-10
-0.00890625 0.148438 1.35204E-10
0.00890625 0.148438 1.34418E-10
0.00046875 0.0078125 1.36449E-10
0.00984375 0.164062 1.33497E-10
-0.0164062 0.273437 1.35068E-10
0.0135937 0.226562 1.33689E-10
0.00515625 0.0859375 1.33419E-10
-0.00328125 0.0546875 1.32775E-10
-0.00515625 0.0859375 1.34317E-10
-0.0229688 0.382813 1.35149E-10
-0.0182812 0.304688 1.36273E-10
-0.0126562 0.210938 1.33305E-10
0.00328125 0.0546875 1.36361E-10
0.00609375 0.101563 1.33917E-10
-0.00421875 0.0703125 1.35197E-10
0.0285937 0.476562 1.33487E-10
-0.00234375 0.0390625 1.33252E-10
-0.0220313 0.367188 1.34427E-10
-0.00328125 0.0546875 1.34633E-10
-0.0145312 0.242188 1.35868E-10
-0.0164062 0.273437 1.35068E-10
-0.0154687 0.257812 1.3353E-10
-0.0107812 0.179688 1.33012E-10
-0.0285937 0.476562 1.34E-10
-0.0117188 0.195312 1.33999E-10
-0.00515625 0.0859375 1.34444E-10
0.00609375 0.101563 1.34661E-10
0.0201563 0.335938 1.3238E-10
-0.0182812 0.304688 1.3276E-10
-0.0117188 0.195312 1.33621E-10
-0.00515625 0.0859375 1.33382E-10
0.00609375 0.101563 1.32008E-10
-0.00796875 0.132812 1.3375E-10
0.00515625 0.0859375 1.32814E-10
-0.00328125 0.0546875 1.33433E-10
-0.0126562 0.210938 1.34735E-10
0.00515625 0.0859375 1.34524E-10
0.00140625 0.0234375 1.32754E-10
0.00515625 0.0859375 1.34539E-10
0.00234375 0.0390625 1.34925E-10
-0.00234375 0.0390625 1.35067E-10
0.0126562 0.210938 1.34488E-10
-0.0154687 0.257812 1.33902E-10
-0.0276563 0.460938 1.33152E-10
0.0107812 0.179688 1.35685E-10
-0.00140625 0.0234375 1.34701E-10
-0.0126562 0.210938 1.3326E-10
-0.00328125 0.0546875 1.34088E-10
0.00609375 0.101563 1.33139E-10
-0.00421875 0.0703125 1.32955E-10
-0.0145312 0.242188 1.34261E-10
-0.0201563 0.335938 1.35631E-10
-0.0239062 0.398437 1.36332E-10
0.0135937 0.226562 1.33574E-10
-0.00703125 0.117188 1.34108E-10
0.00890625 0.148438 1.3435E-10
0.00515625 0.0859375 1.35243E-10
-0.0210937 0.351562 1.32857E-10
-0.0182812 0.304688 1.3695E-10
0.00046875 0.0078125 1.34582E-10
0.00328125 0.0546875 1.35018E-10
0.00234375 0.0390625 1.36317E-10
-0.0154687 0.257812 1.33646E-10
0.0135937 0.226562 1.3404E-10
0.00234375 0.0390625 1.34876E-10
0.00609375 0.101563 1.35623E-10
0.0135937 0.226562 1.32261E-10
-0.00609375 0.101563 1.34041E-10
-0.00328125 0.0546875 1.34136E-10
-0.00328125 0.0546875 1.33783E-10
-0.00703125 0.117188 1.36379E-10
-0.00328125 0.0546875 1.36064E-10
0.0126562 0.210938 1.32742E-10
0.00609375 0.101563 1.32368E-10
0.00609375 0.101563 1.32557E-10
-0.0229688 0.382813 1.34231E-10
0.00984375 0.164062 1.3348E-10
0.00234375 0.0390625 1.33163E-10
-0.00046875 0.0078125 1.33619E-10
-0.0126562 0.210938 1.34769E-10
-0.0107812 0.179688 1.35599E-10
-0.00515625 0.0859375 1.34599E-10
-0.0173437 0.289062 1.34941E-10
-0.00140625 0.0234375 1.34861E-10
0.00328125 0.0546875 1.34351E-10
0.00515625 0.0859375 1.3425E-10
-0.00421875 0.0703125 1.36251E-10
0.00703125 0.117188 1.33237E-10
-0.00234375 0.0390625 1.3459E-10
0.0117188 0.195312 1.33239E-10
0.00703125 0.117188 1.32815E-10
-0.00328125 0.0546875 1.32602E-10
0.0267187 0.445312 1.35048E-10
0.00515625 0.0859375 1.34766E-10
-0.0154687 0.257812 1.33007E-10
-0.0126562 0.210938 1.36955E-10
-0.0117188 0.195312 1.33999E-10
0.0126562 0.210938 1.33461E-10
-0.0117188 0.195312 1.33968E-10
0.00890625 0.148438 1.37005E-10
0.00984375 0.164062 1.33953E-10
0.00140625 0.0234375 1.33219E-10
0.00703125 0.117188 1.33249E-10
-0.0135937 0.226562 1.34063E-10
0.00609375 0.101563 1.32902E-10
-0.0126562 0.210938 1.33805E-10
0.0126562 0.210938 1.33806E-10
-0.00609375 0.101563 1.34883E-10
0.00328125 0.0546875 1.31804E-10
0.0295312 0.492188 1.35163E-10
-0.00421875 0.0703125 1.3437E-10
0.00796875 0.132812 1.33611E-10
0.00140625 0.0234375 1.32053E-10
