0.00046875 0.0078125 1.70676E-10
-0.00140625 0.0234375 1.69697E-10
-0.0145312 0.242188 1.6878E-10
0.00515625 0.0859375 1.67179E-10
-0.0267187 0.445312 1.68687E-10
0.00890625 0.148438 1.66858E-10
-0.00234375 0.0390625 1.679E-10
0.00890625 0.148438 1.72488E-10
-0.00140625 0.0234375 1.68357E-10
-0.0135937 0.226562 1.67507E-10
-0.00140625 0.0234375 1.67413E-10
-0.00890625 0.148438 1.67953E-10
-0.00796875 0.132812 1.70701E-10
0.00796875 0.132812 1.69691E-10
-0.00796875 0.132812 1.68705E-10
-0.00046875 0.0078125 1.69915E-10
0.0135937 0.226562 1.71107E-10
0.00328125 0.0546875 1.7086E-10
0.00328125 0.0546875 1.68332E-10
0.0201563 0.335938 1.70153E-10
-0.00046875 0.0078125 1.67434E-10
-0.00890625 0.148438 1.69983E-10
0.00609375 0.101563 1.68735E-10
0.00984375 0.164062 1.6813E-10
0.00234375 0.0390625 1.68769E-10
0.00515625 0.0859375 1.67093E-10
0.00234375 0.0390625 1.70184E-10
-0.0192187 0.320312 1.67848E-10
-0.0164062 0.273437 1.70503E-10
-0.00328125 0.0546875 1.67651E-10
0.00421875 0.0703125 1.67264E-10
-0.0154687 0.257812 1.67982E-10
-0.00890625 0.148438 1.69211E-10
0.0135937 0.226562 1.70057E-10
-0.00234375 0.0390625 1.70317E-10
-0.0126562 0.210938 1.7022E-10
0.00140625 0.0234375 1.67559E-10
0.00984375 0.164062 1.69181E-10
0.00421875 0.0703125 1.68216E-10
-0.0126562 0.210938 1.71726E-10
0.00984375 0.164062 1.68271E-10
-0.00515625 0.0859375 1.67569E-10
0.00515625 0.0859375 1.66324E-10
0.0117188 0.195312 1.69903E-10
0.00421875 0.0703125 1.68027E-10
-0.00609375 0.101563 1.69375E-10
0.00515625 0.0859375 1.6664E-10
0.00609375 0.101563 1.68395E-10
0.00796875 0.132812 1.69094E-10
-0.00234375 0.0390625 1.69136E-10
0.00890625 0.148438 1.67849E-10
0.00421875 0.0703125 1.66633E-10
0.00328125 0.0546875 1.68493E-10
-0.0117188 0.195312 1.70517E-10
-0.0117188 0.195312 1.68787E-10
0.00609375 0.101563 1.71582E-10
0.00328125 0.0546875 1.69871E-10
0.00984375 0.164062 1.66515E-10
-0.00421875 0.0703125 1.68155E-10
0.00984375 0.164062 1.69826E-10
0.0107812 0.179688 1.70153E-10
-0.00421875 0.0703125 1.67114E-10
-0.00703125 0.117188 1.69838E-10
-0.0107812 0.179688 1.67637E-10
-0.00234375 0.0390625 1.6881E-10
-0.00234375 0.0390625 1.70403E-10
-0.0164062 0.273437 1.73243E-10
0.0126562 0.210938 1.70765E-10
-0.00703125 0.117188 1.69582E-10
-0.00140625 0.0234375 1.70284E-10
0.00140625 0.0234375 1.72605E-10
-0.00796875 0.132812 1.67505E-10
-0.0135937 0.226562 1.71687E-10
-0.0126562 0.210938 1.69064E-10
0.00890625 0.148438 1.70273E-10
0.00890625 0.148438 1.6785E-10
-0.00328125 0.0546875 1.69785E-10
-0.0220313 0.367188 1.67688E-10
0.00515625 0.0859375 1.71133E-10
0.00796875 0.132812 1.70518E-10
0.00796875 0.132812 1.69182E-10
-0.00890625 0.148438 1.69886E-10
0.00234375 0.0390625 1.72281E-10
-0.00609375 0.101563 1.67361E-10
0.0154687 0.257812 1.72572E-10
0.00609375 0.101563 1.70142E-10
0.0117188 0.195312 1.6862E-10
-0.00234375 0.0390625 1.67525E-10
0.0117188 0.195312 1.68402E-10
-0.00796875 0.132812 1.72208E-10
0.00609375 0.101563 1.68953E-10
0.00796875 0.132812 1.69605E-10
-0.00703125 0.117188 1.68391E-10
-0.00890625 0.148438 1.67128E-10
-0.00609375 0.101563 1.71577E-10
0.0117188 0.195312 1.71059E-10
-0.00140625 0.0234375 1.69272E-10
0.00421875 0.0703125 1.68125E-10
0.00609375 0.101563 1.71019E-10
-0.00703125 0.117188 1.69987E-10
-0.00046875 0.0078125 1.69669E-10
0.00140625 0.0234375 1.69399E-10
-0.00984375 0.164062 1.66476E-10
-0.00046875 0.0078125 1.73386E-10
-0.00984375 0.164062 1.67869E-10
0.00046875 0.0078125 1.70297E-10
0.00796875 0.132812 1.68487E-10
-0.00046875 0.0078125 1.69747E-10
-0.00609375 0.101563 1.70006E-10
0.0182812 0.304688 1.70872E-10
-0.00328125 0.0546875 1.69448E-10
-0.00140625 0.0234375 1.70454E-10
-0.00140625 0.0234375 1.67369E-10
0.00328125 0.0546875 1.73386E-10
0.0201563 0.335938 1.70614E-10
0.00140625 0.0234375 1.70147E-10
-0.0126562 0.210938 1.70263E-10
0.00421875 0.0703125 1.68367E-10
0.00984375 0.164062 1.69381E-10
0.0135937 0.226562 1.708E-10
-0.00984375 0.164062 1.71645E-10
0.00140625 0.0234375 1.69319E-10
-0.00890625 0.148438 1.70843E-10
0.0210937 0.351562 1.69865E-10
0.0126562 0.210938 1.67226E-10
-0.0107812 0.179688 1.66132E-10
-0.00796875 0.132812 1.69044E-10
0.00515625 0.0859375 1.70405E-10
-0.00046875 0.0078125 1.66956E-10
-0.0192187 0.320312 1.7019E-10
-0.0192187 0.320312 1.70312E-10
-0.00515625 0.0859375 1.68709E-10
0.00609375 0.101563 1.7265E-10
-0.00140625 0.0234375 1.69092E-10
-0.00140625 0.0234375 1.72217E-10
-0.0145312 0.242188 1.69005E-10
0.00703125 0.117188 1.69833E-10
-0.00421875 0.0703125 1.71671E-10
-0.0117188 0.195312 1.68302E-10
0.00796875 0.132812 1.71307E-10
0.00984375 0.164062 1.69212E-10
-0.00890625 0.148438 1.69637E-10
0.00234375 0.0390625 1.68361E-10
0.00421875 0.0703125 1.69744E-10
-0.00515625 0.0859375 1.6814E-10
0.00703125 0.117188 1.71533E-10
0.00421875 0.0703125 1.68348E-10
-0.0164062 0.273437 1.68858E-10
-0.00046875 0.0078125 1.73409E-10
-0.00140625 0.0234375 1.70182E-10
0.0145312 0.242188 1.72184E-10
-0.00140625 0.0234375 1.71069E-10
-0.0107812 0.179688 1.6901E-10
-0.00703125 0.117188 1.67111E-10
0.0145312 0.242188 1.68085E-10
0.0135937 0.226562 1.70731E-10
0.0145312 0.242188 1.7292E-10
0.00796875 0.132812 1.69043E-10
-0.00140625 0.0234375 1.68172E-10
0.00703125 0.117188 1.68468E-10
0.0126562 0.210938 1.72982E-10
0.0126562 0.210938 1.69983E-10
0.00515625 0.0859375 1.72564E-10
-0.00984375 0.164062 1.69626E-10
-0.00328125 0.0546875 1.68632E-10
0.0145312 0.242188 1.71222E-10
-0.0145312 0.242188 1.69463E-10
-0.00046875 0.0078125 1.6961E-10
-0.0154687 0.257812 1.69379E-10
0.0192187 0.320312 1.69833E-10
0.0173437 0.289062 1.69374E-10
0.00890625 0.148438 1.69898E-10
-0.00328125 0.0546875 1.6919E-10
-0.00515625 0.0859375 1.68596E-10
-0.00984375 0.164062 1.70104E-10
0.0117188 0.195312 1.6869E-10
-0.0107812 0.179688 1.70067E-10
-0.0126562 0.210938 1.7006E-10
-0.0229688 0.382813 1.71573E-10
-0.00328125 0.0546875 1.69904E-10
0.00703125 0.117188 1.71331E-10
0.00328125 0.0546875 1.68826E-10
0.00703125 0.117188 1.67493E-10
-0.00796875 0.132812 1.69801E-10
0.00234375 0.0390625 1.70102E-10
0.00234375 0.0390625 1.68287E-10
-0.0154687 0.257812 1.72037E-10
0.0126562 0.210938 1.69608E-10
0.00234375 0.0390625 1.67321E-10
-0.00328125 0.0546875 1.69687E-10
-0.00234375 0.0390625 1.70135E-10
-0.00515625 0.0859375 1.68969E-10
0.00984375 0.164062 1.69994E-10
-0.00140625 0.0234375 1.67615E-10
-0.00046875 0.0078125 1.70838E-10
-0.00140625 0.0234375 1.69789E-10
0.00984375 0.164062 1.69086E-10
-0.00234375 0.0390625 1.70157E-10
-0.00703125 0.117188 1.69546E-10
0.00140625 0.0234375 1.68759E-10
0.0239062 0.398437 1.74074E-10
0.00328125 0.0546875 1.70248E-10
0.0154687 0.257812 1.67001E-10
-0.00984375 0.164062 1.69813E-10
-0.00796875 0.132812 1.71809E-10
-0.00703125 0.117188 1.69614E-10
0.00328125 0.0546875 1.73019E-10
0.00234375 0.0390625 1.6883E-10
0.00515625 0.0859375 1.68019E-10
0.0117188 0.195312 1.67128E-10
0.00703125 0.117188 1.68893E-10
-0.0145312 0.242188 1.67702E-10
0.00609375 0.101563 1.70819E-10
-0.00984375 0.164062 1.70958E-10
-0.0154687 0.257812 1.70172E-10
-0.00140625 0.0234375 1.69343E-10
-0.00421875 0.0703125 1.6843E-10
-0.00515625 0.0859375 1.68844E-10
-0.0173437 0.289062 1.69176E-10
0.0145312 0.242188 1.67947E-10
0.00140625 0.0234375 1.68521E-10
-0.0107812 0.179688 1.68686E-10
0.00515625 0.0859375 1.70074E-10
-0.00046875 0.0078125 1.68253E-10
0.00515625 0.0859375 1.66827E-10
0.0164062 0.273437 1.70615E-10
0.00796875 0.132812 1.72026E-10
0.00328125 0.0546875 1.71741E-10
0.0107812 0.179688 1.6661E-10
0.00796875 0.132812 1.68092E-10
-0.00328125 0.0546875 1.68471E-10
-0.0135937 0.226562 1.6934E-10
-0.00703125 0.117188 1.69291E-10
0.00703125 0.117188 1.69606E-10
0.0182812 0.304688 1.67829E-10
-0.00140625 0.0234375 1.71649E-10
0.00046875 0.0078125 1.69688E-10
-0.00796875 0.132812 1.67445E-10
0.0192187 0.320312 1.68308E-10
-0.00328125 0.0546875 1.69222E-10
0.0135937 0.226562 1.69774E-10
0.00328125 0.0546875 1.69079E-10
-0.00984375 0.164062 1.68458E-10
-0.00328125 0.0546875 1.68311E-10
0.00703125 0.117188 1.6975E-10
-0.00328125 0.0546875 1.69362E-10
0.00421875 0.0703125 1.67097E-10
0.00515625 0.0859375 1.70354E-10
0.0107812 0.179688 1.67448E-10
0.00609375 0.101563 1.71504E-10
-0.0173437 0.289062 1.70429E-10
-0.00328125 0.0546875 1.68294E-10
0.00140625 0.0234375 1.68692E-10
-0.0126562 0.210938 1.69398E-10
-0.00890625 0.148438 1.68345E-10
0.00234375 0.0390625 1.68804E-10
-0.00234375 0.0390625 1.69488E-10
0.00515625 0.0859375 1.69337E-10
-0.00984375 0.164062 1.71777E-10
0.00984375 0.164062 1.69075E-10
0.00328125 0.0546875 1.71022E-10
-0.00609375 0.101563 1.71685E-10
0.00234375 0.0390625 1.68461E-10
-0.00890625 0.148438 1.70322E-10
0.0135937 0.226562 1.69497E-10
-0.00515625 0.0859375 1.67474E-10
-0.0164062 0.273437 1.69067E-10
0.00140625 0.0234375 1.69341E-10
-0.00046875 0.0078125 1.68596E-10
0.00609375 0.101563 1.67627E-10
0.0126562 0.210938 1.71291E-10
-0.00796875 0.132812 1.67164E-10
-0.0126562 0.210938 1.70842E-10
0.0117188 0.195312 1.673E-10
-0.00515625 0.0859375 1.73107E-10
0.00796875 0.132812 1.69456E-10
-0.00984375 0.164062 1.70274E-10
-0.00609375 0.101563 1.72229E-10
-0.00234375 0.0390625 1.66706E-10
0.00140625 0.0234375 1.70562E-10
0.00421875 0.0703125 1.69811E-10
0.00328125 0.0546875 1.68265E-10
-0.00234375 0.0390625 1.6914E-10
0.0285937 0.476562 1.68714E-10
0.0107812 0.179688 1.69408E-10
0.00609375 0.101563 1.71536E-10
-0.00609375 0.101563 1.65899E-10
0.00609375 0.101563 1.68713E-10
-0.0154687 0.257812 1.68937E-10
-0.00796875 0.132812 1.69653E-10
-0.00328125 0.0546875 1.67159E-10
0.0164062 0.273437 1.72142E-10
-0.00703125 0.117188 1.70424E-10
0.00140625 0.0234375 1.67311E-10
-0.0257812 0.429688 1.69796E-10
-0.00421875 0.0703125 1.71551E-10
-0.0173437 0.289062 1.68938E-10
0.00421875 0.0703125 1.73315E-10
-0.00046875 0.0078125 1.67675E-10
-0.00515625 0.0859375 1.70051E-10
-0.00421875 0.0703125 1.70703E-10
0.0107812 0.179688 1.71844E-10
-0.00140625 0.0234375 1.70377E-10
-0.00328125 0.0546875 1.69674E-10
-0.00609375 0.101563 1.7286E-10
-0.00796875 0.132812 1.67658E-10
0.00609375 0.101563 1.68212E-10
0.00515625 0.0859375 1.67511E-10
0.00234375 0.0390625 1.6931E-10
-0.0117188 0.195312 1.70666E-10
0.0164062 0.273437 1.69388E-10
-0.00046875 0.0078125 1.68277E-10
-0.00796875 0.132812 1.70719E-10
-0.0192187 0.320312 1.6692E-10
0.00609375 0.101563 1.67822E-10
-0.0107812 0.179688 1.69404E-10
-0.00328125 0.0546875 1.681E-10
-0.00515625 0.0859375 1.68347E-10
0.00421875 0.0703125 1.68511E-10
0.00984375 0.164062 1.68755E-10
0.0229688 0.382813 1.6974E-10
-0.0117188 0.195312 1.72028E-10
-0.00890625 0.148438 1.69838E-10
0.00890625 0.148438 1.68422E-10
0.00046875 0.0078125 1.6775E-10
-0.0173437 0.289062 1.72312E-10
0.00796875 0.132812 1.70639E-10
0.00328125 0.0546875 1.69676E-10
0.0276563 0.460938 1.67646E-10
-0.00234375 0.0390625 1.70558E-10
-0.00515625 0.0859375 1.71093E-10
-0.00515625 0.0859375 1.71711E-10
0.00609375 0.101563 1.69381E-10
-0.0126562 0.210938 1.6932E-10
-0.0154687 0.257812 1.68327E-10
0.0126562 0.210938 1.70284E-10
-0.00703125 0.117188 1.69533E-10
-0.00515625 0.0859375 1.67716E-10
-0.0173437 0.289062 1.6799E-10
0.00796875 0.132812 1.7066E-10
0.00984375 0.164062 1.70256E-10
0.00984375 0.164062 1.69246E-10
-0.00046875 0.0078125 1.69341E-10
0.00515625 0.0859375 1.69659E-10
0.00046875 0.0078125 1.69184E-10
0.00515625 0.0859375 1.68978E-10
0.00328125 0.0546875 1.71807E-10
-0.00234375 0.0390625 1.69771E-10
-0.0135937 0.226562 1.68593E-10
0.00046875 0.0078125 1.69973E-10
0.00515625 0.0859375 1.67494E-10
-0.00140625 0.0234375 1.70108E-10
-0.00140625 0.0234375 1.73116E-10
0.00140625 0.0234375 1.68701E-10
-0.00796875 0.132812 1.68227E-10
0.00046875 0.0078125 1.68183E-10
0.0173437 0.289062 1.67699E-10
0.00046875 0.0078125 1.68875E-10
0.00421875 0.0703125 1.68427E-10
-0.0210937 0.351562 1.68414E-10
0.00421875 0.0703125 1.69345E-10
-0.00046875 0.0078125 1.69484E-10
-0.00609375 0.101563 1.70887E-10
-0.0154687 0.257812 1.68325E-10
0.00703125 0.117188 1.69952E-10
0.00703125 0.117188 1.70594E-10
-0.00046875 0.0078125 1.7087E-10
0.00609375 0.101563 1.67908E-10
0.00046875 0.0078125 1.69413E-10
-0.00796875 0.132812 1.70213E-10
0.0145312 0.242188 1.68066E-10
0.00515625 0.0859375 1.68677E-10
-0.00609375 0.101563 1.71246E-10
-0.00234375 0.0390625 1.71056E-10
-0.0182812 0.304688 1.70731E-10
-0.00609375 0.101563 1.71726E-10
0.00140625 0.0234375 1.68872E-10
0.00328125 0.0546875 1.69549E-10
0.0117188 0.195312 1.67283E-10
0.0182812 0.304688 1.69897E-10
-0.00140625 0.0234375 1.70177E-10
0.00234375 0.0390625 1.70866E-10
0.0117188 0.195312 1.67428E-10
-0.00609375 0.101563 1.72332E-10
-0.00796875 0.132812 1.7044E-10
0.00515625 0.0859375 1.68234E-10
-0.00703125 0.117188 1.69689E-10
0.0164062 0.273437 1.6956E-10
0.00234375 0.0390625 1.6727E-10
0.00421875 0.0703125 1.70315E-10
0.00234375 0.0390625 1.67297E-10
0.00234375 0.0390625 1.71283E-10
-0.00609375 0.101563 1.68035E-10
-0.00140625 0.0234375 1.69055E-10
-0.00796875 0.132812 1.67431E-10
0.00984375 0.164062 1.67181E-10
-0.00234375 0.0390625 1.68192E-10
-0.0164062 0.273437 1.68088E-10
0.00328125 0.0546875 1.70571E-10
-0.0135937 0.226562 1.6892E-10
-0.00515625 0.0859375 1.73338E-10
-0.00234375 0.0390625 1.68926E-10
0.00515625 0.0859375 1.71776E-10
0.00984375 0.164062 1.69128E-10
0.00234375 0.0390625 1.67644E-10
-0.00046875 0.0078125 1.69139E-10
-0.00796875 0.132812 1.7379E-10
-0.0220313 0.367188 1.71306E-10
-0.00234375 0.0390625 1.70851E-10
0.00796875 0.132812 1.67894E-10
-0.00609375 0.101563 1.67287E-10
-0.00234375 0.0390625 1.69667E-10
-0.0154687 0.257812 1.69823E-10
0.0173437 0.289062 1.68237E-10
0.00140625 0.0234375 1.70339E-10
0.0117188 0.195312 1.69071E-10
-0.00140625 0.0234375 1.69669E-10
0.0145312 0.242188 1.68856E-10
-0.0107812 0.179688 1.67876E-10
-0.00515625 0.0859375 1.70202E-10
-0.00421875 0.0703125 1.6898E-10
-0.0145312 0.242188 1.73614E-10
-0.0145312 0.242188 1.68653E-10
-0.0145312 0.242188 1.67779E-10
0.00328125 0.0546875 1.72131E-10
0.00421875 0.0703125 1.68083E-10
0.00140625 0.0234375 1.67805E-10
0.0126562 0.210938 1.69409E-10
-0.00046875 0.0078125 1.69535E-10
-0.00046875 0.0078125 1.68601E-10
-0.0107812 0.179688 1.68122E-10
0.00234375 0.0390625 1.69903E-10
0.0117188 0.195312 1.68579E-10
-0.00328125 0.0546875 1.7004E-10
0.0117188 0.195312 1.67693E-10
-0.00890625 0.148438 1.6742E-10
0.00703125 0.117188 1.7001E-10
0.00328125 0.0546875 1.69121E-10
-0.00984375 0.164062 1.69476E-10
0.00796875 0.132812 1.6925E-10
0.00421875 0.0703125 1.69248E-10
0.00984375 0.164062 1.70843E-10
-0.00984375 0.164062 1.69815E-10
-0.00328125 0.0546875 1.70531E-10
-0.00140625 0.0234375 1.70567E-10
-0.0201563 0.335938 1.68221E-10
0.00421875 0.0703125 1.69152E-10
0.00046875 0.0078125 1.70265E-10
0.00328125 0.0546875 1.69923E-10
0.0173437 0.289062 1.72331E-10
-0.0154687 0.257812 1.68296E-10
0.00703125 0.117188 1.70434E-10
-0.00140625 0.0234375 1.68945E-10
0.00609375 0.101563 1.69537E-10
-0.00703125 0.117188 1.6671E-10
-0.0173437 0.289062 1.69203E-10
0.0145312 0.242188 1.69245E-10
0.00609375 0.101563 1.72197E-10
0.00234375 0.0390625 1.7135E-10
-0.00890625 0.148438 1.68744E-10
-0.00515625 0.0859375 1.70905E-10
-0.00421875 0.0703125 1.69468E-10
0.00234375 0.0390625 1.6779E-10
0.00421875 0.0703125 1.71139E-10
0.0154687 0.257812 1.69912E-10
-0.00046875 0.0078125 1.70053E-10
0.0164062 0.273437 1.66233E-10
0.00515625 0.0859375 1.6993E-10
-0.00703125 0.117188 1.67028E-10
-0.00890625 0.148438 1.69676E-10
-0.00984375 0.164062 1.70175E-10
0.0107812 0.179688 1.69394E-10
-0.0154687 0.257812 1.68231E-10
0.00140625 0.0234375 1.69955E-10
-0.00984375 0.164062 1.67822E-10
-0.0117188 0.195312 1.71471E-10
0.0126562 0.210938 1.67148E-10
0.00046875 0.0078125 1.7033E-10
-0.00421875 0.0703125 1.68912E-10
-0.0135937 0.226562 1.71918E-10
0.00796875 0.132812 1.67945E-10
0.00046875 0.0078125 1.66841E-10
-0.00796875 0.132812 1.70308E-10
0.00890625 0.148438 1.69962E-10
-0.00140625 0.0234375 1.70848E-10
0.00140625 0.0234375 1.71532E-10
0.00140625 0.0234375 1.67868E-10
0.00703125 0.117188 1.70103E-10
-0.00703125 0.117188 1.70256E-10
0.00046875 0.0078125 1.66505E-10
0.00140625 0.0234375 1.69568E-10
0.00046875 0.0078125 1.70868E-10
0.00609375 0.101563 1.7072E-10
0.00609375 0.101563 1.69708E-10
-0.00234375 0.0390625 1.66215E-10
0.00796875 0.132812 1.74143E-10
0.00140625 0.0234375 1.67758E-10
0.0135937 0.226562 1.67651E-10
-0.0107812 0.179688 1.693E-10
0.00234375 0.0390625 1.69712E-10
