-0.00324463 0.0540772 6.97145E-11
0.00718507 0.119751 7.17002E-11
0.00213135 0.0355226 7.1871E-11
-0.00371339 0.0618898 7.10735E-11
0.0103929 0.173216 6.98479E-11
0.0225074 0.375123 7.04409E-11
0.0108031 0.180053 7.10074E-11
-0.00700929 0.116821 6.92524E-11
-0.00749268 0.124878 7.00146E-11
0.0281761 0.469602 7.12087E-11
-0.0234448 0.390747 7.22641E-11
0.000153809 0.00256348 7.10863E-11
-0.00859131 0.143188 7.07359E-11
-0.0193285 0.322142 7.18652E-11
0.00267333 0.0445556 6.98933E-11
0.0119604 0.19934 7.01332E-11
-0.022727 0.378784 7.03619E-11
0.00516358 0.0860596 6.98345E-11
0.0146704 0.244507 6.99869E-11
0.0107299 0.178832 6.98809E-11
0.0193579 0.322632 7.15064E-11
0.0090747 0.151245 6.95061E-11
0.00321533 0.0535889 7.19885E-11
-0.000109864 0.00183106 7.04485E-11
-0.0081079 0.135132 7.02765E-11
-0.00797607 0.132935 6.98093E-11
0.0124437 0.207396 6.99734E-11
0.0113598 0.189331 7.03348E-11
-0.0237085 0.395142 7.04117E-11
-0.00513429 0.0855714 7.02341E-11
0.0142308 0.237181 6.98045E-11
-0.00462159 0.0770264 7.02745E-11
-0.00976319 0.16272 6.95078E-11
0.0193871 0.323119 7.08702E-11
0.000417481 0.00695803 7.03145E-11
-0.0109643 0.182738 6.95405E-11
0.0139819 0.233032 6.92736E-11
-0.0138647 0.231079 6.9405E-11
-0.0058667 0.0977783 7.06786E-11
-0.000666505 0.0111084 6.94627E-11
0.0221119 0.368532 6.90433E-11
0.00762452 0.127075 7.2024E-11
0.0105248 0.175414 6.92568E-11
0.00881103 0.146851 7.01998E-11
0.00322999 0.0538331 7.09478E-11
0.00136964 0.0228273 7.21082E-11
-0.00364015 0.0606691 7.19935E-11
-0.0248949 0.414916 6.98622E-11
0.0183178 0.305297 7.09401E-11
-0.0137328 0.228881 6.98065E-11
-0.000270996 0.00451661 7.01148E-11
0.000607911 0.0101319 7.16811E-11
0.0107299 0.178832 7.10524E-11
-0.00519286 0.0865477 7.07347E-11
0.0143627 0.239378 7.07661E-11
-0.00734619 0.122437 6.99704E-11
0.00576416 0.0960694 7.11529E-11
0.000256348 0.00427247 7.21762E-11
-0.00299562 0.0499269 7.21619E-11
0.00843017 0.140503 6.91147E-11
-0.00714112 0.119019 6.99976E-11
0.00311279 0.0518799 7.23511E-11
0.00110596 0.0184326 7.0915E-11
0.0101147 0.168579 6.93282E-11
0.00573487 0.0955811 6.79546E-11
0.011228 0.187134 6.96071E-11
-0.00588134 0.0980224 7.0446E-11
0.00621827 0.103638 6.9266E-11
0.00104737 0.0174561 6.93864E-11
-0.0076538 0.127563 7.03281E-11
-0.00876709 0.146118 7.23709E-11
-0.0156225 0.260376 7.0235E-11
0.0067749 0.112915 6.97004E-11
-0.02198 0.366333 6.99252E-11
0.000549317 0.00915528 6.97751E-11
0.00361086 0.0601809 6.94674E-11
0.0202954 0.338257 7.20805E-11
0.0179516 0.299193 7.06991E-11
0.0109204 0.182007 6.88252E-11
0.0125317 0.208862 6.98883E-11
0.00539795 0.0899658 7.22023E-11
0.0248217 0.413695 6.96773E-11
0.013264 0.221068 6.98453E-11
0.00930907 0.155151 7.01858E-11
0.000827638 0.013794 7.04349E-11
-0.00429931 0.0716553 6.95585E-11
-0.0016919 0.0281983 7.1768E-11
0.00114991 0.0191651 7.05913E-11
0.016516 0.275267 7.10901E-11
0.0231518 0.385863 7.07043E-11
0.0153588 0.25598 6.95551E-11
0.0121216 0.202027 7.03816E-11
-0.00320068 0.0533448 6.94873E-11
0.0233569 0.389282 7.10291E-11
-0.00771241 0.12854 7.01122E-11
-0.0348119 0.580198 7.01013E-11
0.0111401 0.185668 6.97241E-11
-0.00914795 0.152466 6.95901E-11
-0.0126342 0.21057 6.91324E-11
0.00551514 0.0919189 7.09632E-11
-0.00419677 0.0699463 7.09897E-11
0.010935 0.18225 6.9617E-11
0.0118578 0.197631 6.85928E-11
-0.00563233 0.0938721 7.11286E-11
-0.0025122 0.0418701 6.99099E-11
-0.0130737 0.217896 6.96269E-11
0.00432862 0.0721436 6.92374E-11
-0.00161865 0.0269775 6.93919E-11
-0.00785888 0.130981 7.10941E-11
-0.00636475 0.106079 7.17688E-11
-0.00482666 0.0804444 7.10116E-11
0.0109057 0.181762 7.16912E-11
-0.0170433 0.284056 7.07228E-11
-0.0144946 0.241577 7.01717E-11
-0.0035962 0.0599367 7.03256E-11
0.0134106 0.223509 7.01541E-11
0.00189697 0.0316162 6.99553E-11
-0.0016626 0.0277099 6.9808E-11
-0.00900147 0.150024 6.97534E-11
-0.00372804 0.0621339 6.92985E-11
0.00617431 0.102905 6.96943E-11
0.00216065 0.0360108 7.17696E-11
-0.005896 0.0982666 7.15804E-11
0.00574952 0.0958253 6.94815E-11
-0.00847412 0.141235 7.16723E-11
-0.0127807 0.213012 7.15466E-11
-0.0100268 0.167113 6.95591E-11
0.014348 0.239134 7.01821E-11
0.00267333 0.0445556 7.07748E-11
-0.02406 0.401001 6.98621E-11
0.0191674 0.319457 6.9161E-11
-0.00265869 0.0443115 7.02493E-11
0.0152856 0.25476 6.91427E-11
-0.00387452 0.0645753 7.02166E-11
-0.0063501 0.105835 6.98534E-11
0.0194898 0.324829 6.97936E-11
-0.00296631 0.0494386 7.00096E-11
0.000197755 0.00329592 6.9381E-11
0.00484132 0.0806886 6.96656E-11
-0.0190795 0.317992 7.07841E-11
0.00465089 0.0775148 7.01754E-11
0.00129639 0.0216064 7.10472E-11
-0.0115503 0.192505 7.00323E-11
-0.00819579 0.136597 6.86104E-11
0.0103783 0.172972 7.18401E-11
-0.0305053 0.508422 7.00891E-11
-0.00475343 0.0792238 7.1325E-11
0.00526611 0.0877685 7.2072E-11
-0.0174389 0.290648 7.06942E-11
-0.00185303 0.0308838 7.03779E-11
0.0203832 0.339721 6.9546E-11
0.010642 0.177367 6.97503E-11
-0.0080786 0.134643 7.22306E-11
0.0208226 0.347044 6.94337E-11
0.0190648 0.317747 7.02353E-11
-0.00243897 0.0406496 7.03903E-11
0.00224854 0.0374756 7.00275E-11
0.00103272 0.0172119 7.20034E-11
0.0299633 0.499389 6.98E-11
0.0114624 0.19104 6.9577E-11
0.00823974 0.137329 6.9771E-11
-0.0108031 0.180053 7.22184E-11
0.00648194 0.108032 6.91101E-11
-0.0122241 0.203735 6.98924E-11
0.00161865 0.0269775 6.94302E-11
-0.0175708 0.292847 6.94888E-11
0.00982178 0.163696 7.08751E-11
-0.0231078 0.385131 6.98297E-11
-0.0233423 0.389038 7.19515E-11
0.0156225 0.260376 6.98294E-11
-0.0109204 0.182007 7.07787E-11
-0.0159448 0.265747 7.11493E-11
-0.0161499 0.269165 7.03507E-11
0.00813719 0.13562 6.93778E-11
-0.00785888 0.130981 6.9588E-11
0.00176514 0.0294189 7.13899E-11
0.0159741 0.266236 6.91759E-11
0.00670165 0.111694 7.12169E-11
-0.0169409 0.282348 6.95389E-11
0.00633546 0.105591 6.98339E-11
-0.00749268 0.124878 7.05385E-11
-0.0128979 0.214966 7.04697E-11
0.0197973 0.329956 6.94527E-11
0.0144359 0.240599 6.97988E-11
-0.00337647 0.0562746 7.15438E-11
0.00806396 0.134399 6.99402E-11
0.00913329 0.152222 7.15522E-11
-0.00566162 0.0943603 7.05335E-11
-0.0174243 0.290405 7.0688E-11
-0.00837157 0.139526 7.01322E-11
-0.00384522 0.064087 6.99861E-11
0.0105834 0.17639 7.01071E-11
-0.000490723 0.00817872 7.01016E-11
0.00819579 0.136597 7.21088E-11
-0.00664306 0.110718 7.09365E-11
-0.0202661 0.337767 7.08622E-11
0.0109057 0.181762 6.993E-11
-0.00630615 0.105103 7.14694E-11
-0.00620361 0.103394 7.13812E-11
-0.0143774 0.239623 7.00014E-11
