-0.00264405 0.0440674 1.35857E-10
-0.00526611 0.0877685 1.36348E-10
-0.00377197 0.0628662 1.3565E-10
-0.00145751 0.0242919 1.38359E-10
0.00938233 0.156372 1.37266E-10
0.00762452 0.127075 1.34595E-10
-0.00147217 0.0245361 1.38619E-10
-0.0135864 0.226439 1.34785E-10
-0.00547119 0.0911865 1.35484E-10
-0.00916259 0.15271 1.34916E-10
-0.00388916 0.0648194 1.37798E-10
-0.00372804 0.0621339 1.36091E-10
0.00545655 0.0909424 1.37084E-10
0.00806396 0.134399 1.36628E-10
0.000402833 0.00671388 1.35408E-10
-0.00312745 0.0521241 1.35263E-10
0.0090747 0.151245 1.35751E-10
0.00425537 0.0709229 1.36239E-10
-0.00955811 0.159302 1.3998E-10
0.0189185 0.315308 1.36191E-10
0.0143041 0.238402 1.37479E-10
-0.0101147 0.168579 1.36338E-10
0.0159302 0.265503 1.37744E-10
0.0257153 0.428588 1.3599E-10
-0.0099243 0.165405 1.35911E-10
0.0126342 0.21057 1.335E-10
-0.00878173 0.146362 1.34982E-10
-0.000930176 0.0155029 1.34513E-10
0.00043213 0.00720217 1.34232E-10
0.0243676 0.406127 1.351E-10
-0.00528075 0.0880126 1.36044E-10
0.00415284 0.0692139 1.37368E-10
-0.00851806 0.141968 1.36136E-10
0.00579347 0.0965578 1.35045E-10
0.000285645 0.00476075 1.37225E-10
-0.00712648 0.118775 1.3612E-10
0.00662842 0.110474 1.40673E-10
-0.0180541 0.300902 1.3595E-10
0.00560302 0.0933837 1.32512E-10
-0.00235108 0.0391846 1.31796E-10
0.00929443 0.154907 1.35013E-10
-0.00437257 0.0728761 1.35345E-10
-0.0203686 0.339477 1.36717E-10
0.0155492 0.259154 1.36273E-10
0.00750733 0.125122 1.37338E-10
-0.00510499 0.0850831 1.37428E-10
0.000871582 0.0145264 1.35531E-10
0.004021 0.0670166 1.33342E-10
0.0125317 0.208862 1.33541E-10
0.00722901 0.120484 1.37703E-10
-0.0107152 0.178587 1.34982E-10
0.00141357 0.0235596 1.32225E-10
0.00122315 0.0203858 1.32513E-10
0.00652589 0.108765 1.37677E-10
0.00514893 0.0858155 1.36712E-10
-0.012268 0.204467 1.37261E-10
0.00739014 0.123169 1.33962E-10
-0.00539795 0.0899658 1.33092E-10
-0.00125244 0.0208739 1.361E-10
-0.0073755 0.122925 1.36595E-10
-0.00895751 0.149292 1.37329E-10
-0.00258545 0.0430908 1.36115E-10
-0.00533936 0.0889893 1.3661E-10
-0.0091919 0.153198 1.35819E-10
-0.00809326 0.134888 1.33275E-10
-0.00142822 0.0238037 1.37575E-10
0.00199952 0.0333253 1.33217E-10
-0.00796143 0.13269 1.33919E-10
0.00120849 0.0201416 1.3758E-10
0.00186768 0.0311279 1.35988E-10
0.00911865 0.151977 1.37569E-10
-0.00639406 0.106568 1.34555E-10
-0.0040503 0.0675049 1.33421E-10
-0.0112427 0.187378 1.38121E-10
-0.0143187 0.238646 1.36847E-10
0.0078003 0.130005 1.32033E-10
-0.00378663 0.0631104 1.35503E-10
-0.00892822 0.148804 1.36361E-10
0.000168458 0.00280763 1.36066E-10
-0.0022046 0.0367433 1.3743E-10
-0.0124437 0.207396 1.34679E-10
0.00613038 0.102173 1.3729E-10
0.0170433 0.284056 1.31796E-10
0.0102026 0.170043 1.36385E-10
0.00202881 0.0338136 1.34374E-10
0.0143774 0.239623 1.33825E-10
0.00618897 0.103149 1.33827E-10
0.0130884 0.21814 1.35378E-10
0.0076831 0.128052 1.344E-10
-0.0121948 0.203247 1.35727E-10
0.0105834 0.17639 1.35689E-10
-0.0130297 0.217163 1.33426E-10
0.0025122 0.0418701 1.34328E-10
-0.0126781 0.211303 1.35682E-10
0.00560302 0.0933837 1.31106E-10
-6.59183E-05 0.00109864 1.35935E-10
-0.0106274 0.177123 1.35958E-10
0.00901611 0.150269 1.34245E-10
-0.00189697 0.0316162 1.37344E-10
0.0090454 0.150757 1.36768E-10
0.000358888 0.00598146 1.37808E-10
7.32425E-06 0.000122071 1.38645E-10
-0.0146264 0.243773 1.36922E-10
0.0040503 0.0675049 1.3403E-10
-0.00488525 0.0814209 1.32711E-10
-0.00388916 0.0648194 1.36242E-10
0.0139673 0.232788 1.3608E-10
-0.00123779 0.0206298 1.3442E-10
-0.0155199 0.258666 1.35522E-10
0.00472413 0.0787354 1.357E-10
0.00194092 0.0323486 1.35442E-10
0.00409423 0.0682372 1.37454E-10
-0.00547119 0.0911865 1.33198E-10
0.0067749 0.112915 1.31208E-10
-0.00793213 0.132202 1.3699E-10
0.00629151 0.104858 1.35164E-10
0.00687744 0.114624 1.35586E-10
0.0138207 0.230346 1.33939E-10
0.0133373 0.222288 1.36859E-10
0.0072583 0.120972 1.35617E-10
-0.0111108 0.185181 1.35891E-10
0.00144287 0.0240478 1.36456E-10
0.0086792 0.144653 1.32378E-10
-0.0114331 0.190552 1.36256E-10
-0.000534668 0.00891113 1.32343E-10
-0.00703858 0.11731 1.35801E-10
-0.00132569 0.0220948 1.38458E-10
-0.0116089 0.193482 1.36178E-10
-0.00157471 0.0262451 1.34994E-10
-0.0130737 0.217896 1.39091E-10
0.00790284 0.131714 1.36406E-10
0.0115649 0.192749 1.35502E-10
-0.00658448 0.109741 1.36687E-10
0.00383058 0.0638429 1.33491E-10
0.0238696 0.397827 1.34086E-10
0.0238549 0.397583 1.35664E-10
-0.00731691 0.121948 1.3592E-10
-0.000197755 0.00329592 1.35763E-10
0.013894 0.231567 1.36211E-10
0.0180248 0.300413 1.37665E-10
-0.00177978 0.0296631 1.36063E-10
-0.018391 0.306517 1.3339E-10
-0.00364015 0.0606691 1.36304E-10
-0.00306886 0.0511476 1.36371E-10
0.0281615 0.469358 1.35833E-10
-0.00624756 0.104126 1.3536E-10
0.00563233 0.0938721 1.35465E-10
-0.0117992 0.196654 1.34859E-10
-0.00785888 0.130981 1.37738E-10
0.0119311 0.198852 1.34556E-10
-0.00364015 0.0606691 1.3651E-10
-0.0111255 0.185425 1.32927E-10
0.0190941 0.318236 1.3665E-10
0.00945556 0.157593 1.37211E-10
-0.00700929 0.116821 1.36309E-10
-0.0174243 0.290405 1.3383E-10
-0.00290771 0.0484619 1.35613E-10
0.015227 0.253784 1.36738E-10
0.00903076 0.150513 1.3697E-10
0.0101586 0.169311 1.35926E-10
0.00201417 0.0335694 1.32635E-10
-0.00469482 0.0782471 1.3629E-10
-0.00243897 0.0406496 1.35609E-10
-0.0146117 0.243529 1.35592E-10
-0.0125317 0.208862 1.37955E-10
0.00656982 0.109497 1.36893E-10
-0.0104369 0.173948 1.36787E-10
0.00572021 0.0953369 1.3598E-10
0.0153588 0.25598 1.34855E-10
0.00804931 0.134155 1.36738E-10
-0.0169701 0.282835 1.35484E-10
0.000886231 0.0147705 1.36005E-10
0.00468018 0.078003 1.35372E-10
-0.0102905 0.171508 1.37483E-10
0.0188745 0.314575 1.35927E-10
-0.0104369 0.173948 1.34993E-10
-0.0112134 0.186889 1.36763E-10
-0.00122315 0.0203858 1.35627E-10
-0.0159448 0.265747 1.33409E-10
0.00330322 0.0550537 1.35778E-10
0.00843017 0.140503 1.35031E-10
0.0072876 0.12146 1.37185E-10
0.00205812 0.0343019 1.36017E-10
0.0116675 0.194459 1.35817E-10
0.00897217 0.149536 1.37629E-10
-8.05667E-05 0.00134278 1.34636E-10
-0.0170433 0.284056 1.3668E-10
0.00516358 0.0860596 1.36248E-10
-0.00538329 0.0897216 1.33751E-10
-0.0030542 0.0509034 1.36709E-10
0.0164135 0.273559 1.35731E-10
-0.00418213 0.0697022 1.37834E-10
0.00955811 0.159302 1.37478E-10
0.00746339 0.12439 1.36664E-10
-0.011228 0.187134 1.33595E-10
0.00983642 0.16394 1.34404E-10
-0.00531006 0.0885009 1.35831E-10
0.0156518 0.260863 1.37496E-10
-0.006438 0.1073 1.37486E-10
-0.00536865 0.0894775 1.32065E-10
