0.0199438 0.332398 8.30342E-11
0.00561767 0.0936279 8.44343E-11
-0.00656982 0.109497 8.33766E-11
0.0154027 0.256713 8.30704E-11
0.004021 0.0670166 8.60974E-11
0.0115649 0.192749 8.29963E-11
-0.0204272 0.340453 8.41838E-11
0.00410888 0.0684814 8.39972E-11
-0.00270264 0.0450439 8.61197E-11
0.00528075 0.0880126 8.48898E-11
0.017688 0.294799 8.30137E-11
0.00796143 0.13269 8.36206E-11
-0.0147876 0.246459 8.39688E-11
-0.00438721 0.0731202 8.40847E-11
-0.00859131 0.143188 8.31642E-11
0.0036255 0.060425 8.58553E-11
0.00800537 0.133423 8.27222E-11
0.00450441 0.0750734 8.36493E-11
-0.0198706 0.331177 8.31471E-11
-0.0177465 0.295776 8.41296E-11
0.0202221 0.337035 8.23812E-11
-0.00588134 0.0980224 8.38725E-11
-0.00122315 0.0203858 8.41027E-11
0.00062256 0.010376 8.2832E-11
-0.0176586 0.294311 8.51456E-11
0.00292237 0.0487061 8.32695E-11
0.0109057 0.181762 8.29365E-11
-0.014641 0.244017 8.52372E-11
-0.0270336 0.450561 8.27469E-11
-0.00548583 0.0914306 8.44791E-11
0.0163403 0.272338 8.2924E-11
-0.00380127 0.0633546 8.34821E-11
0.00391847 0.0653078 8.51567E-11
0.0246313 0.410521 8.48803E-11
0.0131469 0.219115 8.56964E-11
0.0139233 0.232055 8.52037E-11
0.0090747 0.151245 8.3725E-11
-0.0188598 0.314331 8.3386E-11
0.0117114 0.195191 8.55207E-11
0.00276123 0.0460205 8.4535E-11
-0.00583742 0.0972903 8.5588E-11
-0.0282054 0.470091 8.35713E-11
0.0161939 0.269898 8.31361E-11
0.00416749 0.0694581 8.38789E-11
-0.00410888 0.0684814 8.22829E-11
0.00954345 0.159058 8.31953E-11
0.0194018 0.323364 8.41892E-11
-0.00649659 0.108276 8.44695E-11
0.00412354 0.0687256 8.60371E-11
-0.00526611 0.0877685 8.52802E-11
-0.00293702 0.0489503 8.55735E-11
-0.00419677 0.0699463 8.31253E-11
0.00525147 0.0875244 8.35857E-11
0.00473877 0.0789796 8.3066E-11
0.00977783 0.162964 8.31251E-11
0.011272 0.187867 8.43948E-11
-0.00996824 0.166137 8.33697E-11
-0.0129565 0.215942 8.56076E-11
0.00570557 0.0950928 8.43829E-11
-0.00400634 0.0667724 8.30462E-11
0.00281982 0.0469971 8.32743E-11
0.0216577 0.360962 8.37085E-11
0.00388916 0.0648194 8.26791E-11
-0.00567626 0.0946044 8.28736E-11
-0.00284912 0.0474853 8.41952E-11
0.000358888 0.00598146 8.25129E-11
0.0261108 0.43518 8.32003E-11
-0.0260669 0.434448 8.27283E-11
0.000329591 0.00549318 8.34631E-11
0.000842286 0.0140381 8.4181E-11
-0.00218994 0.0364991 8.45905E-11
0.0120483 0.200805 8.34534E-11
0.0050464 0.0841066 8.39674E-11
0.0132055 0.220091 8.30503E-11
-0.0201489 0.335816 8.42699E-11
-0.0022046 0.0367433 8.62087E-11
0.00478271 0.0797119 8.4059E-11
-0.00708252 0.118042 8.32417E-11
0.00711183 0.11853 8.4946E-11
0.00154541 0.0257568 8.25691E-11
-0.00926514 0.154419 8.32484E-11
-0.00727296 0.121216 8.38625E-11
0.00280518 0.0467529 8.44023E-11
-0.00245362 0.0408937 8.52995E-11
-0.0149487 0.249145 8.30231E-11
-0.00610108 0.101685 8.34214E-11
-0.0113745 0.189575 8.31486E-11
0.0207348 0.345581 8.54514E-11
-0.0172192 0.286987 8.30853E-11
-0.00923584 0.153931 8.32981E-11
0.00325927 0.0543213 8.27769E-11
-0.00248291 0.0413818 8.35585E-11
0.0103491 0.172485 8.29247E-11
-0.00246826 0.0411377 8.38125E-11
-0.00863525 0.143921 8.26315E-11
0.00460694 0.0767823 8.30901E-11
-0.0159009 0.265014 8.27046E-11
0.00741945 0.123657 8.39014E-11
-0.0149194 0.248657 8.28786E-11
0.000549317 0.00915528 8.34417E-11
-0.00252685 0.0421142 8.34363E-11
-0.00157471 0.0262451 8.39744E-11
-0.0288647 0.481078 8.37415E-11
0.0030542 0.0509034 8.32736E-11
-0.0178783 0.297972 8.50254E-11
-0.0116675 0.194459 8.43091E-11
0.00497315 0.0828858 8.42089E-11
0.00479736 0.0799561 8.41864E-11
0.000285645 0.00476075 8.32047E-11
0.00336182 0.0560304 8.22924E-11
-0.00062256 0.010376 8.45447E-11
-0.00825438 0.137573 8.27023E-11
-0.00706787 0.117798 8.46021E-11
-0.0050464 0.0841066 8.3024E-11
-0.00947022 0.157837 8.46398E-11
0.0171166 0.285277 8.36968E-11
0.00960205 0.160034 8.36299E-11
0.00138428 0.0230713 8.61972E-11
0.0150659 0.251098 8.28431E-11
-0.0131323 0.218872 8.43348E-11
0.00989501 0.164917 8.44027E-11
-0.00230713 0.0384522 8.41013E-11
0.0114917 0.191529 8.43905E-11
0.00182373 0.0303956 8.42284E-11
0.0115064 0.191773 8.50776E-11
-0.0161207 0.268678 8.46222E-11
-0.000563965 0.00939942 8.55756E-11
0.00574952 0.0958253 8.38223E-11
0.0124877 0.208128 8.5428E-11
0.00311279 0.0518799 8.57667E-11
-0.00342042 0.0570069 8.28305E-11
0.00435792 0.0726319 8.4182E-11
-0.00513429 0.0855714 8.46211E-11
0.00403565 0.0672608 8.34142E-11
-0.0150219 0.250366 8.5016E-11
-0.00859131 0.143188 8.44959E-11
0.010232 0.170533 8.50527E-11
0.00365479 0.0609132 8.4206E-11
-0.0196215 0.327026 8.38437E-11
0.00374268 0.062378 8.32044E-11
0.0271802 0.453003 8.32935E-11
-0.00182373 0.0303956 8.46238E-11
-0.0147289 0.245482 8.56171E-11
0.0113745 0.189575 8.48649E-11
-0.00135498 0.0225831 8.35125E-11
-0.00119385 0.0198974 8.37438E-11
0.0114477 0.190796 8.41071E-11
-0.00791749 0.131958 8.24797E-11
0.00614503 0.102417 8.40318E-11
-0.0119457 0.199096 8.34488E-11
0.016267 0.271117 8.4149E-11
0.000886231 0.0147705 8.30562E-11
-0.00132569 0.0220948 8.50973E-11
-0.0107152 0.178587 8.31104E-11
-0.0104516 0.174193 8.32679E-11
0.00790284 0.131714 8.45747E-11
-0.00374268 0.062378 8.5623E-11
-0.00120849 0.0201416 8.33134E-11
-0.00739014 0.123169 8.48835E-11
0.0040503 0.0675049 8.35543E-11
0.00448975 0.0748292 8.48553E-11
0.00693604 0.115601 8.4768E-11
-0.00696533 0.116089 8.43103E-11
-0.0131323 0.218872 8.39516E-11
0.0125756 0.209593 8.30522E-11
-0.00358156 0.0596926 8.37508E-11
-0.00876709 0.146118 8.31589E-11
0.0118139 0.196898 8.32751E-11
-0.00429931 0.0716553 8.36675E-11
0.00465089 0.0775148 8.41312E-11
0.00736085 0.122681 8.25099E-11
0.007771 0.129517 8.28186E-11
0.00982178 0.163696 8.23681E-11
0.00223389 0.0372314 8.38197E-11
0.00744873 0.124146 8.33514E-11
-0.0303881 0.506468 8.53624E-11
0.0104222 0.173704 8.30401E-11
0.000476075 0.00793458 8.40478E-11
0.0117992 0.196654 8.60882E-11
0.00791749 0.131958 8.25552E-11
0.00692139 0.115356 8.42579E-11
0.00923584 0.153931 8.48551E-11
-0.00478271 0.0797119 8.35538E-11
-0.00593995 0.0989991 8.4337E-11
0.00828368 0.138061 8.5614E-11
-0.00506105 0.0843508 8.26197E-11
0.0128979 0.214966 8.43096E-11
0.0108031 0.180053 8.58951E-11
0.00613038 0.102173 8.29201E-11
-0.0213207 0.355346 8.41877E-11
-0.0134985 0.224975 8.44263E-11
-0.00895751 0.149292 8.42549E-11
0.0190063 0.316772 8.31473E-11
-0.0111987 0.186645 8.47752E-11
0.00245362 0.0408937 8.31366E-11
0.00254151 0.0423584 8.47223E-11
0.00150147 0.0250244 8.50974E-11
0.00327392 0.0545654 8.35408E-11
0.00966064 0.161011 8.6384E-11
0.00925048 0.154175 8.32826E-11
