-0.00766846 0.127808 4.62921E-10
-0.00451906 0.0753176 4.70375E-10
0.0239867 0.399779 4.82625E-10
-0.0161792 0.269654 4.82782E-10
-0.000725098 0.012085 4.63974E-10
-0.0211742 0.352904 4.8172E-10
-0.00916259 0.15271 4.73788E-10
-0.0119165 0.198608 4.75178E-10
-0.00176514 0.0294189 4.59511E-10
0.0108178 0.180297 4.65172E-10
-0.0181127 0.301878 4.73004E-10
-0.00955811 0.159302 4.47361E-10
-0.0115796 0.192993 4.59948E-10
-0.00495851 0.0826417 4.83344E-10
0.00235108 0.0391846 4.52469E-10
-0.00596923 0.0994872 4.59049E-10
-0.00712648 0.118775 4.63409E-10
0.0146996 0.244994 4.72624E-10
-0.00204347 0.0340578 4.80602E-10
0.0203246 0.338744 4.79485E-10
-0.0169262 0.282103 4.59697E-10
0.00185303 0.0308838 4.62741E-10
0.000593263 0.00988771 4.75308E-10
0.00642336 0.107056 4.6009E-10
-0.0111987 0.186645 4.54338E-10
-0.00884032 0.147339 4.62708E-10
0.0133373 0.222288 4.60884E-10
0.000417481 0.00695803 4.72533E-10
0.00566162 0.0943603 4.7872E-10
-0.0100854 0.16809 4.71075E-10
0.0156811 0.261352 4.91772E-10
0.00722901 0.120484 4.44311E-10
-0.00145751 0.0242919 4.72019E-10
-0.0031421 0.0523683 4.71916E-10
-0.0112866 0.188111 4.78955E-10
0.00123779 0.0206298 4.64292E-10
-0.00838623 0.13977 4.53719E-10
-0.013264 0.221068 4.74841E-10
-0.00840087 0.140015 4.43515E-10
0.000563965 0.00939942 4.94183E-10
0.0154174 0.256957 4.752E-10
-0.00176514 0.0294189 4.70729E-10
0.00511963 0.0853273 4.5913E-10
0.00695068 0.115845 4.76504E-10
0.0054126 0.0902099 4.71924E-10
0.00173584 0.0289306 4.70267E-10
0.000476075 0.00793458 4.62064E-10
0.0177759 0.296265 4.81102E-10
-0.00668701 0.11145 4.73612E-10
-0.00418213 0.0697022 4.61969E-10
0.00847412 0.141235 4.80166E-10
0.00277588 0.0462646 4.59248E-10
-0.00197021 0.0328369 4.73083E-10
-0.0167798 0.279663 4.45607E-10
-0.00199952 0.0333253 4.84046E-10
0.0058667 0.0977783 4.83909E-10
0.0140698 0.234497 4.86887E-10
-0.00957275 0.159546 4.61005E-10
0.00311279 0.0518799 4.72787E-10
0.0154614 0.25769 4.63835E-10
0.00689209 0.114868 4.70319E-10
0.00457764 0.076294 4.79589E-10
0.0117992 0.196654 5.04968E-10
0.0282201 0.470336 4.71209E-10
-0.00831299 0.13855 4.92105E-10
0.00711183 0.11853 4.82039E-10
-0.00284912 0.0474853 4.61053E-10
-0.00311279 0.0518799 4.5842E-10
0.0081079 0.135132 4.64738E-10
-0.00758057 0.126343 4.75674E-10
0.016853 0.280883 4.65557E-10
-0.00248291 0.0413818 4.55611E-10
-0.000988771 0.0164795 4.72729E-10
0.00189697 0.0316162 4.90302E-10
0.00645264 0.107544 4.86836E-10
0.00957275 0.159546 4.94002E-10
-0.00344971 0.0574952 4.7186E-10
-0.00289307 0.0482178 4.69656E-10
0.0036255 0.060425 4.6948E-10
-0.00421142 0.0701904 4.63003E-10
-0.00236572 0.0394287 4.67259E-10
-0.00339112 0.0565187 4.98953E-10
0.0002417 0.00402833 4.64187E-10
-0.00141357 0.0235596 4.81375E-10
0.00429931 0.0716553 4.75363E-10
-0.0011792 0.0196533 4.43458E-10
0.0114185 0.190308 4.80391E-10
-0.00511963 0.0853273 4.72068E-10
0.00615967 0.102661 4.75489E-10
0.0358373 0.597288 4.70053E-10
-0.00279053 0.0465088 4.61425E-10
0.00613038 0.102173 4.6085E-10
0.00394777 0.0657961 4.81114E-10
0.0049292 0.0821534 4.73055E-10
0.00062256 0.010376 4.61846E-10
0.0159595 0.265991 4.62093E-10
-0.00217529 0.0362549 4.73936E-10
0.00633546 0.105591 4.72792E-10
-0.00156005 0.0260009 4.62226E-10
-0.0081079 0.135132 4.68286E-10
0.0059253 0.0987549 4.8285E-10
0.00293702 0.0489503 5.05948E-10
0.0119457 0.199096 4.62814E-10
0.00443115 0.0738526 4.93324E-10
0.0099243 0.165405 4.57511E-10
-0.00437257 0.0728761 4.61931E-10
-0.00214601 0.0357668 4.64036E-10
-0.00428467 0.0714112 4.71246E-10
0.00120849 0.0201416 4.62238E-10
-0.00513429 0.0855714 4.60848E-10
-0.015271 0.254517 4.70967E-10
0.0108178 0.180297 4.64976E-10
0.0101586 0.169311 4.65475E-10
-0.00719972 0.119995 4.77578E-10
0.00834228 0.139038 4.64904E-10
-0.00369873 0.0616456 4.72923E-10
-0.011272 0.187867 4.51619E-10
0.00610108 0.101685 4.88577E-10
-0.0151538 0.252563 5.0419E-10
0.00531006 0.0885009 4.74556E-10
-0.0113891 0.189819 4.6676E-10
-0.0141722 0.236204 4.73684E-10
-0.00614503 0.102417 4.62736E-10
0.0181859 0.303099 4.81543E-10
0.0109057 0.181762 4.42641E-10
-0.0086792 0.144653 4.61087E-10
0.0016919 0.0281983 4.9895E-10
0.0109497 0.182494 4.83912E-10
-0.00916259 0.15271 4.62404E-10
-0.0129272 0.215453 4.53604E-10
0.00261474 0.0435791 4.70124E-10
-0.0086499 0.144165 4.72949E-10
-0.0090454 0.150757 4.92548E-10
-0.00564698 0.0941163 4.61171E-10
0.000417481 0.00695803 4.62971E-10
-0.0052954 0.0882567 4.52082E-10
-0.00415284 0.0692139 4.73683E-10
0.0100122 0.16687 4.63643E-10
0.00299562 0.0499269 4.79013E-10
0.0054419 0.0906983 4.73563E-10
0.00281982 0.0469971 4.81714E-10
0.010642 0.177367 4.5149E-10
-0.00494386 0.0823976 4.73992E-10
0.000197755 0.00329592 4.65013E-10
-0.000168458 0.00280763 4.76541E-10
0.00799073 0.133179 4.66402E-10
-0.00258545 0.0430908 4.61522E-10
0.00113525 0.0189209 4.6992E-10
-0.00642336 0.107056 4.72227E-10
-8.05667E-05 0.00134278 4.51421E-10
0.0107152 0.178587 4.53403E-10
0.013557 0.225951 4.77006E-10
0.0109789 0.182982 4.43455E-10
-0.00204347 0.0340578 4.72977E-10
-0.00112061 0.0186768 4.70962E-10
-0.000915527 0.0152588 4.52472E-10
-0.00273194 0.0455323 4.69473E-10
-0.00610108 0.101685 4.82813E-10
0.0136742 0.227904 4.70963E-10
0.00227783 0.0379639 4.513E-10
0.0100268 0.167113 4.62159E-10
0.00119385 0.0198974 4.9356E-10
-0.00495851 0.0826417 4.60058E-10
-0.00708252 0.118042 4.9294E-10
-0.0131761 0.219603 4.52535E-10
-0.00859131 0.143188 4.72483E-10
-0.00135498 0.0225831 4.58627E-10
0.00873779 0.14563 4.70364E-10
-0.0140991 0.234985 4.92576E-10
-0.00995359 0.165893 4.82393E-10
0.00284912 0.0474853 4.72892E-10
-0.00195557 0.0325928 4.71712E-10
-0.00526611 0.0877685 4.73036E-10
0.0139819 0.233032 4.69927E-10
-0.0223462 0.372437 4.82188E-10
0.00344971 0.0574952 4.58183E-10
0.00610108 0.101685 4.63132E-10
0.00175048 0.0291747 4.67712E-10
0.00829834 0.138306 4.48608E-10
0.00847412 0.141235 4.78575E-10
-0.0123412 0.205687 4.77614E-10
0.00762452 0.127075 4.63552E-10
-0.00642336 0.107056 4.52252E-10
-0.017937 0.298949 4.73186E-10
-0.000183106 0.00305178 4.74612E-10
0.00457764 0.076294 4.6157E-10
-0.00655517 0.109253 4.93347E-10
-0.00180909 0.0301514 4.72315E-10
-0.00615967 0.102661 4.87342E-10
0.00387452 0.0645753 4.62721E-10
-0.00182373 0.0303956 4.78079E-10
-0.00982178 0.163696 4.52379E-10
-0.00172119 0.0286864 4.74239E-10
-0.00809326 0.134888 4.75399E-10
-0.00845946 0.140991 4.59238E-10
0.013103 0.218383 4.88165E-10
0.00391847 0.0653078 4.60417E-10
-0.00466554 0.0777589 4.80335E-10
0.00785888 0.130981 4.59253E-10
0.00371339 0.0618898 4.79818E-10
