-0.00734619 0.122437 7.2339E-11
0.0103929 0.173216 7.35399E-11
-0.0110376 0.183959 7.27938E-11
0.00509033 0.0848389 7.43112E-11
-0.000446778 0.0074463 7.3059E-11
0.00706787 0.117798 7.28206E-11
-0.00202881 0.0338136 7.3063E-11
0.000695801 0.0115967 7.28469E-11
-0.00113525 0.0189209 7.36468E-11
-0.00412354 0.0687256 7.25618E-11
0.00476807 0.0794678 7.1386E-11
0.0233423 0.389038 7.12269E-11
0.00468018 0.078003 7.35863E-11
-0.00177978 0.0296631 7.25166E-11
0.00812255 0.135376 7.25371E-11
-0.00478271 0.0797119 7.29004E-11
-0.00872314 0.145386 7.26028E-11
0.0161939 0.269898 7.31524E-11
0.0164135 0.273559 7.27839E-11
0.0050171 0.0836183 7.19599E-11
-0.00838623 0.13977 7.29051E-11
0.0265941 0.443236 7.25194E-11
-0.0101879 0.169799 7.31446E-11
-0.000827638 0.013794 7.31125E-11
0.00361086 0.0601809 7.45025E-11
0.0122387 0.203979 7.38202E-11
-0.0120044 0.200073 7.2896E-11
-0.0138647 0.231079 7.3006E-11
-0.00951416 0.158569 7.30199E-11
-0.0282054 0.470091 7.36732E-11
-0.0332006 0.553343 7.31392E-11
-0.0228589 0.380982 7.24959E-11
-0.00197021 0.0328369 7.29558E-11
-0.00681885 0.113647 7.17946E-11
-0.00236572 0.0394287 7.46889E-11
-0.0167651 0.279419 7.18899E-11
-0.00125244 0.0208739 7.27541E-11
0.0113745 0.189575 7.3256E-11
-0.0147143 0.245238 7.27716E-11
0.0022046 0.0367433 7.26683E-11
-0.0016626 0.0277099 7.21224E-11
-0.0258618 0.43103 7.43047E-11
-0.00192626 0.0321044 7.29502E-11
0.000446778 0.0074463 7.2854E-11
0.00114991 0.0191651 7.39411E-11
0.00507569 0.0845948 7.2856E-11
0.0144213 0.240355 7.26329E-11
0.0159302 0.265503 7.30227E-11
0.00923584 0.153931 7.2489E-11
0.00633546 0.105591 7.2823E-11
0.00995359 0.165893 7.43521E-11
-0.000563965 0.00939942 7.28489E-11
0.00451906 0.0753176 7.2891E-11
0.00542725 0.0904541 7.30663E-11
-0.00642336 0.107056 7.2471E-11
-0.00245362 0.0408937 7.37075E-11
-0.0192114 0.32019 7.37537E-11
-0.0107885 0.179808 7.22736E-11
0.0102758 0.171264 7.14288E-11
-0.00306886 0.0511476 7.28554E-11
0.000681153 0.0113526 7.51671E-11
0.012517 0.208617 7.38007E-11
0.0165014 0.275023 7.46123E-11
0.00671631 0.111938 7.4906E-11
0.004021 0.0670166 7.33251E-11
0.00195557 0.0325928 7.36865E-11
0.016809 0.280151 7.16554E-11
-0.00224854 0.0374756 7.2909E-11
0.00547119 0.0911865 7.39087E-11
-0.0137328 0.228881 7.25456E-11
0.00427003 0.0711671 7.23929E-11
-0.00334717 0.0557863 7.22654E-11
-0.00261474 0.0435791 7.49895E-11
-0.00270264 0.0450439 7.2389E-11
0.00131103 0.0218506 7.25577E-11
-0.00192626 0.0321044 7.21937E-11
-0.00731691 0.121948 7.28524E-11
-0.0076538 0.127563 7.27108E-11
-0.0104662 0.174437 7.28593E-11
-0.0122974 0.204957 7.27555E-11
-0.00982178 0.163696 7.28876E-11
0.011477 0.191284 7.40175E-11
-0.0272973 0.454956 7.31601E-11
-0.0254516 0.424193 7.33539E-11
0.00932372 0.155395 7.25705E-11
0.00973389 0.162231 7.27245E-11
-0.00197021 0.0328369 7.33511E-11
-0.00542725 0.0904541 7.22255E-11
-0.00374268 0.062378 7.2916E-11
-0.00686278 0.11438 7.41688E-11
-0.0112427 0.187378 7.30318E-11
-0.0213061 0.355102 7.26851E-11
-0.0229907 0.383178 7.29058E-11
-0.0130151 0.216918 7.2947E-11
0.0174535 0.290892 7.19915E-11
-0.0290552 0.484253 7.28769E-11
-0.0178929 0.298216 7.50263E-11
-0.00821045 0.136841 7.23685E-11
-0.0123558 0.205931 7.36071E-11
0.0126781 0.211303 7.36094E-11
0.0026294 0.0438233 7.25708E-11
-0.0136303 0.227172 7.32744E-11
-0.000505372 0.00842286 7.34476E-11
-0.0132933 0.221556 7.54162E-11
-0.00384522 0.064087 7.37683E-11
0.0239574 0.399291 7.39837E-11
-0.0109789 0.182982 7.263E-11
-0.0248803 0.414672 7.32466E-11
-0.0156372 0.26062 7.33846E-11
0.0183471 0.305786 7.26377E-11
0.00577881 0.0963136 7.44837E-11
0.00062256 0.010376 7.2953E-11
-0.000256348 0.00427247 7.33133E-11
0.0228735 0.381226 7.20505E-11
0.00898681 0.14978 7.37242E-11
0.0144506 0.240843 7.29086E-11
-0.00941162 0.15686 7.28373E-11
-0.0086499 0.144165 7.47973E-11
0.014978 0.249633 7.30632E-11
-0.00125244 0.0208739 7.25434E-11
-0.017351 0.289184 7.20879E-11
0.00071045 0.0118408 7.40142E-11
0.0119311 0.198852 7.25034E-11
-0.00425537 0.0709229 7.22424E-11
0.0239867 0.399779 7.18591E-11
0.016853 0.280883 7.30962E-11
-0.0296557 0.494262 7.27913E-11
-0.00274659 0.0457764 7.23692E-11
-0.0209985 0.349975 7.41008E-11
-0.0010913 0.0181884 7.26393E-11
-0.0111401 0.185668 7.26838E-11
0.00519286 0.0865477 7.44623E-11
-0.0103051 0.171753 7.39191E-11
0.010935 0.18225 7.29399E-11
-0.00384522 0.064087 7.29289E-11
0.00897217 0.149536 7.28591E-11
0.0137768 0.229613 7.31719E-11
0.00377197 0.0628662 7.24411E-11
0.00651124 0.108521 7.23728E-11
0.00891357 0.14856 7.28271E-11
-0.000695801 0.0115967 7.50851E-11
0.000168458 0.00280763 7.23536E-11
0.0106127 0.176878 7.32756E-11
0.00478271 0.0797119 7.21148E-11
0.0146264 0.243773 7.26185E-11
0.0162524 0.270873 7.21421E-11
0.0126342 0.21057 7.21864E-11
0.000856934 0.0142822 7.42994E-11
-0.00481202 0.0802003 7.4193E-11
-0.0140698 0.234497 7.2616E-11
0.0086792 0.144653 7.51198E-11
-0.0167358 0.27893 7.28177E-11
0.00385987 0.0643311 7.36683E-11
9.5215E-05 0.00158692 7.29843E-11
-0.0022046 0.0367433 7.41166E-11
0.00172119 0.0286864 7.30166E-11
-0.012019 0.200317 7.26146E-11
-0.021394 0.356567 7.35521E-11
0.00355225 0.0592042 7.25845E-11
0.015725 0.262084 7.29408E-11
0.0119604 0.19934 7.25897E-11
-0.00186768 0.0311279 7.25637E-11
8.05667E-05 0.00134278 7.27376E-11
0.0050464 0.0841066 7.25636E-11
0.0186547 0.310912 7.37207E-11
0.00548583 0.0914306 7.21051E-11
-0.00301026 0.0501711 7.1875E-11
-0.00936767 0.156128 7.52761E-11
0.0255248 0.425413 7.23971E-11
0.000314942 0.00524903 7.31669E-11
0.0030542 0.0509034 7.31009E-11
0.0048999 0.0816651 7.31006E-11
-0.00888428 0.148071 7.18815E-11
0.00809326 0.134888 7.33734E-11
-0.0100415 0.167358 7.32047E-11
0.0123266 0.205443 7.30601E-11
0.00186768 0.0311279 7.15534E-11
0.0105688 0.176147 7.38375E-11
-0.010935 0.18225 7.35874E-11
-0.00763916 0.127319 7.38241E-11
0.0179808 0.299681 7.33954E-11
-0.00712648 0.118775 7.24743E-11
-0.0152564 0.254273 7.15162E-11
0.00302491 0.0504153 7.41041E-11
0.00198486 0.0330811 7.28619E-11
0.00731691 0.121948 7.27685E-11
0.0122241 0.203735 7.30279E-11
0.016062 0.2677 7.23054E-11
0.0127954 0.213256 7.23792E-11
0.0255687 0.426146 7.4233E-11
-0.00122315 0.0203858 7.30134E-11
-0.00630615 0.105103 7.34228E-11
-0.00733155 0.122193 7.27409E-11
0.0351782 0.586303 7.18771E-11
-0.0130151 0.216918 7.30289E-11
-0.00519286 0.0865477 7.31151E-11
0.00550049 0.0916748 7.25744E-11
-0.0167798 0.279663 7.24827E-11
0.00428467 0.0714112 7.40987E-11
0.00542725 0.0904541 7.32837E-11
