-0.0145312 0.242188 8.54373E-11
-0.00796875 0.132812 8.45543E-11
-0.00796875 0.132812 8.58435E-11
0.00046875 0.0078125 8.33046E-11
0.00421875 0.0703125 8.42692E-11
-0.00515625 0.0859375 8.42111E-11
0.00515625 0.0859375 8.7122E-11
-0.0173437 0.289062 8.59897E-11
0.0107812 0.179688 8.41342E-11
-0.00515625 0.0859375 8.62698E-11
0.00984375 0.164062 8.38629E-11
0.00328125 0.0546875 8.46448E-11
0.00515625 0.0859375 8.497E-11
0.0276563 0.460938 8.4315E-11
-0.00421875 0.0703125 8.55717E-11
0.00703125 0.117188 8.43038E-11
-0.00796875 0.132812 8.42914E-11
-0.00328125 0.0546875 8.41901E-11
-0.0117188 0.195312 8.56416E-11
0.00140625 0.0234375 8.57108E-11
-0.00984375 0.164062 8.70615E-11
-0.00515625 0.0859375 8.75973E-11
0.00609375 0.101563 8.52562E-11
0.0117188 0.195312 8.48666E-11
0.0229688 0.382813 8.35902E-11
-0.0145312 0.242188 8.48954E-11
0.00046875 0.0078125 8.56974E-11
-0.00703125 0.117188 8.49961E-11
-0.0154687 0.257812 8.74291E-11
0.00796875 0.132812 8.58322E-11
0.00984375 0.164062 8.44404E-11
-0.00328125 0.0546875 8.42875E-11
-0.0351562 0.585938 8.90388E-11
-0.00421875 0.0703125 8.5194E-11
0.00140625 0.0234375 8.70005E-11
-0.00890625 0.148438 8.4619E-11
0.00703125 0.117188 8.46907E-11
-0.0117188 0.195312 8.52825E-11
0.00421875 0.0703125 8.3951E-11
0.0107812 0.179688 8.4795E-11
0.00890625 0.148438 8.44302E-11
0.00703125 0.117188 8.72127E-11
-0.00140625 0.0234375 8.41616E-11
0.00046875 0.0078125 8.40785E-11
-0.00703125 0.117188 8.53533E-11
0.0126562 0.210938 8.5835E-11
0.00140625 0.0234375 8.68332E-11
-0.00984375 0.164062 8.72804E-11
0.00234375 0.0390625 8.45773E-11
-0.00046875 0.0078125 8.62522E-11
-0.0257812 0.429688 8.74775E-11
-0.00140625 0.0234375 8.47578E-11
-0.00609375 0.101563 8.6459E-11
-0.0117188 0.195312 8.48473E-11
-0.00890625 0.148438 8.51565E-11
0.0117188 0.195312 8.49397E-11
0.0426562 0.710937 8.39527E-11
-0.00890625 0.148438 8.47053E-11
-0.00328125 0.0546875 8.55422E-11
-0.0220313 0.367188 8.62021E-11
0.00984375 0.164062 8.48327E-11
-0.00703125 0.117188 8.54327E-11
0.00328125 0.0546875 8.29231E-11
-0.00796875 0.132812 8.44616E-11
0.00515625 0.0859375 8.69934E-11
0.0107812 0.179688 8.5126E-11
0.00515625 0.0859375 8.56558E-11
-0.00328125 0.0546875 8.47176E-11
-0.0117188 0.195312 8.78856E-11
0.0154687 0.257812 8.48978E-11
-0.00328125 0.0546875 8.44176E-11
-0.00421875 0.0703125 8.52557E-11
-0.00140625 0.0234375 8.55143E-11
-0.0135937 0.226562 8.71291E-11
0.0107812 0.179688 8.42339E-11
0.00890625 0.148438 8.43753E-11
-0.0135937 0.226562 8.56161E-11
0.0126562 0.210938 8.46766E-11
-0.0257812 0.429688 8.70647E-11
0.0145312 0.242188 8.46193E-11
-0.00984375 0.164062 8.45459E-11
0.00703125 0.117188 8.43809E-11
-0.00421875 0.0703125 8.57324E-11
-0.00984375 0.164062 8.44579E-11
-0.00515625 0.0859375 8.50476E-11
0.00890625 0.148438 8.52241E-11
-0.00140625 0.0234375 8.42605E-11
0.00796875 0.132812 8.44323E-11
-0.00984375 0.164062 8.54899E-11
-0.0210937 0.351562 8.7185E-11
0.00328125 0.0546875 8.43961E-11
0.0145312 0.242188 8.49431E-11
0.0154687 0.257812 8.50599E-11
-0.0154687 0.257812 8.55007E-11
-0.0145312 0.242188 8.46911E-11
-0.00890625 0.148438 8.71161E-11
0.00609375 0.101563 8.5435E-11
0.0164062 0.273437 8.5775E-11
0.00609375 0.101563 8.53018E-11
0.0220313 0.367188 8.65545E-11
-0.00421875 0.0703125 8.43723E-11
-0.0276563 0.460938 8.70305E-11
0.00328125 0.0546875 8.50445E-11
-0.00328125 0.0546875 8.3839E-11
-0.0126562 0.210938 8.69494E-11
0.00984375 0.164062 8.40677E-11
-0.00515625 0.0859375 8.415E-11
-0.0210937 0.351562 8.49334E-11
0.0126562 0.210938 8.4016E-11
-0.0107812 0.179688 8.5472E-11
0.00328125 0.0546875 8.49872E-11
0.0351562 0.585938 8.41277E-11
0.00421875 0.0703125 8.71741E-11
0.0267187 0.445312 8.42864E-11
0.0276563 0.460938 8.40977E-11
0.0210937 0.351562 8.4623E-11
0.00046875 0.0078125 8.46821E-11
0.0182812 0.304688 8.20432E-11
-0.00890625 0.148438 8.7284E-11
-0.0135937 0.226562 8.46252E-11
-0.00984375 0.164062 8.57502E-11
-0.0107812 0.179688 8.46963E-11
-0.00703125 0.117188 8.54486E-11
-0.00703125 0.117188 8.52092E-11
-0.00046875 0.0078125 8.4614E-11
-0.00140625 0.0234375 8.39418E-11
0.00421875 0.0703125 8.44201E-11
-0.0117188 0.195312 8.43515E-11
-0.0239062 0.398437 8.56364E-11
0.00796875 0.132812 8.49426E-11
-0.00890625 0.148438 8.47533E-11
-0.0145312 0.242188 8.75977E-11
0.00984375 0.164062 8.47545E-11
-0.0210937 0.351562 8.46041E-11
-0.0126562 0.210938 8.60102E-11
-0.0201563 0.335938 8.5496E-11
-0.00515625 0.0859375 8.56493E-11
-0.00609375 0.101563 8.64732E-11
0.00890625 0.148438 8.58447E-11
0.0126562 0.210938 8.4174E-11
-0.0107812 0.179688 8.40148E-11
0.00140625 0.0234375 8.42041E-11
-0.0164062 0.273437 8.46837E-11
0.0164062 0.273437 8.46701E-11
0.00515625 0.0859375 8.50766E-11
0.00609375 0.101563 8.31589E-11
0.0192187 0.320312 8.47894E-11
-0.00421875 0.0703125 8.48246E-11
0.0192187 0.320312 8.40201E-11
-0.0126562 0.210938 8.54678E-11
0.0117188 0.195312 8.31568E-11
-0.00140625 0.0234375 8.58725E-11
-0.0192187 0.320312 8.49579E-11
-0.0145312 0.242188 8.62439E-11
-0.0267187 0.445312 8.44316E-11
0.0201563 0.335938 8.45333E-11
-0.0285937 0.476562 8.53186E-11
-0.0248437 0.414062 8.80215E-11
0.00515625 0.0859375 8.51771E-11
-0.0239062 0.398437 8.7114E-11
-0.00046875 0.0078125 8.51547E-11
-0.0135937 0.226562 8.50521E-11
-0.0145312 0.242188 8.39173E-11
0.0107812 0.179688 8.41084E-11
0.0192187 0.320312 8.42711E-11
0.00515625 0.0859375 8.41204E-11
-0.00796875 0.132812 8.67959E-11
-0.0220313 0.367188 8.72782E-11
-0.00328125 0.0546875 8.75266E-11
-0.0135937 0.226562 8.57462E-11
-0.0126562 0.210938 8.68184E-11
-0.00796875 0.132812 8.6469E-11
-0.00796875 0.132812 8.69273E-11
0.00703125 0.117188 8.49937E-11
-0.00328125 0.0546875 8.46121E-11
0.0154687 0.257812 8.65471E-11
0.0145312 0.242188 8.37525E-11
-0.00046875 0.0078125 8.67175E-11
-0.0107812 0.179688 8.488E-11
-0.0117188 0.195312 8.71382E-11
-0.00796875 0.132812 8.47806E-11
-0.00796875 0.132812 8.42091E-11
0.00609375 0.101563 8.41679E-11
-0.00984375 0.164062 8.46862E-11
-0.00421875 0.0703125 8.43474E-11
-0.00984375 0.164062 8.56222E-11
0.0210937 0.351562 8.31378E-11
0.00796875 0.132812 8.44078E-11
0.00703125 0.117188 8.51035E-11
-0.0135937 0.226562 8.25271E-11
-0.0135937 0.226562 8.41251E-11
0.0192187 0.320312 8.51161E-11
-0.00140625 0.0234375 8.26337E-11
0.0154687 0.257812 8.36799E-11
-0.0257812 0.429688 8.56154E-11
-0.0154687 0.257812 8.55372E-11
-0.0182812 0.304688 8.52742E-11
-0.0126562 0.210938 8.73367E-11
0.00703125 0.117188 8.23733E-11
0.00140625 0.0234375 8.54092E-11
