0.00328125 0.0546875 3.00981E-10
-0.00796875 0.132812 3.02101E-10
-0.00609375 0.101563 3.07099E-10
-0.0126562 0.210938 3.04612E-10
0.0182812 0.304688 3.06216E-10
-0.00984375 0.164062 3.01479E-10
-0.00515625 0.0859375 2.96018E-10
0.00421875 0.0703125 2.94484E-10
-0.0182812 0.304688 3.12451E-10
-0.00609375 0.101563 3.02648E-10
0.00515625 0.0859375 3.17414E-10
-0.00515625 0.0859375 3.02852E-10
-0.0126562 0.210938 3.04179E-10
-0.00515625 0.0859375 3.14546E-10
0.00890625 0.148438 2.97248E-10
0.00515625 0.0859375 3.01929E-10
0.00140625 0.0234375 2.9551E-10
0.00046875 0.0078125 3.01097E-10
-0.0145312 0.242188 2.97473E-10
-0.00515625 0.0859375 3.10205E-10
-0.00703125 0.117188 3.04521E-10
0.00890625 0.148438 3.02534E-10
-0.00703125 0.117188 2.95862E-10
0.00890625 0.148438 3.10338E-10
-0.00328125 0.0546875 3.08418E-10
-0.0192187 0.320312 3.0261E-10
-0.00796875 0.132812 2.9433E-10
0.0107812 0.179688 3.02978E-10
0.0145312 0.242188 3.02684E-10
-0.00421875 0.0703125 3.0899E-10
0.00046875 0.0078125 3.0313E-10
0.0192187 0.320312 3.04158E-10
0.00234375 0.0390625 2.92033E-10
0.0135937 0.226562 3.04718E-10
0.00609375 0.101563 3.07409E-10
0.00609375 0.101563 3.0289E-10
-0.00609375 0.101563 2.9705E-10
0.00421875 0.0703125 2.94464E-10
-0.00515625 0.0859375 2.97933E-10
-0.00421875 0.0703125 2.94772E-10
-0.00421875 0.0703125 3.0047E-10
0.00234375 0.0390625 2.91043E-10
-0.00234375 0.0390625 2.94576E-10
-0.00328125 0.0546875 3.03109E-10
-0.00515625 0.0859375 3.09487E-10
0.0145312 0.242188 3.0845E-10
0.00421875 0.0703125 2.93001E-10
-0.00515625 0.0859375 3.05963E-10
-0.0210937 0.351562 3.08305E-10
0.0107812 0.179688 3.01143E-10
0.00234375 0.0390625 3.06165E-10
0.0135937 0.226562 3.08323E-10
0.0135937 0.226562 3.08014E-10
-0.00046875 0.0078125 2.93004E-10
0.00140625 0.0234375 3.02234E-10
0.0182812 0.304688 3.03849E-10
-0.00234375 0.0390625 3.12168E-10
-0.0126562 0.210938 3.03942E-10
-0.00140625 0.0234375 3.09293E-10
0.00421875 0.0703125 2.97834E-10
-0.00609375 0.101563 3.23613E-10
0.0107812 0.179688 3.01864E-10
0.00703125 0.117188 2.9824E-10
0.0192187 0.320312 3.10157E-10
-0.0117188 0.195312 3.01576E-10
-0.0164062 0.273437 3.03209E-10
0.00046875 0.0078125 3.09944E-10
0.00046875 0.0078125 2.91849E-10
-0.0239062 0.398437 2.9994E-10
0.0210937 0.351562 3.06753E-10
-0.00140625 0.0234375 3.01322E-10
0.0135937 0.226562 2.94119E-10
0.00046875 0.0078125 3.05014E-10
-0.00046875 0.0078125 3.02184E-10
-0.00140625 0.0234375 3.15496E-10
-0.00046875 0.0078125 2.92887E-10
-0.0117188 0.195312 3.0392E-10
-0.00609375 0.101563 3.02207E-10
-0.00234375 0.0390625 3.14114E-10
0.00796875 0.132812 2.98163E-10
0.00609375 0.101563 3.03551E-10
0.00140625 0.0234375 2.99669E-10
-0.00515625 0.0859375 3.06233E-10
-0.00515625 0.0859375 2.9412E-10
0.00328125 0.0546875 2.93223E-10
0.00609375 0.101563 3.02812E-10
-0.0117188 0.195312 3.0393E-10
0.0145312 0.242188 3.12384E-10
0.00234375 0.0390625 2.9363E-10
0.00609375 0.101563 3.05256E-10
0.00328125 0.0546875 2.98749E-10
-0.00796875 0.132812 3.07996E-10
0.00140625 0.0234375 3.03912E-10
0.00140625 0.0234375 3.01091E-10
-0.0117188 0.195312 3.02566E-10
-0.00421875 0.0703125 3.00603E-10
-0.00046875 0.0078125 3.08679E-10
-0.0135937 0.226562 3.08392E-10
-0.00796875 0.132812 3.01159E-10
0.00328125 0.0546875 3.03489E-10
0.00234375 0.0390625 2.95804E-10
-0.00703125 0.117188 2.92302E-10
-0.00515625 0.0859375 2.95134E-10
0.00234375 0.0390625 3.05042E-10
0.00328125 0.0546875 3.06683E-10
-0.00984375 0.164062 2.93236E-10
0.0192187 0.320312 3.10245E-10
0.00703125 0.117188 3.01999E-10
0.00890625 0.148438 3.0032E-10
-0.00703125 0.117188 3.06682E-10
0.00609375 0.101563 3.00147E-10
-0.0164062 0.273437 3.02481E-10
-0.00890625 0.148438 3.07667E-10
0.0154687 0.257812 3.03691E-10
-0.0173437 0.289062 2.9932E-10
0.00515625 0.0859375 2.96455E-10
-0.00328125 0.0546875 3.08873E-10
0.0107812 0.179688 3.12162E-10
-0.0107812 0.179688 3.02479E-10
-0.00796875 0.132812 3.00733E-10
0.00890625 0.148438 3.03628E-10
0.00796875 0.132812 3.05413E-10
0.00328125 0.0546875 3.01377E-10
0.00796875 0.132812 3.06477E-10
-0.00515625 0.0859375 3.03184E-10
0.0135937 0.226562 2.94378E-10
0.0126562 0.210938 3.05486E-10
-0.0201563 0.335938 3.05687E-10
0.0173437 0.289062 3.07601E-10
-0.00140625 0.0234375 2.9662E-10
0.00609375 0.101563 3.12415E-10
0.00046875 0.0078125 3.02189E-10
0.00328125 0.0546875 3.11049E-10
-0.00046875 0.0078125 3.03132E-10
0.00515625 0.0859375 3.11182E-10
-0.00234375 0.0390625 2.9706E-10
-0.0135937 0.226562 2.89794E-10
-0.00234375 0.0390625 3.09692E-10
-0.00421875 0.0703125 2.95481E-10
0.0107812 0.179688 3.09263E-10
-0.00515625 0.0859375 3.16742E-10
0.00796875 0.132812 2.95551E-10
0.0107812 0.179688 3.02429E-10
0.0164062 0.273437 3.02618E-10
0.0107812 0.179688 3.00499E-10
0.00140625 0.0234375 2.99969E-10
0.0126562 0.210938 2.90008E-10
0.00046875 0.0078125 3.12132E-10
-0.00234375 0.0390625 3.05429E-10
-0.00328125 0.0546875 3.03849E-10
0.0117188 0.195312 2.93151E-10
0.00515625 0.0859375 3.00847E-10
-0.00140625 0.0234375 2.95778E-10
0.0107812 0.179688 2.91834E-10
0.00703125 0.117188 3.04896E-10
0.0117188 0.195312 2.96176E-10
0.0117188 0.195312 2.91183E-10
-0.00046875 0.0078125 3.21179E-10
0.0107812 0.179688 3.04011E-10
-0.00328125 0.0546875 3.05492E-10
0.0126562 0.210938 3.00738E-10
0.00234375 0.0390625 3.10049E-10
0.0126562 0.210938 3.07135E-10
-0.0379687 0.632812 3.02267E-10
0.00515625 0.0859375 3.03016E-10
0.0107812 0.179688 2.92562E-10
0.0117188 0.195312 2.97675E-10
0.00703125 0.117188 3.01013E-10
0.00140625 0.0234375 3.03498E-10
0.00984375 0.164062 3.06515E-10
-0.00140625 0.0234375 3.02839E-10
-0.00796875 0.132812 2.94028E-10
0.0135937 0.226562 3.00997E-10
-0.00796875 0.132812 3.07892E-10
-0.00703125 0.117188 3.11028E-10
0.0117188 0.195312 3.03053E-10
-0.00046875 0.0078125 3.02724E-10
-0.00609375 0.101563 2.99179E-10
0.0126562 0.210938 3.09711E-10
0.00703125 0.117188 2.97166E-10
0.0173437 0.289062 3.04387E-10
0.0145312 0.242188 3.09175E-10
0.00609375 0.101563 2.95097E-10
-0.00515625 0.0859375 3.09561E-10
0.00515625 0.0859375 2.94786E-10
-0.0107812 0.179688 3.03977E-10
0.0154687 0.257812 3.02544E-10
-0.00140625 0.0234375 3.01789E-10
-0.0164062 0.273437 2.98833E-10
0.00609375 0.101563 3.01947E-10
-0.0117188 0.195312 3.03299E-10
-0.00140625 0.0234375 2.96651E-10
0.0107812 0.179688 3.07079E-10
0.00234375 0.0390625 3.02667E-10
0.00609375 0.101563 2.96156E-10
-0.0107812 0.179688 3.02161E-10
0.00140625 0.0234375 3.05534E-10
0.0164062 0.273437 2.95643E-10
0.00609375 0.101563 3.01293E-10
-0.00609375 0.101563 3.03163E-10
