-0.00609375 0.101563 7.89407E-11
0.0332812 0.554688 7.76471E-11
0.00796875 0.132812 7.54941E-11
-0.0351562 0.585938 8.10734E-11
0.00421875 0.0703125 7.97827E-11
-0.00234375 0.0390625 7.67395E-11
0.0285937 0.476562 7.68203E-11
0.0210937 0.351562 7.84537E-11
0.00796875 0.132812 7.80307E-11
0.00703125 0.117188 7.88586E-11
-0.00515625 0.0859375 7.89174E-11
0.00140625 0.0234375 7.97E-11
0.00984375 0.164062 7.66043E-11
0.0126562 0.210938 8.04684E-11
-0.0248437 0.414062 7.78183E-11
0.0201563 0.335938 7.64167E-11
0.00796875 0.132812 7.87279E-11
-0.00140625 0.0234375 7.69668E-11
0.00328125 0.0546875 7.70125E-11
-0.00703125 0.117188 8.18448E-11
-0.00796875 0.132812 8.07796E-11
0.0173437 0.289062 7.69997E-11
-0.0239062 0.398437 8.01267E-11
-0.0239062 0.398437 7.86566E-11
-0.0257812 0.429688 7.98753E-11
0.0351562 0.585938 7.6041E-11
0.0107812 0.179688 7.7777E-11
-0.00609375 0.101563 7.80763E-11
-0.00046875 0.0078125 7.65903E-11
-0.0398437 0.664062 8.06134E-11
-0.0220313 0.367188 7.74701E-11
-0.0117188 0.195312 7.85922E-11
-0.00890625 0.148438 8.06616E-11
0.0164062 0.273437 7.74805E-11
-0.0182812 0.304688 7.88917E-11
-0.0164062 0.273437 7.83205E-11
0.00140625 0.0234375 7.72264E-11
0.0239062 0.398437 8.04129E-11
0.00234375 0.0390625 7.7524E-11
0.0267187 0.445312 7.8927E-11
-0.00890625 0.148438 7.74614E-11
-0.0389063 0.648438 7.82736E-11
0.00890625 0.148438 7.91436E-11
-0.00328125 0.0546875 7.74931E-11
-0.0117188 0.195312 7.83575E-11
-0.0164062 0.273437 7.97451E-11
-0.00703125 0.117188 7.91211E-11
-0.00890625 0.148438 7.98206E-11
-0.0117188 0.195312 7.86525E-11
-0.00421875 0.0703125 7.84434E-11
-0.00796875 0.132812 7.86462E-11
-0.0126562 0.210938 7.79321E-11
0.0473438 0.789063 7.54345E-11
-0.0248437 0.414062 7.90113E-11
0.0107812 0.179688 8.0868E-11
0.00140625 0.0234375 7.84973E-11
0.0220313 0.367188 7.88899E-11
-0.00703125 0.117188 7.76468E-11
0.0154687 0.257812 7.7811E-11
0.0220313 0.367188 7.73217E-11
-0.00796875 0.132812 7.68179E-11
0.00609375 0.101563 7.90872E-11
0.0192187 0.320312 7.88336E-11
-0.0360937 0.601562 7.78138E-11
-0.00234375 0.0390625 7.84347E-11
-0.0210937 0.351562 8.04663E-11
0.0117188 0.195312 7.75613E-11
-0.0145312 0.242188 8.08927E-11
-0.0145312 0.242188 8.17932E-11
0.0164062 0.273437 7.78574E-11
-0.00609375 0.101563 7.86397E-11
-0.0164062 0.273437 7.80406E-11
0.00421875 0.0703125 7.77826E-11
0.0164062 0.273437 7.71407E-11
-0.0285937 0.476562 7.99956E-11
-0.0154687 0.257812 8.10171E-11
-0.00703125 0.117188 7.98605E-11
0.0126562 0.210938 7.82823E-11
0.00046875 0.0078125 7.66134E-11
-0.0107812 0.179688 7.83452E-11
0.0239062 0.398437 7.7982E-11
0.00703125 0.117188 7.81284E-11
-0.0135937 0.226562 7.85692E-11
-0.00890625 0.148438 7.80524E-11
0.0117188 0.195312 7.8458E-11
-0.0126562 0.210938 8.07905E-11
-0.0257812 0.429688 7.75782E-11
0.0182812 0.304688 7.78698E-11
-0.00046875 0.0078125 7.86196E-11
-0.00984375 0.164062 7.99145E-11
-0.00328125 0.0546875 8.0037E-11
-0.00796875 0.132812 7.75498E-11
0.00609375 0.101563 7.85576E-11
-0.0257812 0.429688 7.8651E-11
0.0229688 0.382813 7.88863E-11
0.00421875 0.0703125 7.90037E-11
-0.0351562 0.585938 7.80224E-11
0.0182812 0.304688 7.72972E-11
-0.0154687 0.257812 8.02244E-11
0.0201563 0.335938 7.94508E-11
0.0229688 0.382813 7.60385E-11
0.00703125 0.117188 7.79843E-11
0.0210937 0.351562 7.7335E-11
0.0164062 0.273437 7.91127E-11
0.00703125 0.117188 7.75522E-11
-0.00703125 0.117188 8.10612E-11
-0.00421875 0.0703125 7.83771E-11
-0.0117188 0.195312 7.81189E-11
-0.0370313 0.617188 7.90736E-11
0.0164062 0.273437 7.88266E-11
0.0267187 0.445312 7.8179E-11
0.00046875 0.0078125 7.87414E-11
-0.00046875 0.0078125 7.77583E-11
0.00234375 0.0390625 7.83651E-11
-0.0201563 0.335938 7.6935E-11
0.00984375 0.164062 7.85208E-11
-0.00328125 0.0546875 7.80183E-11
0.0276563 0.460938 7.69182E-11
-0.0173437 0.289062 8.06043E-11
-0.0154687 0.257812 7.83581E-11
-0.00421875 0.0703125 7.83876E-11
-0.0201563 0.335938 7.84122E-11
-0.0304687 0.507812 7.79204E-11
-0.0107812 0.179688 7.89056E-11
-0.00796875 0.132812 7.87925E-11
-0.00890625 0.148438 7.91758E-11
-0.00140625 0.0234375 7.7782E-11
-0.0210937 0.351562 7.91743E-11
-0.0295312 0.492188 7.83615E-11
-0.00046875 0.0078125 7.75842E-11
-0.00609375 0.101563 7.71724E-11
0.0192187 0.320312 7.73536E-11
0.0220313 0.367188 7.62827E-11
0.0173437 0.289062 7.76935E-11
-0.00515625 0.0859375 7.83634E-11
0.00328125 0.0546875 7.72147E-11
-0.0135937 0.226562 7.93547E-11
-0.00328125 0.0546875 7.82652E-11
0.00328125 0.0546875 7.65541E-11
0.0220313 0.367188 7.78041E-11
-0.0332812 0.554688 7.94154E-11
0.0426562 0.710937 7.65309E-11
0.0154687 0.257812 7.78092E-11
-0.00796875 0.132812 7.74404E-11
-0.00984375 0.164062 7.70906E-11
0.0154687 0.257812 7.69902E-11
-0.00421875 0.0703125 8.03172E-11
0.0210937 0.351562 7.87748E-11
-0.00984375 0.164062 8.02726E-11
-0.0323438 0.539063 7.90083E-11
-0.0135937 0.226562 7.88124E-11
-0.0229688 0.382813 7.8627E-11
0.00984375 0.164062 7.87231E-11
0.00421875 0.0703125 7.76778E-11
-0.0220313 0.367188 8.1247E-11
0.0267187 0.445312 7.8626E-11
-0.0164062 0.273437 7.9352E-11
0.00328125 0.0546875 7.80794E-11
0.0117188 0.195312 7.73189E-11
0.00234375 0.0390625 7.65233E-11
0.0576562 0.960937 7.62824E-11
-0.0107812 0.179688 8.09638E-11
-0.00328125 0.0546875 7.85564E-11
0.0342187 0.570312 7.88993E-11
0.0192187 0.320312 7.86921E-11
-0.00703125 0.117188 7.76881E-11
-0.00703125 0.117188 7.97605E-11
0.0257812 0.429688 7.69102E-11
-0.00140625 0.0234375 7.93135E-11
0.00234375 0.0390625 7.80106E-11
-0.0126562 0.210938 7.71919E-11
-0.0304687 0.507812 7.829E-11
0.00046875 0.0078125 7.89144E-11
-0.0126562 0.210938 7.87442E-11
-0.00703125 0.117188 7.90576E-11
-0.0379687 0.632812 7.99644E-11
0.00515625 0.0859375 7.80081E-11
0.00609375 0.101563 7.75854E-11
0.00609375 0.101563 8.07592E-11
-0.0192187 0.320312 7.81325E-11
0.0107812 0.179688 7.80917E-11
-0.00515625 0.0859375 7.73431E-11
0.0145312 0.242188 7.80836E-11
-0.00890625 0.148438 7.76205E-11
0.0229688 0.382813 7.67475E-11
0.0248437 0.414062 7.92648E-11
0.0370313 0.617188 7.72711E-11
0.0304687 0.507812 7.87094E-11
0.0239062 0.398437 7.70102E-11
0.00796875 0.132812 7.73678E-11
-0.00234375 0.0390625 8.0076E-11
0.00984375 0.164062 7.74997E-11
0.00421875 0.0703125 7.88613E-11
0.0210937 0.351562 7.66727E-11
0.00328125 0.0546875 7.93751E-11
0.00890625 0.148438 7.84905E-11
-0.0267187 0.445312 7.81277E-11
-0.0107812 0.179688 7.84829E-11
-0.00515625 0.0859375 8.02479E-11
0.0192187 0.320312 7.75698E-11
