-0.0145312 0.242188 1.17905E-10
0.00046875 0.0078125 1.20838E-10
-0.00703125 0.117188 1.20594E-10
0.0173437 0.289062 1.16149E-10
-0.00328125 0.0546875 1.17391E-10
0.0145312 0.242188 1.2011E-10
0.00234375 0.0390625 1.16686E-10
0.0117188 0.195312 1.17851E-10
0.00515625 0.0859375 1.19256E-10
0.00515625 0.0859375 1.18342E-10
0.00890625 0.148438 1.1966E-10
-0.00140625 0.0234375 1.22133E-10
0.00421875 0.0703125 1.18654E-10
0.00609375 0.101563 1.18694E-10
-0.00890625 0.148438 1.17194E-10
0.0117188 0.195312 1.18231E-10
-0.00046875 0.0078125 1.21151E-10
-0.00703125 0.117188 1.19831E-10
0.00140625 0.0234375 1.19787E-10
-0.0164062 0.273437 1.17684E-10
-0.00421875 0.0703125 1.19648E-10
-0.00140625 0.0234375 1.1742E-10
-0.00703125 0.117188 1.19572E-10
0.0135937 0.226562 1.20197E-10
-0.00609375 0.101563 1.18773E-10
0.0145312 0.242188 1.16757E-10
0.00140625 0.0234375 1.20132E-10
0.0117188 0.195312 1.16419E-10
-0.00328125 0.0546875 1.17691E-10
-0.00328125 0.0546875 1.18523E-10
0.0126562 0.210938 1.17119E-10
0.00609375 0.101563 1.19902E-10
0.00421875 0.0703125 1.19503E-10
0.00046875 0.0078125 1.19868E-10
-0.00328125 0.0546875 1.20414E-10
-0.0248437 0.414062 1.16703E-10
-0.00234375 0.0390625 1.18545E-10
-0.00609375 0.101563 1.19524E-10
0.00515625 0.0859375 1.1892E-10
0.00421875 0.0703125 1.17462E-10
0.0107812 0.179688 1.17906E-10
-0.0117188 0.195312 1.19957E-10
-0.0107812 0.179688 1.20328E-10
0.0135937 0.226562 1.19902E-10
0.00796875 0.132812 1.14899E-10
-0.00984375 0.164062 1.20472E-10
0.0201563 0.335938 1.16135E-10
-0.00234375 0.0390625 1.18476E-10
0.0126562 0.210938 1.19241E-10
-0.00421875 0.0703125 1.19292E-10
-0.0164062 0.273437 1.19734E-10
-0.0117188 0.195312 1.18719E-10
-0.0164062 0.273437 1.18447E-10
-0.00234375 0.0390625 1.18488E-10
0.0145312 0.242188 1.18309E-10
-0.00328125 0.0546875 1.18216E-10
0.0182812 0.304688 1.19436E-10
-0.00796875 0.132812 1.20016E-10
0.00421875 0.0703125 1.17837E-10
-0.00234375 0.0390625 1.20052E-10
0.00140625 0.0234375 1.1967E-10
0.0117188 0.195312 1.15598E-10
-0.00328125 0.0546875 1.19978E-10
0.0145312 0.242188 1.20003E-10
-0.00328125 0.0546875 1.19361E-10
0.00328125 0.0546875 1.18684E-10
0.0126562 0.210938 1.15938E-10
0.00609375 0.101563 1.16768E-10
-0.00421875 0.0703125 1.19994E-10
-0.0145312 0.242188 1.23315E-10
0.00796875 0.132812 1.17103E-10
0.00328125 0.0546875 1.20145E-10
0.00515625 0.0859375 1.17889E-10
0.00328125 0.0546875 1.16809E-10
0.00328125 0.0546875 1.20322E-10
-0.0173437 0.289062 1.19801E-10
-0.00515625 0.0859375 1.16902E-10
0.00328125 0.0546875 1.19855E-10
0.00140625 0.0234375 1.20603E-10
-0.00984375 0.164062 1.19384E-10
0.00515625 0.0859375 1.18498E-10
0.0107812 0.179688 1.197E-10
0.0164062 0.273437 1.19116E-10
0.00515625 0.0859375 1.17252E-10
-0.00984375 0.164062 1.17457E-10
0.00140625 0.0234375 1.20398E-10
0.0182812 0.304688 1.19485E-10
0.00515625 0.0859375 1.18029E-10
-0.00046875 0.0078125 1.16717E-10
0.00796875 0.132812 1.19667E-10
-0.0107812 0.179688 1.20192E-10
-0.00984375 0.164062 1.20234E-10
-0.00609375 0.101563 1.17911E-10
0.0126562 0.210938 1.17568E-10
-0.0126562 0.210938 1.18629E-10
0.0154687 0.257812 1.16364E-10
-0.0107812 0.179688 1.19381E-10
0.00515625 0.0859375 1.19506E-10
-0.00796875 0.132812 1.19085E-10
-0.0164062 0.273437 1.20627E-10
-0.00984375 0.164062 1.20242E-10
0.00328125 0.0546875 1.20717E-10
0.00890625 0.148438 1.21056E-10
0.0154687 0.257812 1.14809E-10
-0.0164062 0.273437 1.18599E-10
0.00796875 0.132812 1.1866E-10
0.00140625 0.0234375 1.19867E-10
-0.0117188 0.195312 1.16522E-10
0.0145312 0.242188 1.20067E-10
0.00328125 0.0546875 1.19691E-10
0.0107812 0.179688 1.19378E-10
0.0126562 0.210938 1.1685E-10
-0.0173437 0.289062 1.16229E-10
-0.00515625 0.0859375 1.20464E-10
-0.00609375 0.101563 1.19412E-10
-0.00703125 0.117188 1.1704E-10
-0.0117188 0.195312 1.18579E-10
-0.0126562 0.210938 1.16238E-10
0.0145312 0.242188 1.20837E-10
-0.0192187 0.320312 1.19179E-10
-0.00140625 0.0234375 1.19545E-10
0.00890625 0.148438 1.19082E-10
-0.00515625 0.0859375 1.19059E-10
0.00046875 0.0078125 1.20302E-10
-0.00140625 0.0234375 1.18455E-10
-0.00234375 0.0390625 1.19978E-10
0.00046875 0.0078125 1.17133E-10
-0.00046875 0.0078125 1.18797E-10
0.00328125 0.0546875 1.19363E-10
0.00515625 0.0859375 1.17719E-10
0.00515625 0.0859375 1.19345E-10
0.00515625 0.0859375 1.17621E-10
0.0117188 0.195312 1.19176E-10
-0.0126562 0.210938 1.19441E-10
0.00515625 0.0859375 1.16135E-10
0.00984375 0.164062 1.15888E-10
-0.00796875 0.132812 1.19091E-10
-0.0126562 0.210938 1.17641E-10
0.00796875 0.132812 1.16647E-10
-0.00515625 0.0859375 1.19636E-10
0.0145312 0.242188 1.17929E-10
0.0164062 0.273437 1.16795E-10
0.0126562 0.210938 1.19115E-10
-0.0164062 0.273437 1.19236E-10
-0.00890625 0.148438 1.20542E-10
0.00140625 0.0234375 1.20269E-10
-0.00046875 0.0078125 1.20207E-10
0.00515625 0.0859375 1.17382E-10
0.0164062 0.273437 1.19079E-10
-0.00796875 0.132812 1.17614E-10
0.00703125 0.117188 1.19057E-10
0.0173437 0.289062 1.20258E-10
-0.00046875 0.0078125 1.19752E-10
0.00046875 0.0078125 1.178E-10
-0.00796875 0.132812 1.16797E-10
-0.0135937 0.226562 1.21565E-10
0.00609375 0.101563 1.20028E-10
0.00140625 0.0234375 1.21327E-10
0.00421875 0.0703125 1.17197E-10
0.0304687 0.507812 1.20522E-10
-0.00984375 0.164062 1.1711E-10
0.00703125 0.117188 1.18904E-10
0.00515625 0.0859375 1.18373E-10
0.00328125 0.0546875 1.19216E-10
0.00984375 0.164062 1.19081E-10
-0.0107812 0.179688 1.17426E-10
-0.00890625 0.148438 1.20173E-10
0.0154687 0.257812 1.17335E-10
0.0173437 0.289062 1.17738E-10
-0.0107812 0.179688 1.18915E-10
-0.00328125 0.0546875 1.17987E-10
0.0192187 0.320312 1.20569E-10
-0.00140625 0.0234375 1.16453E-10
-0.00421875 0.0703125 1.18602E-10
-0.0398437 0.664062 1.19404E-10
-0.00234375 0.0390625 1.19012E-10
-0.00234375 0.0390625 1.19474E-10
0.0135937 0.226562 1.17314E-10
0.00796875 0.132812 1.17876E-10
0.00328125 0.0546875 1.1971E-10
-0.0201563 0.335938 1.19379E-10
-0.0126562 0.210938 1.17957E-10
-0.00421875 0.0703125 1.1933E-10
-0.00609375 0.101563 1.19944E-10
0.00515625 0.0859375 1.17863E-10
0.00046875 0.0078125 1.2012E-10
-0.00796875 0.132812 1.17696E-10
0.00421875 0.0703125 1.17594E-10
-0.00328125 0.0546875 1.1734E-10
-0.00421875 0.0703125 1.20604E-10
-0.0145312 0.242188 1.17496E-10
0.0145312 0.242188 1.18022E-10
-0.00515625 0.0859375 1.20516E-10
-0.0164062 0.273437 1.17306E-10
-0.00515625 0.0859375 1.17194E-10
0.00421875 0.0703125 1.17625E-10
-0.00234375 0.0390625 1.20822E-10
0.00421875 0.0703125 1.17317E-10
-0.0117188 0.195312 1.19972E-10
0.0145312 0.242188 1.18592E-10
