-0.0154687 0.257812 1.00778E-10
-0.00140625 0.0234375 1.02823E-10
0.0145312 0.242188 1.00765E-10
0.00515625 0.0859375 1.02682E-10
-0.00328125 0.0546875 1.00288E-10
0.00046875 0.0078125 1.00686E-10
-0.00984375 0.164062 1.00916E-10
0.00984375 0.164062 1.02187E-10
0.00890625 0.148438 1.03324E-10
-0.00703125 0.117188 1.01022E-10
-0.00890625 0.148438 1.02249E-10
-0.00328125 0.0546875 1.00908E-10
0.00140625 0.0234375 1.00608E-10
0.0182812 0.304688 1.02423E-10
0.0192187 0.320312 1.01068E-10
-0.0135937 0.226562 1.02156E-10
0.00421875 0.0703125 1.00567E-10
-0.00609375 0.101563 1.00586E-10
0.00515625 0.0859375 1.03832E-10
0.00609375 0.101563 1.00549E-10
0.00796875 0.132812 9.96237E-11
-0.00890625 0.148438 1.01263E-10
0.00140625 0.0234375 1.00672E-10
0.00609375 0.101563 1.00003E-10
0.00515625 0.0859375 1.01484E-10
-0.00890625 0.148438 1.00617E-10
0.00046875 0.0078125 1.02484E-10
0.0145312 0.242188 1.01234E-10
0.00703125 0.117188 9.94356E-11
0.00328125 0.0546875 1.03225E-10
-0.00984375 0.164062 1.00547E-10
0.00984375 0.164062 9.96296E-11
-0.0126562 0.210938 1.00628E-10
-0.00140625 0.0234375 1.01321E-10
-0.0145312 0.242188 1.0152E-10
0.0126562 0.210938 1.012E-10
0.00234375 0.0390625 1.00968E-10
-0.00234375 0.0390625 1.00784E-10
0.0117188 0.195312 1.00526E-10
0.00140625 0.0234375 1.00147E-10
-0.00328125 0.0546875 1.00781E-10
-0.00140625 0.0234375 1.0117E-10
0.0117188 0.195312 1.01032E-10
0.00328125 0.0546875 9.96199E-11
0.0182812 0.304688 1.01472E-10
0.00421875 0.0703125 1.01843E-10
-0.0107812 0.179688 1.0037E-10
0.00890625 0.148438 1.00525E-10
0.00421875 0.0703125 1.00652E-10
0.00046875 0.0078125 1.02572E-10
-0.0276563 0.460938 1.02208E-10
-0.0173437 0.289062 1.01017E-10
-0.00328125 0.0546875 9.96903E-11
-0.0267187 0.445312 1.02388E-10
-0.0126562 0.210938 1.02734E-10
0.00515625 0.0859375 1.01115E-10
-0.00234375 0.0390625 9.93952E-11
0.00984375 0.164062 1.0048E-10
-0.00234375 0.0390625 1.02059E-10
-0.0117188 0.195312 1.00389E-10
-0.0107812 0.179688 1.00642E-10
-0.00046875 0.0078125 1.02142E-10
0.00328125 0.0546875 1.00221E-10
0.00140625 0.0234375 1.02276E-10
-0.00046875 0.0078125 1.02237E-10
0.00984375 0.164062 1.00896E-10
0.0135937 0.226562 1.00992E-10
-0.0126562 0.210938 1.00862E-10
0.0117188 0.195312 1.02728E-10
0.00421875 0.0703125 1.00615E-10
-0.00609375 0.101563 1.00843E-10
-0.00328125 0.0546875 1.00689E-10
-0.0239062 0.398437 1.0166E-10
0.00140625 0.0234375 1.0128E-10
0.0117188 0.195312 1.00712E-10
-0.00515625 0.0859375 1.00514E-10
0.0210937 0.351562 1.02573E-10
0.00609375 0.101563 1.00852E-10
0.00703125 0.117188 1.01484E-10
0.00421875 0.0703125 1.00326E-10
0.00609375 0.101563 1.00992E-10
0.00140625 0.0234375 1.00293E-10
0.00515625 0.0859375 1.00513E-10
0.00140625 0.0234375 1.0198E-10
-0.00046875 0.0078125 9.87616E-11
0.0107812 0.179688 1.01173E-10
0.00609375 0.101563 1.00707E-10
0.00234375 0.0390625 1.00811E-10
0.0107812 0.179688 1.00971E-10
-0.00890625 0.148438 1.00396E-10
-0.0154687 0.257812 1.01851E-10
-0.00421875 0.0703125 1.00842E-10
0.00890625 0.148438 1.02247E-10
0.00046875 0.0078125 1.02135E-10
-0.00046875 0.0078125 1.03032E-10
-0.00890625 0.148438 1.02427E-10
-0.0154687 0.257812 1.01402E-10
0.0182812 0.304688 1.01021E-10
-0.0267187 0.445312 1.00955E-10
-0.00140625 0.0234375 1.02481E-10
-0.00890625 0.148438 1.01187E-10
-0.0173437 0.289062 1.02665E-10
0.0145312 0.242188 1.00314E-10
-0.0154687 0.257812 1.01538E-10
0.0117188 0.195312 9.9892E-11
0.00890625 0.148438 1.00754E-10
0.00421875 0.0703125 1.01384E-10
0.00421875 0.0703125 1.01286E-10
-0.00421875 0.0703125 1.00687E-10
0.00890625 0.148438 1.02792E-10
-0.0107812 0.179688 1.01436E-10
0.00703125 0.117188 1.00928E-10
0.0107812 0.179688 1.00436E-10
-0.00421875 0.0703125 1.01187E-10
0.00890625 0.148438 9.90404E-11
0.00328125 0.0546875 1.01493E-10
-0.0107812 0.179688 1.00939E-10
-0.00234375 0.0390625 1.02184E-10
0.00234375 0.0390625 1.01327E-10
0.0182812 0.304688 1.01568E-10
-0.00140625 0.0234375 1.01679E-10
-0.00328125 0.0546875 1.03256E-10
-0.00140625 0.0234375 1.00526E-10
0.00984375 0.164062 1.01261E-10
0.00609375 0.101563 1.00526E-10
0.00421875 0.0703125 1.01402E-10
-0.00984375 0.164062 1.02165E-10
0.00140625 0.0234375 1.03293E-10
-0.00140625 0.0234375 1.01348E-10
0.0192187 0.320312 1.02249E-10
0.0117188 0.195312 1.02038E-10
-0.00328125 0.0546875 1.00851E-10
-0.00140625 0.0234375 1.01132E-10
-0.00703125 0.117188 1.01894E-10
0.0126562 0.210938 1.0073E-10
0.0192187 0.320312 1.00703E-10
0.00421875 0.0703125 1.01292E-10
0.0248437 0.414062 1.01412E-10
-0.0154687 0.257812 1.00514E-10
0.0154687 0.257812 1.01955E-10
0.0117188 0.195312 1.00711E-10
-0.00234375 0.0390625 1.0133E-10
0.00328125 0.0546875 1.00948E-10
0.00140625 0.0234375 1.00771E-10
-0.00703125 0.117188 1.00826E-10
0.00328125 0.0546875 1.00489E-10
-0.0220313 0.367188 1.00959E-10
0.00703125 0.117188 1.01036E-10
0.00140625 0.0234375 1.0008E-10
0.0210937 0.351562 1.00101E-10
0.0173437 0.289062 1.01963E-10
0.00328125 0.0546875 1.01961E-10
-0.00328125 0.0546875 1.0262E-10
-0.00328125 0.0546875 1.02186E-10
0.00984375 0.164062 1.00727E-10
0.00046875 0.0078125 1.00612E-10
0.00328125 0.0546875 1.01446E-10
0.0164062 0.273437 9.93583E-11
0.00515625 0.0859375 1.00985E-10
0.0173437 0.289062 1.00753E-10
-0.00515625 0.0859375 1.00926E-10
-0.00703125 0.117188 1.02655E-10
0.00140625 0.0234375 1.00692E-10
0.0192187 0.320312 1.0111E-10
-0.00234375 0.0390625 1.00759E-10
-0.00515625 0.0859375 1.01914E-10
-0.00609375 0.101563 1.01264E-10
0.0267187 0.445312 1.00923E-10
-0.00609375 0.101563 1.02168E-10
0.0229688 0.382813 1.01959E-10
0.0154687 0.257812 1.01183E-10
0.00421875 0.0703125 1.00758E-10
-0.00140625 0.0234375 1.01181E-10
0.0164062 0.273437 1.00295E-10
-0.0201563 0.335938 1.00509E-10
0.00609375 0.101563 1.0122E-10
-0.00046875 0.0078125 1.00964E-10
-0.00984375 0.164062 1.00924E-10
0.00984375 0.164062 1.00442E-10
0.00890625 0.148438 1.00765E-10
-0.00140625 0.0234375 1.0128E-10
-0.00046875 0.0078125 1.01078E-10
-0.00890625 0.148438 1.00671E-10
-0.0304687 0.507812 1.00446E-10
-0.00046875 0.0078125 1.02051E-10
0.00046875 0.0078125 1.02294E-10
0.00609375 0.101563 9.88707E-11
0.0164062 0.273437 1.02813E-10
-0.00328125 0.0546875 1.00666E-10
0.00703125 0.117188 1.00476E-10
-0.00234375 0.0390625 1.01293E-10
0.0192187 0.320312 1.01037E-10
-0.00046875 0.0078125 1.0073E-10
-0.00703125 0.117188 1.02004E-10
-0.00328125 0.0546875 1.00817E-10
0.0182812 0.304688 1.002E-10
-0.00140625 0.0234375 1.01685E-10
-0.00703125 0.117188 1.01049E-10
-0.00234375 0.0390625 1.0145E-10
-0.0117188 0.195312 1.02231E-10
