-0.0210937 0.351562 5.71914E-10
-0.00328125 0.0546875 5.55869E-10
0.00234375 0.0390625 5.55097E-10
0.00140625 0.0234375 5.45662E-10
0.00515625 0.0859375 5.5673E-10
-0.00328125 0.0546875 6.01476E-10
-0.0135937 0.226562 5.47713E-10
-0.00140625 0.0234375 5.54064E-10
0.00046875 0.0078125 5.83942E-10
0.0210937 0.351562 5.35676E-10
0.00046875 0.0078125 5.54869E-10
0.0107812 0.179688 5.72976E-10
-0.0173437 0.289062 5.75706E-10
0.00796875 0.132812 5.62406E-10
-0.00046875 0.0078125 5.50931E-10
0.0267187 0.445312 5.68224E-10
0.0145312 0.242188 5.57354E-10
-0.0126562 0.210938 5.57219E-10
0.00515625 0.0859375 5.87464E-10
0.00984375 0.164062 5.42116E-10
-0.00140625 0.0234375 5.55046E-10
0.0201563 0.335938 5.4355E-10
0.00515625 0.0859375 5.72143E-10
0.0126562 0.210938 5.75759E-10
-0.0192187 0.320312 5.56226E-10
0.00234375 0.0390625 5.69942E-10
-0.00234375 0.0390625 5.92193E-10
-0.00609375 0.101563 5.68716E-10
-0.00234375 0.0390625 5.55091E-10
0.00609375 0.101563 5.74078E-10
0.00140625 0.0234375 5.63447E-10
0.00328125 0.0546875 5.43696E-10
-0.00234375 0.0390625 5.56408E-10
0.00421875 0.0703125 5.51516E-10
-0.0164062 0.273437 5.5731E-10
-0.0154687 0.257812 5.55388E-10
-0.0117188 0.195312 5.35477E-10
-0.0192187 0.320312 5.66966E-10
0.00421875 0.0703125 5.86515E-10
0.00234375 0.0390625 5.85666E-10
-0.0182812 0.304688 5.68994E-10
-0.0164062 0.273437 5.66308E-10
-0.00515625 0.0859375 5.55883E-10
-0.0182812 0.304688 5.57416E-10
0.00140625 0.0234375 5.54594E-10
-0.00046875 0.0078125 5.77086E-10
-0.00234375 0.0390625 5.61706E-10
0.00234375 0.0390625 5.96337E-10
-0.0295312 0.492188 5.55093E-10
-0.00234375 0.0390625 5.55096E-10
-0.00796875 0.132812 5.55217E-10
-0.00890625 0.148438 5.435E-10
-0.00796875 0.132812 5.6601E-10
-0.00046875 0.0078125 5.61941E-10
-0.0145312 0.242188 5.6983E-10
0.00890625 0.148438 5.72281E-10
-0.00046875 0.0078125 5.41809E-10
0.00609375 0.101563 5.7418E-10
-0.00796875 0.132812 5.59704E-10
0.00796875 0.132812 5.82696E-10
-0.00796875 0.132812 5.79877E-10
0.00046875 0.0078125 5.92834E-10
-0.00046875 0.0078125 5.6709E-10
0.00796875 0.132812 5.16066E-10
-0.00703125 0.117188 5.85088E-10
0.00140625 0.0234375 5.73391E-10
0.00609375 0.101563 5.34802E-10
0.00046875 0.0078125 5.45457E-10
0.00796875 0.132812 5.7068E-10
-0.00984375 0.164062 5.72678E-10
-0.00515625 0.0859375 5.61173E-10
0.00046875 0.0078125 5.54586E-10
0.0192187 0.320312 5.56224E-10
-0.00328125 0.0546875 5.69069E-10
0.00796875 0.132812 5.69921E-10
0.00234375 0.0390625 5.43981E-10
0.0182812 0.304688 5.57472E-10
0.00703125 0.117188 5.68892E-10
0.00421875 0.0703125 5.81549E-10
0.0135937 0.226562 5.84308E-10
0.00046875 0.0078125 5.89557E-10
0.00140625 0.0234375 5.76418E-10
0.00984375 0.164062 5.44509E-10
-0.0107812 0.179688 5.78014E-10
-0.0117188 0.195312 5.61662E-10
0.0182812 0.304688 5.66431E-10
-0.00234375 0.0390625 5.55182E-10
0.00796875 0.132812 5.6448E-10
-0.00234375 0.0390625 5.66514E-10
0.00421875 0.0703125 5.58609E-10
-0.00046875 0.0078125 5.64649E-10
0.00984375 0.164062 5.66586E-10
0.0201563 0.335938 5.57592E-10
0.0126562 0.210938 5.96626E-10
-0.00515625 0.0859375 5.6253E-10
0.00046875 0.0078125 5.77939E-10
0.00328125 0.0546875 5.54044E-10
-0.00703125 0.117188 5.45577E-10
0.00515625 0.0859375 5.64803E-10
0.00796875 0.132812 5.53735E-10
0.00890625 0.148438 5.73833E-10
-0.00515625 0.0859375 5.56493E-10
-0.00328125 0.0546875 5.6642E-10
0.00140625 0.0234375 5.70818E-10
0.00703125 0.117188 5.84727E-10
-0.00609375 0.101563 5.66492E-10
-0.00890625 0.148438 5.47465E-10
0.00515625 0.0859375 5.72982E-10
-0.0295312 0.492188 5.68566E-10
0.00609375 0.101563 5.71059E-10
-0.00140625 0.0234375 5.64303E-10
-0.00046875 0.0078125 5.53491E-10
-0.00890625 0.148438 5.55196E-10
0.00046875 0.0078125 5.7827E-10
-0.00984375 0.164062 5.59719E-10
0.00234375 0.0390625 5.81419E-10
0.00515625 0.0859375 5.76212E-10
-0.00703125 0.117188 5.52069E-10
0.00421875 0.0703125 5.56217E-10
-0.0126562 0.210938 5.48951E-10
-0.00703125 0.117188 5.77349E-10
0.00046875 0.0078125 5.65885E-10
-0.00703125 0.117188 5.56147E-10
0.00609375 0.101563 5.60756E-10
-0.0126562 0.210938 5.8104E-10
0.0135937 0.226562 5.42742E-10
0.00234375 0.0390625 5.53835E-10
-0.00140625 0.0234375 5.64212E-10
0.00328125 0.0546875 5.87027E-10
-0.00234375 0.0390625 5.49566E-10
-0.00984375 0.164062 5.62737E-10
-0.00609375 0.101563 5.54921E-10
-0.00046875 0.0078125 5.85984E-10
-0.0117188 0.195312 5.67232E-10
-0.00140625 0.0234375 5.91068E-10
0.00703125 0.117188 5.63609E-10
-0.00609375 0.101563 5.82938E-10
0.0117188 0.195312 5.56308E-10
0.00328125 0.0546875 5.65741E-10
0.00796875 0.132812 5.6966E-10
-0.0135937 0.226562 5.55656E-10
0.0201563 0.335938 5.70496E-10
0.00703125 0.117188 5.23213E-10
-0.0117188 0.195312 5.56497E-10
-0.00796875 0.132812 5.6891E-10
0.00796875 0.132812 5.68418E-10
0.00515625 0.0859375 5.22566E-10
-0.0135937 0.226562 5.56944E-10
-0.00234375 0.0390625 5.74479E-10
0.00328125 0.0546875 5.95606E-10
-0.00234375 0.0390625 5.61612E-10
-0.00140625 0.0234375 5.61876E-10
-0.00328125 0.0546875 5.43857E-10
-0.0117188 0.195312 5.7281E-10
-0.0257812 0.429688 5.5598E-10
0.00796875 0.132812 5.74073E-10
0.00046875 0.0078125 5.63588E-10
0.00703125 0.117188 5.35326E-10
0.00984375 0.164062 5.76734E-10
0.0126562 0.210938 5.52356E-10
-0.00328125 0.0546875 5.34133E-10
-0.00515625 0.0859375 5.66773E-10
-0.00703125 0.117188 5.98086E-10
-0.00421875 0.0703125 5.669E-10
-0.00609375 0.101563 5.59132E-10
-0.00890625 0.148438 5.72371E-10
-0.00140625 0.0234375 5.44685E-10
0.0220313 0.367188 5.68459E-10
0.00421875 0.0703125 5.69986E-10
-0.00703125 0.117188 5.54266E-10
-0.00890625 0.148438 5.57197E-10
-0.00609375 0.101563 5.94907E-10
-0.00140625 0.0234375 5.67813E-10
-0.0107812 0.179688 5.65656E-10
-0.00703125 0.117188 5.40996E-10
-0.00984375 0.164062 5.52141E-10
0.00328125 0.0546875 5.64488E-10
0.00421875 0.0703125 5.84415E-10
0.00140625 0.0234375 5.77287E-10
-0.00140625 0.0234375 5.80022E-10
-0.00515625 0.0859375 5.54452E-10
-0.00890625 0.148438 5.70876E-10
-0.00140625 0.0234375 5.64878E-10
0.0126562 0.210938 5.76256E-10
0.0107812 0.179688 5.56517E-10
0.00421875 0.0703125 5.55093E-10
-0.00703125 0.117188 5.84274E-10
-0.00421875 0.0703125 5.4567E-10
-0.00796875 0.132812 5.74512E-10
-0.00140625 0.0234375 5.6282E-10
0.00796875 0.132812 5.81014E-10
-0.00234375 0.0390625 5.531E-10
-0.00515625 0.0859375 5.55538E-10
0.00609375 0.101563 5.5702E-10
0.00984375 0.164062 5.84316E-10
0.0117188 0.195312 5.67305E-10
-0.0135937 0.226562 5.41222E-10
-0.00796875 0.132812 5.66982E-10
-0.00984375 0.164062 5.59823E-10
0.00046875 0.0078125 5.67447E-10
