0.0126562 0.210938 8.51336E-11
-0.0145312 0.242188 8.56631E-11
0.00328125 0.0546875 8.55309E-11
0.00421875 0.0703125 8.419E-11
0.0135937 0.226562 8.37426E-11
0.0173437 0.289062 8.50338E-11
0.00140625 0.0234375 8.58761E-11
0.00703125 0.117188 8.55886E-11
-0.00046875 0.0078125 8.37595E-11
-0.00328125 0.0546875 8.52714E-11
-0.00703125 0.117188 8.381E-11
-0.00234375 0.0390625 8.4591E-11
0.00515625 0.0859375 8.55551E-11
-0.00046875 0.0078125 8.37921E-11
-0.0135937 0.226562 8.48119E-11
0.00703125 0.117188 8.57572E-11
0.00515625 0.0859375 8.51196E-11
-0.00796875 0.132812 8.51846E-11
0.00984375 0.164062 8.67441E-11
-0.0276563 0.460938 8.58458E-11
-0.00515625 0.0859375 8.44118E-11
-0.00609375 0.101563 8.35414E-11
-0.00328125 0.0546875 8.52942E-11
-0.00984375 0.164062 8.37509E-11
0.00703125 0.117188 8.60174E-11
0.0248437 0.414062 8.56148E-11
0.00421875 0.0703125 8.4729E-11
0.0154687 0.257812 8.54382E-11
-0.0107812 0.179688 8.40395E-11
0.00140625 0.0234375 8.35931E-11
0.0117188 0.195312 8.38768E-11
-0.0107812 0.179688 8.47201E-11
0.0126562 0.210938 8.49237E-11
-0.0117188 0.195312 8.54113E-11
-0.00796875 0.132812 8.63443E-11
-0.00796875 0.132812 8.57711E-11
0.00890625 0.148438 8.5185E-11
-0.0135937 0.226562 8.56173E-11
0.00890625 0.148438 8.57463E-11
-0.00890625 0.148438 8.57715E-11
0.0145312 0.242188 8.42443E-11
0.00328125 0.0546875 8.52207E-11
0.0145312 0.242188 8.46513E-11
0.00234375 0.0390625 8.42155E-11
-0.00328125 0.0546875 8.61277E-11
0.0201563 0.335938 8.50569E-11
-0.00703125 0.117188 8.3974E-11
0.0145312 0.242188 8.48917E-11
0.0117188 0.195312 8.41784E-11
-0.0173437 0.289062 8.39375E-11
0.0107812 0.179688 8.34138E-11
-0.0201563 0.335938 8.48146E-11
0.00703125 0.117188 8.55032E-11
-0.00328125 0.0546875 8.53896E-11
0.0107812 0.179688 8.43299E-11
0.0107812 0.179688 8.57785E-11
0.00140625 0.0234375 8.54093E-11
0.00140625 0.0234375 8.40099E-11
-0.0126562 0.210938 8.54344E-11
0.00796875 0.132812 8.54338E-11
0.00984375 0.164062 8.41568E-11
0.0135937 0.226562 8.38454E-11
-0.0117188 0.195312 8.53145E-11
0.00046875 0.0078125 8.37654E-11
-0.0154687 0.257812 8.5488E-11
0.00796875 0.132812 8.54269E-11
-0.0107812 0.179688 8.59751E-11
0.0135937 0.226562 8.3748E-11
-0.0126562 0.210938 8.56468E-11
-0.00421875 0.0703125 8.48057E-11
-0.00234375 0.0390625 8.42082E-11
-0.00328125 0.0546875 8.57919E-11
0.0229688 0.382813 8.31137E-11
-0.00421875 0.0703125 8.38345E-11
-0.0107812 0.179688 8.4911E-11
-0.00046875 0.0078125 8.51296E-11
-0.00421875 0.0703125 8.56079E-11
-0.00890625 0.148438 8.57892E-11
0.0154687 0.257812 8.55901E-11
0.00984375 0.164062 8.33591E-11
0.0145312 0.242188 8.5543E-11
-0.00234375 0.0390625 8.28397E-11
0.0229688 0.382813 8.54248E-11
0.00421875 0.0703125 8.41189E-11
-0.00796875 0.132812 8.53099E-11
0.00609375 0.101563 8.39141E-11
0.0154687 0.257812 8.50242E-11
0.00609375 0.101563 8.58242E-11
-0.00796875 0.132812 8.51079E-11
-0.00328125 0.0546875 8.53798E-11
-0.0210937 0.351562 8.56272E-11
-0.00046875 0.0078125 8.37311E-11
-0.00046875 0.0078125 8.54166E-11
-0.0126562 0.210938 8.35459E-11
-0.00890625 0.148438 8.53178E-11
0.00421875 0.0703125 8.44715E-11
-0.00046875 0.0078125 8.57692E-11
-0.0164062 0.273437 8.57121E-11
0.0276563 0.460938 8.36358E-11
-0.0182812 0.304688 8.55897E-11
-0.00796875 0.132812 8.57791E-11
-0.00609375 0.101563 8.35428E-11
-0.00046875 0.0078125 8.36913E-11
0.0117188 0.195312 8.52347E-11
0.0164062 0.273437 8.40904E-11
-0.00796875 0.132812 8.37885E-11
-0.00703125 0.117188 8.43903E-11
-0.00515625 0.0859375 8.52436E-11
-0.00234375 0.0390625 8.6197E-11
-0.00328125 0.0546875 8.57827E-11
-0.00609375 0.101563 8.56276E-11
-0.0117188 0.195312 8.64361E-11
-0.00515625 0.0859375 8.60254E-11
-0.0239062 0.398437 8.53634E-11
0.00890625 0.148438 8.54372E-11
-0.00703125 0.117188 8.50999E-11
0.0117188 0.195312 8.34928E-11
0.00703125 0.117188 8.54405E-11
0.0173437 0.289062 8.53781E-11
-0.0117188 0.195312 8.51842E-11
-0.00515625 0.0859375 8.55069E-11
0.0107812 0.179688 8.57016E-11
0.00234375 0.0390625 8.5477E-11
0.00515625 0.0859375 8.54857E-11
-0.00703125 0.117188 8.56679E-11
-0.0154687 0.257812 8.38126E-11
0.0117188 0.195312 8.3288E-11
-0.00609375 0.101563 8.5233E-11
0.0107812 0.179688 8.54724E-11
-0.00234375 0.0390625 8.3856E-11
0.0107812 0.179688 8.60342E-11
-0.00234375 0.0390625 8.29098E-11
0.00140625 0.0234375 8.32802E-11
0.00796875 0.132812 8.32294E-11
0.00140625 0.0234375 8.57474E-11
-0.00609375 0.101563 8.40869E-11
-0.0164062 0.273437 8.49366E-11
0.00046875 0.0078125 8.37863E-11
-0.0117188 0.195312 8.49186E-11
0.0182812 0.304688 8.49216E-11
0.00046875 0.0078125 8.59279E-11
0.00234375 0.0390625 8.7325E-11
-0.00046875 0.0078125 8.40697E-11
0.0145312 0.242188 8.39009E-11
0.00796875 0.132812 8.35515E-11
0.0145312 0.242188 8.32098E-11
-0.0164062 0.273437 8.52917E-11
0.0135937 0.226562 8.4283E-11
0.0135937 0.226562 8.4935E-11
-0.00421875 0.0703125 8.57808E-11
0.00984375 0.164062 8.55637E-11
-0.0154687 0.257812 8.41966E-11
-0.00515625 0.0859375 8.56079E-11
0.00515625 0.0859375 8.55561E-11
-0.00328125 0.0546875 8.55778E-11
-0.00234375 0.0390625 8.54366E-11
0.0135937 0.226562 8.56725E-11
-0.00796875 0.132812 8.29785E-11
-0.0192187 0.320312 8.34645E-11
-0.00515625 0.0859375 8.62233E-11
-0.00984375 0.164062 8.43178E-11
-0.00515625 0.0859375 8.56872E-11
0.00984375 0.164062 8.56717E-11
0.0154687 0.257812 8.43244E-11
-0.00140625 0.0234375 8.57885E-11
-0.00796875 0.132812 8.52837E-11
0.0192187 0.320312 8.5655E-11
-0.00140625 0.0234375 8.40306E-11
-0.00703125 0.117188 8.54769E-11
-0.00515625 0.0859375 8.52711E-11
0.00140625 0.0234375 8.37743E-11
0.00515625 0.0859375 8.61576E-11
-0.00234375 0.0390625 8.65279E-11
0.00515625 0.0859375 8.35976E-11
-0.0173437 0.289062 8.56517E-11
0.00046875 0.0078125 8.49282E-11
0.00609375 0.101563 8.46262E-11
-0.00515625 0.0859375 8.55735E-11
0.0154687 0.257812 8.54851E-11
-0.00421875 0.0703125 8.60922E-11
-0.00140625 0.0234375 8.31462E-11
0.0107812 0.179688 8.3552E-11
0.0154687 0.257812 8.56584E-11
0.0117188 0.195312 8.45102E-11
0.0210937 0.351562 8.53026E-11
0.0182812 0.304688 8.53198E-11
-0.0192187 0.320312 8.62226E-11
0.0126562 0.210938 8.3871E-11
0.00890625 0.148438 8.55384E-11
-0.0126562 0.210938 8.39299E-11
-0.00140625 0.0234375 8.56677E-11
0.00421875 0.0703125 8.34615E-11
0.00046875 0.0078125 8.55271E-11
-0.00046875 0.0078125 8.668E-11
-0.00140625 0.0234375 8.52285E-11
-0.00890625 0.148438 8.54474E-11
-0.0145312 0.242188 8.55428E-11
-0.00421875 0.0703125 8.42382E-11
-0.00984375 0.164062 8.55164E-11
-0.00609375 0.101563 8.3074E-11
