0.00796875 0.132812 1.74123E-10
0.00234375 0.0390625 1.67526E-10
-0.0164062 0.273437 1.73249E-10
0.00609375 0.101563 1.73611E-10
-0.0182812 0.304688 1.76243E-10
0.0126562 0.210938 1.73054E-10
-0.0201563 0.335938 1.69375E-10
-0.0126562 0.210938 1.73931E-10
-0.00984375 0.164062 1.68814E-10
-0.00421875 0.0703125 1.73257E-10
0.00703125 0.117188 1.73078E-10
0.0135937 0.226562 1.66193E-10
-0.00984375 0.164062 1.77106E-10
-0.00796875 0.132812 1.67448E-10
0.00984375 0.164062 1.73673E-10
-0.00984375 0.164062 1.71699E-10
-0.00984375 0.164062 1.67931E-10
-0.00796875 0.132812 1.74891E-10
-0.0154687 0.257812 1.71912E-10
-0.00328125 0.0546875 1.75657E-10
0.0164062 0.273437 1.66958E-10
-0.00609375 0.101563 1.76625E-10
-0.00890625 0.148438 1.78937E-10
-0.0164062 0.273437 1.6712E-10
-0.00046875 0.0078125 1.72326E-10
-0.00890625 0.148438 1.68175E-10
0.0210937 0.351562 1.68029E-10
0.00609375 0.101563 1.71055E-10
0.0154687 0.257812 1.73733E-10
-0.00234375 0.0390625 1.76166E-10
0.00234375 0.0390625 1.74311E-10
0.00328125 0.0546875 1.73495E-10
-0.00703125 0.117188 1.73961E-10
-0.00234375 0.0390625 1.69445E-10
0.0182812 0.304688 1.73885E-10
-0.00234375 0.0390625 1.68271E-10
0.00234375 0.0390625 1.7333E-10
0.00515625 0.0859375 1.73802E-10
-0.00515625 0.0859375 1.75259E-10
0.00609375 0.101563 1.72668E-10
-0.00140625 0.0234375 1.72294E-10
-0.00609375 0.101563 1.71194E-10
0.00796875 0.132812 1.72153E-10
0.0145312 0.242188 1.75366E-10
-0.0192187 0.320312 1.76007E-10
0.0164062 0.273437 1.73138E-10
0.00328125 0.0546875 1.67317E-10
-0.00703125 0.117188 1.76577E-10
-0.00234375 0.0390625 1.73922E-10
-0.0126562 0.210938 1.71591E-10
-0.0135937 0.226562 1.76488E-10
0.0164062 0.273437 1.75868E-10
0.00234375 0.0390625 1.73522E-10
0.00140625 0.0234375 1.77602E-10
0.00984375 0.164062 1.7337E-10
0.00046875 0.0078125 1.73856E-10
-0.0126562 0.210938 1.73828E-10
0.00046875 0.0078125 1.75145E-10
-0.00234375 0.0390625 1.72138E-10
-0.00140625 0.0234375 1.73571E-10
-0.0145312 0.242188 1.73119E-10
-0.00609375 0.101563 1.74518E-10
-0.00703125 0.117188 1.74477E-10
-0.00796875 0.132812 1.73913E-10
-0.0135937 0.226562 1.76783E-10
0.0107812 0.179688 1.76864E-10
-0.00421875 0.0703125 1.72805E-10
-0.00890625 0.148438 1.74311E-10
0.00890625 0.148438 1.71057E-10
0.00328125 0.0546875 1.73712E-10
0.00703125 0.117188 1.66757E-10
0.00984375 0.164062 1.70891E-10
-0.0145312 0.242188 1.68166E-10
0.0154687 0.257812 1.74114E-10
-0.00140625 0.0234375 1.72597E-10
-0.00796875 0.132812 1.74124E-10
-0.00234375 0.0390625 1.71224E-10
0.0117188 0.195312 1.7534E-10
-0.00421875 0.0703125 1.73873E-10
-0.00890625 0.148438 1.75202E-10
-0.00609375 0.101563 1.67291E-10
-0.0117188 0.195312 1.72331E-10
0.00703125 0.117188 1.74602E-10
0.0107812 0.179688 1.73599E-10
0.0107812 0.179688 1.73098E-10
0.00046875 0.0078125 1.70297E-10
-0.00046875 0.0078125 1.6679E-10
0.00890625 0.148438 1.75404E-10
0.00609375 0.101563 1.74987E-10
0.0126562 0.210938 1.66657E-10
-0.00703125 0.117188 1.66807E-10
0.00890625 0.148438 1.7342E-10
0.00609375 0.101563 1.74099E-10
0.00046875 0.0078125 1.68168E-10
-0.0154687 0.257812 1.71443E-10
-0.00609375 0.101563 1.76599E-10
0.00328125 0.0546875 1.74338E-10
-0.00140625 0.0234375 1.6866E-10
0.00140625 0.0234375 1.70631E-10
-0.0210937 0.351562 1.68818E-10
-0.0107812 0.179688 1.72483E-10
-0.00140625 0.0234375 1.73116E-10
0.00609375 0.101563 1.74119E-10
-0.0117188 0.195312 1.70723E-10
0.00421875 0.0703125 1.7767E-10
-0.00890625 0.148438 1.73587E-10
0.00046875 0.0078125 1.72922E-10
-0.0135937 0.226562 1.7425E-10
0.00703125 0.117188 1.72124E-10
0.00984375 0.164062 1.74884E-10
0.00421875 0.0703125 1.72629E-10
0.00421875 0.0703125 1.77265E-10
-0.00234375 0.0390625 1.76129E-10
0.0145312 0.242188 1.76152E-10
0.00328125 0.0546875 1.68352E-10
-0.00234375 0.0390625 1.70849E-10
-0.00796875 0.132812 1.73437E-10
0.00328125 0.0546875 1.78113E-10
0.0164062 0.273437 1.73166E-10
0.00421875 0.0703125 1.6893E-10
0.0117188 0.195312 1.78231E-10
-0.00890625 0.148438 1.74377E-10
0.00703125 0.117188 1.66456E-10
0.00234375 0.0390625 1.72618E-10
-0.00703125 0.117188 1.72715E-10
0.0210937 0.351562 1.76597E-10
0.0117188 0.195312 1.70622E-10
0.00796875 0.132812 1.67156E-10
0.0192187 0.320312 1.72972E-10
-0.0117188 0.195312 1.74542E-10
0.00609375 0.101563 1.74469E-10
0.0257812 0.429688 1.72064E-10
0.0145312 0.242188 1.70824E-10
-0.0135937 0.226562 1.76814E-10
-0.0126562 0.210938 1.76951E-10
-0.00046875 0.0078125 1.72492E-10
-0.00328125 0.0546875 1.74452E-10
0.00328125 0.0546875 1.73282E-10
0.00046875 0.0078125 1.76809E-10
0.00421875 0.0703125 1.76527E-10
-0.00046875 0.0078125 1.74593E-10
0.00140625 0.0234375 1.78202E-10
0.00421875 0.0703125 1.77057E-10
0.00703125 0.117188 1.7773E-10
-0.00515625 0.0859375 1.7689E-10
0.00609375 0.101563 1.75203E-10
0.0107812 0.179688 1.74507E-10
-0.00515625 0.0859375 1.6776E-10
0.00046875 0.0078125 1.74256E-10
0.0173437 0.289062 1.73936E-10
-0.00984375 0.164062 1.72785E-10
0.00890625 0.148438 1.68505E-10
0.0145312 0.242188 1.66845E-10
0.00609375 0.101563 1.73888E-10
0.00328125 0.0546875 1.76588E-10
0.00984375 0.164062 1.77167E-10
-0.0229688 0.382813 1.7301E-10
0.0117188 0.195312 1.76459E-10
0.0117188 0.195312 1.67E-10
-0.00234375 0.0390625 1.67245E-10
-0.00328125 0.0546875 1.73708E-10
-0.00421875 0.0703125 1.67202E-10
-0.00796875 0.132812 1.76983E-10
-0.00234375 0.0390625 1.78192E-10
0.00328125 0.0546875 1.77067E-10
0.0145312 0.242188 1.6888E-10
0.00515625 0.0859375 1.65673E-10
-0.00046875 0.0078125 1.73794E-10
-0.00609375 0.101563 1.77449E-10
-0.00703125 0.117188 1.76523E-10
0.00609375 0.101563 1.74314E-10
0.0145312 0.242188 1.79223E-10
0.0107812 0.179688 1.75108E-10
0.00234375 0.0390625 1.73748E-10
-0.00703125 0.117188 1.73292E-10
0.00046875 0.0078125 1.76361E-10
0.00234375 0.0390625 1.7202E-10
0.0164062 0.273437 1.746E-10
0.0220313 0.367188 1.73743E-10
0.00515625 0.0859375 1.66507E-10
0.00515625 0.0859375 1.73858E-10
0.00140625 0.0234375 1.68898E-10
-0.00234375 0.0390625 1.76395E-10
-0.00421875 0.0703125 1.73886E-10
0.00421875 0.0703125 1.72422E-10
0.00140625 0.0234375 1.77448E-10
-0.00703125 0.117188 1.6647E-10
-0.00984375 0.164062 1.67188E-10
0.0107812 0.179688 1.73563E-10
-0.00421875 0.0703125 1.7397E-10
-0.0117188 0.195312 1.73491E-10
-0.00421875 0.0703125 1.7338E-10
0.00140625 0.0234375 1.67518E-10
0.00515625 0.0859375 1.7735E-10
0.00140625 0.0234375 1.73575E-10
0.00140625 0.0234375 1.78665E-10
0.0135937 0.226562 1.73742E-10
-0.00515625 0.0859375 1.73207E-10
0.0145312 0.242188 1.77729E-10
-0.00796875 0.132812 1.7218E-10
