-0.0103345 0.172242 1.17195E-10
-0.00270264 0.0450439 1.16207E-10
0.00914795 0.152466 1.18829E-10
-0.0196362 0.32727 1.1884E-10
0.00533936 0.0889893 1.20736E-10
-0.0109936 0.183227 1.17143E-10
-0.00479736 0.0799561 1.19209E-10
0.0127367 0.212279 1.17846E-10
0.0142308 0.237181 1.2016E-10
-0.00356691 0.0594484 1.20103E-10
0.00186768 0.0311279 1.16013E-10
0.0133519 0.222532 1.197E-10
0.0189185 0.315308 1.1768E-10
-0.00758057 0.126343 1.1771E-10
0.00176514 0.0294189 1.18636E-10
0.00825438 0.137573 1.19986E-10
0.00970459 0.161743 1.19377E-10
0.00142822 0.0238037 1.16399E-10
-0.000651857 0.0108643 1.19483E-10
-0.00180909 0.0301514 1.19236E-10
5.12697E-05 0.000854496 1.19402E-10
0.00325927 0.0543213 1.18254E-10
0.00141357 0.0235596 1.17849E-10
0.00646728 0.107788 1.1875E-10
0.00494386 0.0823976 1.1893E-10
-0.0050464 0.0841066 1.17022E-10
-0.0172777 0.287962 1.21545E-10
-0.00717042 0.119507 1.19938E-10
-0.0139965 0.233276 1.19655E-10
-0.0105541 0.175903 1.17328E-10
-0.0240307 0.400512 1.19639E-10
-0.0103345 0.172242 1.19898E-10
0.00261474 0.0435791 1.20224E-10
0.000139161 0.00231935 1.20774E-10
-0.0143334 0.23889 1.18522E-10
0.00450441 0.0750734 1.18981E-10
-0.011184 0.186401 1.19292E-10
0.00110596 0.0184326 1.19567E-10
-0.00803466 0.133911 1.18608E-10
0.0128246 0.213744 1.19655E-10
0.000124513 0.00207521 1.19796E-10
0.00557372 0.0928954 1.20116E-10
0.00884032 0.147339 1.19366E-10
0.0215991 0.359985 1.19637E-10
-0.00797607 0.132935 1.18852E-10
-0.00243897 0.0406496 1.16939E-10
-0.00708252 0.118042 1.18367E-10
0.00841553 0.140259 1.18069E-10
-0.0096167 0.160278 1.18175E-10
-0.000754395 0.0125733 1.20413E-10
0.00771241 0.12854 1.18307E-10
0.000783692 0.0130615 1.20003E-10
0.0330542 0.550903 1.1715E-10
-0.00416749 0.0694581 1.163E-10
-0.013308 0.221801 1.18686E-10
0.00662842 0.110474 1.18766E-10
0.0127954 0.213256 1.19494E-10
0.00755127 0.125855 1.18289E-10
-0.000344239 0.00573732 1.17729E-10
5.12697E-05 0.000854496 1.20079E-10
0.00213135 0.0355226 1.16972E-10
-0.00806396 0.134399 1.17493E-10
-0.0144506 0.240843 1.18446E-10
-0.00982178 0.163696 1.1933E-10
-0.0111401 0.185668 1.20088E-10
0.000739747 0.0123291 1.18403E-10
-0.00377197 0.0628662 1.19065E-10
0.0183031 0.305052 1.1928E-10
-0.019182 0.319701 1.18126E-10
0.00640871 0.106812 1.18544E-10
-0.000637208 0.0106201 1.19866E-10
-0.018728 0.312134 1.16934E-10
-0.00721437 0.120239 1.19391E-10
-0.00996824 0.166137 1.17774E-10
0.0103783 0.172972 1.18316E-10
0.000402833 0.00671388 1.18538E-10
-0.0072876 0.12146 1.17978E-10
-0.0128686 0.214477 1.18547E-10
-0.00488525 0.0814209 1.18706E-10
0.0158715 0.264526 1.20333E-10
0.00897217 0.149536 1.1783E-10
-0.00485597 0.0809328 1.20322E-10
0.00654053 0.109009 1.20588E-10
0.0184496 0.307494 1.1915E-10
-0.00936767 0.156128 1.19307E-10
0.0116675 0.194459 1.18345E-10
-0.00431397 0.0718994 1.19425E-10
-0.00233642 0.0389404 1.20674E-10
-0.0100707 0.167846 1.2157E-10
0.000578614 0.00964357 1.18314E-10
-0.0187866 0.31311 1.17466E-10
0.00179444 0.0299073 1.17769E-10
-0.0129711 0.216186 1.16773E-10
-0.00985107 0.164185 1.19355E-10
-0.00695068 0.115845 1.18783E-10
0.00567626 0.0946044 1.20878E-10
0.00604249 0.100708 1.17853E-10
0.012268 0.204467 1.17867E-10
-0.0139673 0.232788 1.17796E-10
-0.00954345 0.159058 1.18981E-10
0.013103 0.218383 1.17802E-10
-0.00236572 0.0394287 1.1828E-10
0.00724365 0.120728 1.20143E-10
-0.00248291 0.0413818 1.19153E-10
-0.00126709 0.0211181 1.1914E-10
-0.00232177 0.0386963 1.17226E-10
0.00561767 0.0936279 1.20488E-10
0.0187427 0.312378 1.17276E-10
-0.00955811 0.159302 1.2005E-10
0.0103345 0.172242 1.16369E-10
-0.00119385 0.0198974 1.19731E-10
0.00198486 0.0330811 1.19847E-10
0.00766846 0.127808 1.17805E-10
0.00466554 0.0777589 1.17064E-10
-0.000446778 0.0074463 1.2076E-10
-0.0123558 0.205931 1.17353E-10
0.0108178 0.180297 1.18354E-10
-0.00743409 0.123901 1.16048E-10
0.00979248 0.163208 1.19924E-10
0.000930176 0.0155029 1.17246E-10
-0.00989501 0.164917 1.20157E-10
-0.00572021 0.0953369 1.18345E-10
0.0105101 0.175169 1.19364E-10
0.00582277 0.0970461 1.18539E-10
-0.00998289 0.166381 1.15628E-10
0.012766 0.212767 1.19466E-10
0.0128832 0.214721 1.19999E-10
-0.00248291 0.0413818 1.17754E-10
-0.00343507 0.0572511 1.17045E-10
0.00134034 0.0223389 1.19987E-10
0.00188233 0.0313721 1.17504E-10
-0.00119385 0.0198974 1.20173E-10
-0.00403565 0.0672608 1.17824E-10
-0.000227051 0.00378418 1.1909E-10
-0.0116382 0.19397 1.18797E-10
0.00122315 0.0203858 1.18394E-10
0.00293702 0.0489503 1.16415E-10
-0.000666505 0.0111084 1.17041E-10
-0.00478271 0.0797119 1.1864E-10
0.00243897 0.0406496 1.18313E-10
-0.00327392 0.0545654 1.19891E-10
0.0101733 0.169555 1.1985E-10
-0.00400634 0.0667724 1.20051E-10
0.00664306 0.110718 1.17684E-10
-0.00356691 0.0594484 1.20958E-10
-0.0202954 0.338257 1.18019E-10
-0.00941162 0.15686 1.18816E-10
-0.010144 0.169067 1.16523E-10
0.00791749 0.131958 1.19503E-10
-0.0205444 0.342407 1.20358E-10
-0.00993895 0.165649 1.18792E-10
-0.00673096 0.112183 1.19694E-10
-0.00185303 0.0308838 1.16825E-10
-0.00438721 0.0731202 1.1684E-10
0.000446778 0.0074463 1.17294E-10
-0.00435792 0.0726319 1.19087E-10
-0.0136303 0.227172 1.18987E-10
0.00413818 0.0689697 1.16784E-10
-0.020852 0.347533 1.17332E-10
-0.00233642 0.0389404 1.16261E-10
-0.00788818 0.13147 1.17235E-10
-0.0105834 0.17639 1.1775E-10
0.00257079 0.0428466 1.17581E-10
0.0156957 0.261596 1.17195E-10
-0.00248291 0.0413818 1.19395E-10
-0.0039917 0.0665283 1.20721E-10
-0.004563 0.07605 1.17131E-10
0.00265869 0.0443115 1.17446E-10
-0.00951416 0.158569 1.17995E-10
-0.00421142 0.0701904 1.18116E-10
0.00264405 0.0440674 1.18942E-10
0.00381592 0.0635987 1.18855E-10
0.0186841 0.311401 1.17059E-10
-0.00736085 0.122681 1.19903E-10
0.000212403 0.00354005 1.1942E-10
0.006438 0.1073 1.19622E-10
0.00636475 0.106079 1.1937E-10
0.0209399 0.348998 1.17563E-10
0.00588134 0.0980224 1.19466E-10
-0.0140405 0.234008 1.2035E-10
0.0105248 0.175414 1.19127E-10
0.00173584 0.0289306 1.19081E-10
0.0126342 0.21057 1.19775E-10
0.0173803 0.289672 1.19671E-10
0.00364015 0.0606691 1.1867E-10
-0.00182373 0.0303956 1.17806E-10
-0.000256348 0.00427247 1.17558E-10
0.0030542 0.0509034 1.19153E-10
0.00131103 0.0218506 1.18097E-10
0.00923584 0.153931 1.19549E-10
-0.0167358 0.27893 1.20182E-10
-0.00709717 0.118286 1.19719E-10
-0.00781495 0.130249 1.17755E-10
-0.0021167 0.0352784 1.18477E-10
0.00690674 0.115112 1.16436E-10
-0.00110596 0.0184326 1.19737E-10
-0.0125023 0.208372 1.2169E-10
0.00298097 0.0496828 1.17568E-10
-0.00192626 0.0321044 1.18817E-10
0.0110376 0.183959 1.15967E-10
