-0.00210206 0.0350343 8.39329E-11
0.00560302 0.0933837 8.69041E-11
0.0174535 0.290892 8.62597E-11
-0.00506105 0.0843508 8.62767E-11
-0.00145751 0.0242919 8.73311E-11
0.00661377 0.110229 8.68944E-11
-0.00267333 0.0445556 8.49604E-11
-0.00101806 0.0169677 8.48252E-11
0.00680419 0.113403 8.58145E-11
-0.00163329 0.0272216 8.42671E-11
0.0142308 0.237181 8.41578E-11
0.00552979 0.0921631 8.49765E-11
0.00175048 0.0291747 8.68617E-11
0.00620361 0.103394 8.75989E-11
-0.0141137 0.235228 8.49162E-11
0.00284912 0.0474853 8.40079E-11
0.0268432 0.447387 8.33446E-11
0.00825438 0.137573 8.52359E-11
0.0167066 0.278443 8.44558E-11
0.00602784 0.100464 8.45994E-11
-0.0211742 0.352904 8.53785E-11
0.00346436 0.0577393 8.56618E-11
-0.000607911 0.0101319 8.38013E-11
0.00446046 0.0743409 8.52593E-11
0.015769 0.262817 8.52244E-11
0.0113305 0.188842 8.59992E-11
-0.00427003 0.0711671 8.45162E-11
-0.00497315 0.0828858 8.44301E-11
0.0186988 0.311646 8.40012E-11
0.000461426 0.00769043 8.49331E-11
-0.00763916 0.127319 8.55895E-11
-0.00167724 0.0279541 8.50341E-11
-0.000871582 0.0145264 8.48463E-11
0.0208373 0.347288 8.50277E-11
0.0140991 0.234985 8.49485E-11
0.00599854 0.0999756 8.49038E-11
-0.00409423 0.0682372 8.38151E-11
-0.0211596 0.35266 8.7005E-11
0.0242944 0.404907 8.40742E-11
0.00632081 0.105347 8.5408E-11
-0.0156957 0.261596 8.35436E-11
-0.0142895 0.238158 8.24879E-11
0.00459228 0.0765381 8.48634E-11
0.00831299 0.13855 8.76855E-11
0.00816649 0.136108 8.54754E-11
0.00557372 0.0928954 8.65762E-11
0.00321533 0.0535889 8.30333E-11
-7.32425E-06 0.000122071 8.42581E-11
0.00185303 0.0308838 8.41799E-11
0.000476075 0.00793458 8.70789E-11
-0.0134398 0.223998 8.71564E-11
0.017644 0.294067 8.43947E-11
-0.00623292 0.103882 8.51182E-11
0.0226684 0.377808 8.6628E-11
0.000959473 0.0159912 8.43724E-11
0.00444581 0.0740968 8.55108E-11
-0.0107152 0.178587 8.64035E-11
0.00138428 0.0230713 8.52461E-11
0.00596923 0.0994872 8.48022E-11
-0.00303956 0.0506593 8.55603E-11
0.0213647 0.356078 8.46283E-11
-0.00469482 0.0782471 8.55453E-11
-0.0101586 0.169311 8.50813E-11
0.000900879 0.0150147 8.54267E-11
0.0105395 0.175658 8.33979E-11
0.0174976 0.291626 8.32413E-11
-0.0147143 0.245238 8.30713E-11
0.00113525 0.0189209 8.51488E-11
-0.00520752 0.0867919 8.50492E-11
0.0129126 0.21521 8.59755E-11
0.00633546 0.105591 8.58929E-11
0.00741945 0.123657 8.45135E-11
0.0138354 0.23059 8.53221E-11
-0.0123266 0.205443 8.58442E-11
0.011272 0.187867 8.4232E-11
-0.0141722 0.236204 8.51113E-11
-0.0264477 0.440796 8.56286E-11
-0.000300294 0.00500489 8.4917E-11
-0.00705322 0.117554 8.45428E-11
0.0101 0.168334 8.44102E-11
-0.00854735 0.142456 8.67335E-11
-0.0116528 0.194214 8.49002E-11
-0.00873779 0.14563 8.45848E-11
-0.0192114 0.32019 8.49992E-11
0.0101147 0.168579 8.46202E-11
-0.000168458 0.00280763 8.7002E-11
0.00514893 0.0858155 8.70605E-11
-0.0152417 0.254029 8.41546E-11
-0.00531006 0.0885009 8.43199E-11
0.0179955 0.299926 8.47868E-11
-0.0102173 0.170288 8.71914E-11
-0.0221265 0.368775 8.76167E-11
-0.0104222 0.173704 8.43778E-11
-0.00979248 0.163208 8.60739E-11
-0.00397706 0.0662843 8.53032E-11
0.00079834 0.0133057 8.59525E-11
-0.0025122 0.0418701 8.62554E-11
-0.00377197 0.0628662 8.53529E-11
-0.00397706 0.0662843 8.47638E-11
0.00545655 0.0909424 8.42078E-11
0.00176514 0.0294189 8.54709E-11
-0.0122974 0.204957 8.32904E-11
-0.00188233 0.0313721 8.57601E-11
0.015271 0.254517 8.42889E-11
-0.00523682 0.0872803 8.45997E-11
0.0162816 0.271361 8.50647E-11
0.0135277 0.225463 8.43248E-11
0.00573487 0.0955811 8.52032E-11
-0.0120044 0.200073 8.68032E-11
-0.00223389 0.0372314 8.38932E-11
-0.0145238 0.242064 8.48035E-11
0.00715576 0.119263 8.5505E-11
-0.000402833 0.00671388 8.44125E-11
0.0177759 0.296265 8.39483E-11
0.0147289 0.245482 8.63514E-11
0.0105834 0.17639 8.52405E-11
0.0113305 0.188842 8.40793E-11
-0.00457764 0.076294 8.71446E-11
0.0129126 0.21521 8.55697E-11
0.00377197 0.0628662 8.4531E-11
0.00566162 0.0943603 8.51568E-11
-0.00315674 0.0526123 8.56508E-11
-0.0251586 0.419311 8.61397E-11
-0.0016919 0.0281983 8.68652E-11
0.00125244 0.0208739 8.5487E-11
-0.0269604 0.44934 8.57562E-11
0.000461426 0.00769043 8.67473E-11
0.00832763 0.138794 8.48279E-11
0.000227051 0.00378418 8.5504E-11
0.0096167 0.160278 8.55504E-11
0.0253783 0.422972 8.39552E-11
0.0207348 0.345581 8.40113E-11
-0.0111401 0.185668 8.43728E-11
0.0144652 0.241087 8.16466E-11
-3.66213E-05 0.000610354 8.51575E-11
0.0250121 0.416869 8.44435E-11
-0.0031421 0.0523683 8.67381E-11
-0.0294652 0.491088 8.70079E-11
0.000314942 0.00524903 8.5533E-11
0.00903076 0.150513 8.50596E-11
0.00525147 0.0875244 8.47591E-11
0.015432 0.257201 8.65312E-11
-0.0172924 0.288207 8.7144E-11
-0.0133519 0.222532 8.87291E-11
-0.0147143 0.245238 8.53159E-11
0.00903076 0.150513 8.38583E-11
0.0200757 0.334595 8.44297E-11
-0.0188745 0.314575 8.64534E-11
-0.00739014 0.123169 8.4039E-11
-0.0154906 0.258178 8.68734E-11
0.00696533 0.116089 8.4333E-11
0.00071045 0.0118408 8.44539E-11
-0.0294213 0.490356 8.73438E-11
-0.000974122 0.0162354 8.69128E-11
0.0204565 0.340942 8.57831E-11
0.00141357 0.0235596 8.28316E-11
0.0135864 0.226439 8.41659E-11
0.0272095 0.453492 8.49447E-11
0.0135277 0.225463 8.63413E-11
-0.00936767 0.156128 8.52367E-11
0.00788818 0.13147 8.61381E-11
0.0121216 0.202027 8.68776E-11
0.00566162 0.0943603 8.66298E-11
-0.0067456 0.112427 8.54601E-11
-0.0122827 0.204712 8.67372E-11
0.000856934 0.0142822 8.52303E-11
0.0142601 0.237669 8.50902E-11
-0.0111401 0.185668 8.49606E-11
-0.0125756 0.209593 8.46466E-11
-0.0295238 0.492064 8.41425E-11
0.00157471 0.0262451 8.44041E-11
-0.00639406 0.106568 8.73115E-11
0.00132569 0.0220948 8.44161E-11
-0.0101733 0.169555 8.50056E-11
0.000930176 0.0155029 8.63242E-11
0.00690674 0.115112 8.52909E-11
0.0163403 0.272338 8.53418E-11
-0.00535401 0.0892334 8.44646E-11
0.00610108 0.101685 8.4968E-11
0.00484132 0.0806886 8.44827E-11
0.0254955 0.424926 8.39595E-11
-0.00255615 0.0426025 8.42997E-11
-0.00150147 0.0250244 8.62015E-11
0.0139379 0.232299 8.45639E-11
0.00454836 0.0758059 8.40203E-11
-0.027605 0.460084 8.50886E-11
-0.000139161 0.00231935 8.36983E-11
-0.00659912 0.109985 8.47917E-11
0.020105 0.335084 8.4312E-11
-0.0275024 0.458374 8.72883E-11
-0.00292237 0.0487061 8.52316E-11
-0.0183325 0.305541 8.50888E-11
-0.0157544 0.262573 8.45478E-11
0.010598 0.176634 8.44846E-11
0.0119018 0.198364 8.51234E-11
-0.0225659 0.376098 8.45211E-11
0.00425537 0.0709229 8.36745E-11
0.00715576 0.119263 8.56386E-11
-0.000109864 0.00183106 8.39415E-11
-0.00709717 0.118286 8.70582E-11
