0.0110522 0.184203 3.08255E-10
-0.0145678 0.242797 2.97496E-10
-0.00771241 0.12854 3.0125E-10
0.0036255 0.060425 3.04691E-10
0.00469482 0.0782471 3.06879E-10
-0.0122974 0.204957 3.04496E-10
-0.00775635 0.129272 3.07558E-10
0.00816649 0.136108 3.2109E-10
-0.0117699 0.196166 3.20328E-10
0.00325927 0.0543213 3.05461E-10
0.00601318 0.10022 3.10083E-10
0.014348 0.239134 2.97861E-10
0.0036255 0.060425 3.02072E-10
0.00971924 0.161987 3.01373E-10
0.000417481 0.00695803 2.96884E-10
-0.00843017 0.140503 3.05426E-10
0.00120849 0.0201416 3.10761E-10
-0.0207787 0.346312 2.91066E-10
-0.00873779 0.14563 2.98636E-10
0.00361086 0.0601809 3.089E-10
0.00400634 0.0667724 3.1012E-10
0.000959473 0.0159912 3.05364E-10
-0.0116675 0.194459 3.01367E-10
-0.0035962 0.0599367 3.06647E-10
0.00863525 0.143921 3.05319E-10
0.00052002 0.008667 2.97615E-10
0.00213135 0.0355226 2.93949E-10
-0.00806396 0.134399 3.02889E-10
-0.00604249 0.100708 2.91431E-10
-0.00750733 0.125122 2.99717E-10
0.0052954 0.0882567 3.01786E-10
-0.00689209 0.114868 2.96709E-10
0.00298097 0.0496828 3.04331E-10
-0.0126635 0.211058 3.11442E-10
0.00214601 0.0357668 3.06319E-10
-0.0114038 0.190063 3.03572E-10
-0.00407959 0.0679932 3.07614E-10
0.0141137 0.235228 3.14604E-10
-0.012107 0.201783 3.02338E-10
-0.0163256 0.272093 3.00687E-10
-0.00114991 0.0191651 3.0158E-10
0.00309815 0.0516358 3.03956E-10
-0.012766 0.212767 3.02899E-10
-0.0146557 0.244262 3.03585E-10
0.00131103 0.0218506 3.17719E-10
-0.00797607 0.132935 3.03372E-10
0.00444581 0.0740968 3.03091E-10
0.0164282 0.273803 2.93689E-10
0.00654053 0.109009 3.06118E-10
0.009104 0.151733 3.10101E-10
0.00366945 0.0611574 2.95709E-10
-0.00569092 0.0948486 2.99838E-10
0.00655517 0.109253 2.99553E-10
-0.00318604 0.0531006 2.99625E-10
-0.00787354 0.131226 2.92837E-10
-0.00570557 0.0950928 3.01707E-10
0.00135498 0.0225831 3.0052E-10
0.00120849 0.0201416 3.09174E-10
-0.00280518 0.0467529 3.07395E-10
-0.00406495 0.0677491 2.98866E-10
-0.0122387 0.203979 3.02275E-10
-0.00548583 0.0914306 3.11059E-10
0.0101147 0.168579 3.10042E-10
-0.00355225 0.0592042 3.09828E-10
0.0111255 0.185425 2.97764E-10
-0.00163329 0.0272216 2.94779E-10
-0.00164795 0.0274658 2.9711E-10
0.0225952 0.376587 3.03262E-10
-0.0178198 0.296997 2.90109E-10
-0.00733155 0.122193 3.04871E-10
-0.00624756 0.104126 3.05193E-10
-0.0132933 0.221556 3.05681E-10
0.00819579 0.136597 3.0399E-10
-0.021394 0.356567 3.05679E-10
-0.00662842 0.110474 3.09922E-10
0.00207276 0.0345461 3.06655E-10
0.00432862 0.0721436 3.03825E-10
0.00731691 0.121948 3.10536E-10
0.00391847 0.0653078 3.06149E-10
0.0113891 0.189819 3.028E-10
-0.00204347 0.0340578 3.03178E-10
-0.0133812 0.223021 2.96714E-10
-0.00185303 0.0308838 3.02231E-10
-0.00158936 0.0264893 2.9854E-10
0.00416749 0.0694581 3.05596E-10
0.00996824 0.166137 3.03109E-10
-0.000769043 0.0128174 2.96453E-10
-0.0127367 0.212279 3.02236E-10
0.0220825 0.368042 3.10688E-10
0.0114624 0.19104 3.02052E-10
0.0136303 0.227172 3.03501E-10
0.00649659 0.108276 3.0357E-10
0.00528075 0.0880126 3.10458E-10
0.0143334 0.23889 2.98122E-10
-0.0067456 0.112427 3.02165E-10
-0.0109789 0.182982 3.04719E-10
-0.00857665 0.142944 2.96364E-10
-0.00831299 0.13855 2.95763E-10
0.00257079 0.0428466 2.97658E-10
-0.00649659 0.108276 3.0755E-10
0.00611573 0.101929 3.06854E-10
0.0126342 0.21057 3.08236E-10
-0.00416749 0.0694581 2.94838E-10
-0.0111108 0.185181 3.05124E-10
-7.32425E-06 0.000122071 3.10514E-10
-0.000827638 0.013794 2.98213E-10
-0.00447511 0.0745851 3.1878E-10
-0.0102466 0.170777 3.08854E-10
-0.000476075 0.00793458 3.03351E-10
0.0115356 0.192261 2.9838E-10
-0.00400634 0.0667724 2.92574E-10
0.000856934 0.0142822 3.06815E-10
-0.00238038 0.0396729 3.08365E-10
-0.00154541 0.0257568 3.11229E-10
-0.0173217 0.288695 3.09918E-10
-0.00850342 0.141724 3.128E-10
0.00443115 0.0738526 3.09496E-10
0.00479736 0.0799561 2.95207E-10
-0.00153076 0.0255128 3.13766E-10
-0.0111108 0.185181 3.01359E-10
0.00873779 0.14563 3.06937E-10
-0.00712648 0.118775 3.16722E-10
0.00845946 0.140991 3.10775E-10
-0.0117992 0.196654 3.06057E-10
0.00132569 0.0220948 3.08072E-10
0.0050464 0.0841066 3.07596E-10
0.00878173 0.146362 2.93698E-10
0.00205812 0.0343019 3.01013E-10
0.00213135 0.0355226 3.03954E-10
-0.0174243 0.290405 2.92126E-10
0.0183471 0.305786 3.02215E-10
-0.000769043 0.0128174 3.01776E-10
-0.00355225 0.0592042 3.05998E-10
0.00249756 0.0416259 2.93848E-10
-0.000402833 0.00671388 2.9569E-10
-0.000754395 0.0125733 2.95335E-10
0.00207276 0.0345461 2.99036E-10
0.00516358 0.0860596 3.04775E-10
-0.0132933 0.221556 3.07536E-10
-0.0104076 0.17346 3.0793E-10
-0.0188892 0.314819 2.94881E-10
0.0134398 0.223998 3.06357E-10
0.00126709 0.0211181 2.94974E-10
0.00585206 0.0975343 2.96023E-10
0.0016919 0.0281983 2.93732E-10
0.00506105 0.0843508 3.04285E-10
0.00550049 0.0916748 2.9832E-10
0.0104955 0.174925 3.09493E-10
-0.00705322 0.117554 3.06664E-10
0.00712648 0.118775 3.02935E-10
0.00608642 0.10144 3.05344E-10
0.0121216 0.202027 3.18895E-10
0.00246826 0.0411377 3.08601E-10
0.0026294 0.0438233 3.00607E-10
-0.00254151 0.0423584 2.98184E-10
-0.000344239 0.00573732 2.99665E-10
0.000593263 0.00988771 3.05318E-10
0.0078003 0.130005 3.04575E-10
0.0035083 0.0584717 2.96983E-10
-0.0126781 0.211303 2.94067E-10
0.00261474 0.0435791 2.95691E-10
-0.00727296 0.121216 3.18692E-10
-0.0155786 0.259642 3.08445E-10
-0.00900147 0.150024 2.99003E-10
0.00158936 0.0264893 3.04736E-10
0.0115503 0.192505 3.08324E-10
0.000285645 0.00476075 3.085E-10
0.000578614 0.00964357 2.96228E-10
0.0106127 0.176878 2.99127E-10
-0.00136964 0.0228273 3.11495E-10
-0.00283447 0.0472412 3.0493E-10
0.000578614 0.00964357 3.05056E-10
0.0153881 0.256468 2.97774E-10
0.00216065 0.0360108 2.99996E-10
-0.00654053 0.109009 2.92695E-10
-0.00702393 0.117066 3.02577E-10
0.00577881 0.0963136 3.07476E-10
-0.0050464 0.0841066 3.02708E-10
0.00223389 0.0372314 2.93399E-10
-0.00460694 0.0767823 2.91337E-10
-0.00693604 0.115601 2.95912E-10
-0.0158423 0.264038 2.93796E-10
0.0153002 0.255003 3.01369E-10
0.00434326 0.0723878 3.14703E-10
-0.00416749 0.0694581 3.10366E-10
0.00299562 0.0499269 2.97591E-10
-0.00214601 0.0357668 2.97225E-10
-0.00296631 0.0494386 3.0349E-10
0.00750733 0.125122 2.91971E-10
0.00478271 0.0797119 3.05734E-10
0.00101806 0.0169677 3.02319E-10
0.001604 0.0267334 3.12765E-10
0.0035083 0.0584717 2.9641E-10
0.00831299 0.13855 3.03344E-10
-0.00897217 0.149536 3.07382E-10
-0.00381592 0.0635987 2.99069E-10
-0.00787354 0.131226 2.95157E-10
-0.00161865 0.0269775 3.01786E-10
0.0035083 0.0584717 2.99025E-10
0.0076831 0.128052 3.01652E-10
