0.00192626 0.0321044 7.8045E-11
-0.0112427 0.187378 7.87319E-11
0.00727296 0.121216 7.82772E-11
-0.0318237 0.530395 8.06012E-11
0.017102 0.285033 7.70714E-11
0.0247631 0.412718 7.81923E-11
-0.0142895 0.238158 7.84176E-11
-0.0118578 0.197631 7.83982E-11
-0.00208742 0.0347903 7.7532E-11
-0.000270996 0.00451661 7.9137E-11
0.0199146 0.33191 7.89351E-11
-0.0167944 0.279907 7.80662E-11
-0.0145238 0.242064 7.67565E-11
0.0279125 0.465209 7.71241E-11
0.00180909 0.0301514 7.73946E-11
-0.00246826 0.0411377 7.72607E-11
0.0078003 0.130005 7.82278E-11
0.0376391 0.627318 7.89693E-11
-0.00226319 0.0377198 7.81649E-11
-0.0323071 0.538452 7.76595E-11
0.0030542 0.0509034 7.8642E-11
0.0229321 0.382203 7.71332E-11
-0.00432862 0.0721436 7.83278E-11
-0.00479736 0.0799561 7.86997E-11
0.0053247 0.0887451 7.88248E-11
-0.0183471 0.305786 7.63906E-11
-0.0345044 0.575073 8.09218E-11
0.00202881 0.0338136 7.76534E-11
0.025935 0.43225 7.77106E-11
-0.0194751 0.324584 7.79778E-11
0.0256859 0.428099 7.85315E-11
-0.0109936 0.183227 7.7715E-11
-0.0205005 0.341675 7.83859E-11
-0.0090454 0.150757 8.02064E-11
0.0129858 0.21643 7.75981E-11
-0.0048999 0.0816651 7.85359E-11
-0.00583742 0.0972903 7.77065E-11
-0.0036255 0.060425 7.82439E-11
0.0108471 0.180785 7.84248E-11
-0.0227563 0.379272 7.95406E-11
0.0416235 0.693725 7.71208E-11
-0.00621827 0.103638 7.85077E-11
0.0135424 0.225707 7.98058E-11
0.012766 0.212767 7.62654E-11
-0.00249756 0.0416259 7.75305E-11
-0.0424291 0.707152 7.99416E-11
0.0249096 0.415161 7.84157E-11
0.0107152 0.178587 7.84374E-11
0.0214819 0.358033 7.99995E-11
-0.0207495 0.345825 7.7803E-11
-0.00289307 0.0482178 8.17761E-11
-0.0170874 0.284789 7.86435E-11
0.000256348 0.00427247 7.8023E-11
0.00232177 0.0386963 7.80161E-11
-0.00823974 0.137329 7.71351E-11
0.0226246 0.377076 7.75137E-11
0.0267406 0.445678 7.93815E-11
-0.0325269 0.542116 7.98436E-11
0.0025122 0.0418701 7.98026E-11
-0.0139086 0.231811 7.77593E-11
0.00825438 0.137573 7.79358E-11
0.0179516 0.299193 7.68593E-11
0.000930176 0.0155029 7.81221E-11
0.01281 0.2135 7.80904E-11
0.00498779 0.0831299 8.0408E-11
0.00715576 0.119263 7.78065E-11
0.00739014 0.123169 7.92552E-11
-0.0356909 0.594849 8.02719E-11
-0.0330688 0.551148 7.84318E-11
0.0283373 0.472288 7.92441E-11
0.015769 0.262817 7.80368E-11
-0.0248949 0.414916 8.04093E-11
-0.0226831 0.378053 8.21932E-11
-0.000637208 0.0106201 7.87215E-11
-0.013601 0.226683 8.03658E-11
0.0302563 0.504272 7.79439E-11
0.0255687 0.426146 7.79328E-11
-0.00340576 0.0567628 7.87392E-11
-0.0105541 0.175903 7.76737E-11
0.000886231 0.0147705 7.92232E-11
0.000886231 0.0147705 7.76904E-11
0.0117553 0.195922 7.81069E-11
-0.0339476 0.565794 7.69488E-11
-0.0322339 0.537232 7.83223E-11
-0.00352296 0.0587159 7.88481E-11
0.0203832 0.339721 8.0013E-11
0.028103 0.468383 7.59708E-11
-0.00999755 0.166626 7.8337E-11
-0.0276928 0.461547 8.02896E-11
-0.01927 0.321166 7.70732E-11
0.00878173 0.146362 7.98079E-11
0.000227051 0.00378418 7.80642E-11
-0.0197827 0.329712 7.87791E-11
-0.0281908 0.469847 7.79246E-11
0.00971924 0.161987 7.81733E-11
-0.000695801 0.0115967 7.80918E-11
-0.00114991 0.0191651 7.81944E-11
-0.000109864 0.00183106 7.77107E-11
-0.00983642 0.16394 8.03025E-11
0.00900147 0.150024 7.84632E-11
0.000256348 0.00427247 7.80378E-11
0.0161645 0.269409 7.73043E-11
0.000607911 0.0101319 8.00482E-11
-0.021145 0.352417 7.90495E-11
-0.0168676 0.281127 7.6963E-11
-0.000651857 0.0108643 7.99102E-11
-0.00176514 0.0294189 7.70979E-11
0.0164574 0.274291 7.77282E-11
0.005896 0.0982666 7.80793E-11
-0.0166919 0.278198 7.79613E-11
-0.000168458 0.00280763 8.00603E-11
-0.0103929 0.173216 7.78273E-11
-0.00703858 0.11731 7.8544E-11
0.009104 0.151733 7.86413E-11
-0.00391847 0.0653078 8.04492E-11
-0.00175048 0.0291747 8.00266E-11
-0.0123412 0.205687 7.99501E-11
-0.02781 0.4635 7.84581E-11
0.00273194 0.0455323 7.70367E-11
-0.00802002 0.133667 7.83627E-11
0.00507569 0.0845948 7.80766E-11
-0.00727296 0.121216 7.78582E-11
0.0196069 0.326782 7.76457E-11
0.000681153 0.0113526 7.84117E-11
0.0125756 0.209593 7.7218E-11
-0.022727 0.378784 7.97763E-11
-0.0127367 0.212279 7.87476E-11
-0.0414771 0.691284 8.06347E-11
0.0145092 0.24182 8.12147E-11
0.0256127 0.426878 7.78468E-11
0.00372804 0.0621339 7.85032E-11
0.0248803 0.414672 7.92465E-11
0.00963134 0.160522 7.89371E-11
-0.0105248 0.175414 7.9009E-11
0.00448975 0.0748292 7.72161E-11
-0.0340502 0.567503 7.81454E-11
0.0388257 0.647095 7.6871E-11
0.00920655 0.153442 7.9067E-11
-0.00781495 0.130249 7.89102E-11
-0.0048999 0.0816651 7.74295E-11
0.0117846 0.19641 7.97265E-11
0.0180102 0.30017 7.73281E-11
-0.0137328 0.228881 8.02076E-11
-0.0252612 0.421021 7.87295E-11
0.0172192 0.286987 7.75136E-11
-0.0127954 0.213256 7.93904E-11
-0.00996824 0.166137 8.06184E-11
0.00800537 0.133423 7.93719E-11
-0.0218628 0.36438 7.836E-11
-0.0076831 0.128052 7.88751E-11
0.000666505 0.0111084 7.7066E-11
0.00572021 0.0953369 7.88561E-11
0.0233862 0.38977 7.874E-11
0.0134252 0.223753 7.72355E-11
-0.000842286 0.0140381 7.84444E-11
-0.00371339 0.0618898 7.91725E-11
0.0330396 0.550659 7.79958E-11
-0.00358156 0.0596926 7.73566E-11
-0.00079834 0.0133057 7.7921E-11
-0.0279272 0.465453 7.86739E-11
0.0157397 0.262328 7.75016E-11
0.0164721 0.274535 7.68872E-11
0.00538329 0.0897216 7.78231E-11
0.0300659 0.501098 7.70418E-11
0.0148168 0.246947 7.83492E-11
-0.0111255 0.185425 7.80171E-11
0.00906006 0.151001 7.9245E-11
0.0208959 0.348265 7.89775E-11
0.0146264 0.243773 7.78805E-11
0.00224854 0.0374756 7.77688E-11
-0.0139819 0.233032 7.93714E-11
-0.0144359 0.240599 7.90799E-11
-0.00400634 0.0667724 7.90612E-11
-0.00308351 0.0513918 7.77898E-11
0.0213061 0.355102 7.90754E-11
0.0212915 0.354858 7.75518E-11
-0.0208813 0.348022 8.09426E-11
-0.0252612 0.421021 8.02959E-11
-0.0197095 0.328492 7.82328E-11
-0.00892822 0.148804 8.10922E-11
-0.00509033 0.0848389 7.99781E-11
0.000563965 0.00939942 7.83151E-11
-0.0321606 0.536011 7.85921E-11
-0.0219214 0.365357 7.8937E-11
-0.0210131 0.350218 8.09869E-11
0.0221704 0.369507 7.75951E-11
0.0215698 0.359497 8.06438E-11
-0.0460327 0.767212 8.04411E-11
2.19728E-05 0.000366213 7.74073E-11
0.0162378 0.27063 7.7089E-11
-0.00930907 0.155151 7.84729E-11
-0.0299047 0.498412 8.04546E-11
-0.0182738 0.304564 7.87299E-11
0.00882567 0.147095 7.77056E-11
0.0151245 0.252075 7.80403E-11
-0.0163696 0.272827 7.87655E-11
-0.0118286 0.197142 8.0385E-11
0.00577881 0.0963136 7.97607E-11
0.0230932 0.384887 7.69007E-11
-0.0128539 0.214232 7.83866E-11
