-0.00595459 0.0992432 7.57798E-11
0.0413599 0.689332 7.74569E-11
-0.0194604 0.32434 7.92553E-11
0.00438721 0.0731202 7.56446E-11
0.00889893 0.148315 7.56489E-11
-0.0105248 0.175414 7.63587E-11
0.014978 0.249633 7.8894E-11
0.0236353 0.393922 7.84706E-11
-0.00897217 0.149536 7.71091E-11
0.00248291 0.0413818 7.57735E-11
0.0533129 0.888549 7.43549E-11
-0.00227783 0.0379639 7.92801E-11
0.0072876 0.12146 7.88352E-11
-0.00697999 0.116333 7.60377E-11
-0.00828368 0.138061 7.65628E-11
-0.00733155 0.122193 7.92143E-11
0.00941162 0.15686 7.86039E-11
0.0295825 0.493042 7.64348E-11
0.00478271 0.0797119 7.6143E-11
0.0126928 0.211547 7.6284E-11
0.0238988 0.398314 7.6594E-11
-0.0367017 0.611695 7.8797E-11
0.0111401 0.185668 7.65077E-11
-0.0130444 0.217407 7.80737E-11
-0.00120849 0.0201416 7.58478E-11
0.0155199 0.258666 7.72886E-11
0.0212475 0.354125 7.68688E-11
0.00132569 0.0220948 7.70948E-11
0.0113745 0.189575 7.49766E-11
-0.047395 0.789917 7.7824E-11
0.0190648 0.317747 7.67938E-11
-0.0132347 0.220579 7.6525E-11
0.00147217 0.0245361 7.84209E-11
-0.00648194 0.108032 7.75219E-11
-0.0172777 0.287962 7.93342E-11
0.00352296 0.0587159 7.85042E-11
0.035559 0.592651 7.43688E-11
0.0108764 0.181273 7.57097E-11
-0.0344604 0.57434 7.77694E-11
0.0331567 0.552612 7.78395E-11
0.0338158 0.563597 7.54004E-11
0.0273999 0.456666 7.89122E-11
0.00257079 0.0428466 7.91956E-11
0.00407959 0.0679932 7.71709E-11
0.011184 0.186401 7.54928E-11
-0.0367896 0.61316 7.58116E-11
-0.0414038 0.690063 7.67947E-11
-0.00769776 0.128296 7.63268E-11
-0.0072583 0.120972 7.8194E-11
0.000754395 0.0125733 7.55198E-11
-0.0136889 0.228149 7.59055E-11
0.00526611 0.0877685 7.63966E-11
0.0191088 0.31848 7.79952E-11
-0.0127075 0.211792 7.94768E-11
-0.00485597 0.0809328 7.65525E-11
0.0166186 0.276977 7.62528E-11
0.0291429 0.485716 7.67537E-11
0.00325927 0.0543213 7.64473E-11
0.0169555 0.282592 7.67367E-11
0.00101806 0.0169677 7.66041E-11
0.00506105 0.0843508 7.58744E-11
-0.0458569 0.764282 7.87552E-11
-0.00478271 0.0797119 7.90489E-11
0.0140405 0.234008 7.64269E-11
-0.012312 0.2052 7.76314E-11
0.0266528 0.444213 7.60424E-11
0.00604249 0.100708 7.67783E-11
-0.0308276 0.513793 7.8874E-11
0.0206616 0.34436 7.69087E-11
-0.0132201 0.220335 7.66071E-11
0.00610108 0.101685 7.63966E-11
0.0234448 0.390747 7.58729E-11
-0.00995359 0.165893 7.98558E-11
0.0189917 0.316528 7.5614E-11
-0.0312964 0.521606 7.78934E-11
0.00800537 0.133423 7.66622E-11
0.00264405 0.0440674 7.62439E-11
-0.01281 0.2135 7.89541E-11
0.0448901 0.748168 7.72133E-11
0.0177905 0.296508 7.6675E-11
-0.00977783 0.162964 7.78128E-11
0.0160766 0.267944 7.6205E-11
-0.00331788 0.0552979 7.62603E-11
-0.00847412 0.141235 7.80968E-11
-0.0127954 0.213256 7.84245E-11
0.00733155 0.122193 7.65049E-11
-0.0271948 0.453248 7.84377E-11
-0.0392358 0.65393 7.62806E-11
0.0139673 0.232788 7.50519E-11
0.012312 0.2052 7.63009E-11
0.0296703 0.494506 7.599E-11
0.019519 0.325317 7.69889E-11
0.0408619 0.681032 7.71164E-11
0.0108471 0.180785 7.65546E-11
0.0141869 0.236448 7.72137E-11
0.00522216 0.0870361 7.91852E-11
-0.0234741 0.391236 7.62535E-11
-0.00302491 0.0504153 7.9502E-11
0.0215405 0.359009 7.64946E-11
-0.0035962 0.0599367 7.58463E-11
-0.0103198 0.171997 7.55936E-11
0.0119604 0.19934 7.62503E-11
0.025349 0.422483 7.59627E-11
-0.00481202 0.0802003 7.70459E-11
-0.00224854 0.0374756 7.65077E-11
0.000812989 0.0135498 7.84906E-11
-0.0116822 0.194703 7.96393E-11
-0.028601 0.476683 7.94607E-11
-0.00233642 0.0389404 7.61799E-11
0.0374927 0.624878 7.7557E-11
0.00585206 0.0975343 7.53429E-11
-0.0151831 0.253052 7.66761E-11
-0.0313988 0.523314 7.94357E-11
0.0317945 0.529908 7.53568E-11
0.00803466 0.133911 7.85753E-11
-0.00320068 0.0533448 7.58805E-11
0.0210131 0.350218 7.87422E-11
0.00186768 0.0311279 7.63794E-11
0.00204347 0.0340578 7.68395E-11
0.0036255 0.060425 7.85659E-11
-0.00977783 0.162964 7.64976E-11
-0.0145825 0.243041 7.86063E-11
-0.0100707 0.167846 7.88508E-11
-0.0366284 0.610473 7.87306E-11
-0.013308 0.221801 7.86122E-11
0.0313695 0.522826 7.8412E-11
0.00120849 0.0201416 7.66839E-11
-0.00551514 0.0919189 7.72998E-11
-0.0386792 0.644654 7.73365E-11
0.0118286 0.197142 7.57445E-11
0.0146264 0.243773 7.65434E-11
-0.0138647 0.231079 7.68459E-11
-0.00917725 0.152954 7.94717E-11
0.0327026 0.545044 7.76373E-11
-0.00333253 0.0555421 7.89361E-11
-0.0258618 0.43103 7.66089E-11
-0.0132787 0.221312 7.84813E-11
-0.0432495 0.720825 7.7763E-11
0.00651124 0.108521 7.64906E-11
-0.00916259 0.15271 7.81897E-11
-0.00289307 0.0482178 7.68952E-11
-0.0347095 0.578492 7.87232E-11
0.00834228 0.139038 7.65915E-11
0.0165307 0.275512 7.64353E-11
0.00791749 0.131958 7.55323E-11
0.00629151 0.104858 7.54988E-11
0.0087085 0.145142 7.63203E-11
0.0207641 0.346068 7.59938E-11
0.0158276 0.263794 7.6408E-11
0.00884032 0.147339 7.95208E-11
0.0182299 0.303832 7.86751E-11
0.0396606 0.66101 7.7902E-11
0.009104 0.151733 7.90811E-11
0.0164574 0.274291 7.65713E-11
0.000578614 0.00964357 7.64026E-11
0.00785888 0.130981 7.79012E-11
0.0245141 0.408568 7.73392E-11
-0.0116968 0.194947 7.93593E-11
-0.0114477 0.190796 7.92304E-11
0.0122095 0.203491 7.57241E-11
0.00607177 0.101196 7.92885E-11
-0.0133519 0.222532 7.83079E-11
-0.00863525 0.143921 7.58326E-11
0.000754395 0.0125733 7.64669E-11
-0.0263305 0.438842 7.95243E-11
0.0253636 0.422727 7.63466E-11
0.00618897 0.103149 7.86912E-11
0.00509033 0.0848389 7.58102E-11
0.0310619 0.517698 7.68564E-11
-0.00264405 0.0440674 7.8518E-11
0.0229029 0.381715 7.63635E-11
-0.022815 0.380249 7.6707E-11
0.00610108 0.101685 7.61792E-11
-0.00248291 0.0413818 7.93131E-11
-0.0234888 0.39148 7.59292E-11
-0.0048999 0.0816651 7.68269E-11
0.0230053 0.383422 7.56006E-11
-0.0140551 0.234253 7.67321E-11
-0.00999755 0.166626 7.59037E-11
0.00276123 0.0460205 7.852E-11
0.0364819 0.608032 7.68587E-11
-0.00718507 0.119751 7.6295E-11
-0.00563233 0.0938721 7.67489E-11
-0.000461426 0.00769043 7.95015E-11
-0.0250854 0.41809 7.92424E-11
0.0320142 0.53357 7.84211E-11
-0.0178929 0.298216 7.51377E-11
-0.0284691 0.474486 7.74774E-11
0.0325708 0.542848 7.7398E-11
-0.0230199 0.383666 7.67389E-11
-0.00340576 0.0567628 7.9182E-11
0.00387452 0.0645753 7.64269E-11
-0.0348998 0.581663 7.91485E-11
-0.00232177 0.0386963 7.65838E-11
0.00462159 0.0770264 7.67238E-11
0.0217017 0.361695 7.60012E-11
0.0215698 0.359497 7.65409E-11
0.00427003 0.0711671 7.64758E-11
0.0361156 0.601928 7.66532E-11
-0.0264331 0.440552 7.98378E-11
