-0.00230713 0.0384522 7.73535E-11
0.00393312 0.0655519 7.77192E-11
0.00126709 0.0211181 7.75226E-11
0.00437257 0.0728761 7.73626E-11
0.00330322 0.0550537 7.73763E-11
-0.00917725 0.152954 7.96617E-11
0.00448975 0.0748292 7.71817E-11
-0.010598 0.176634 7.72892E-11
-0.00636475 0.106079 7.75313E-11
0.0108764 0.181273 7.74315E-11
-0.00447511 0.0745851 7.7331E-11
-0.00167724 0.0279541 7.72815E-11
-0.00879639 0.146606 7.91966E-11
0.0164867 0.274779 7.73317E-11
0.00177978 0.0296631 7.9412E-11
0.0141869 0.236448 7.73049E-11
0.00702393 0.117066 7.74204E-11
-0.0016626 0.0277099 7.75878E-11
-0.0144799 0.241332 7.95952E-11
0.00948487 0.158081 7.72817E-11
-0.00062256 0.010376 7.76492E-11
-0.00451906 0.0753176 7.7483E-11
0.00857665 0.142944 7.73176E-11
-0.00730226 0.121704 7.73988E-11
-0.00658448 0.109741 7.85838E-11
0.0054419 0.0906983 7.76011E-11
-0.00869384 0.144897 7.72102E-11
-0.00221924 0.0369873 7.73101E-11
0.0152856 0.25476 7.93411E-11
-0.000827638 0.013794 7.74219E-11
0.00062256 0.010376 7.73027E-11
0.00935303 0.155884 7.90314E-11
0.0167651 0.279419 7.93487E-11
-0.006438 0.1073 7.79991E-11
-0.00052002 0.008667 7.76269E-11
0.0108617 0.181029 7.73666E-11
0.000344239 0.00573732 7.73392E-11
0.00267333 0.0445556 7.96216E-11
-0.00555908 0.0926513 7.74082E-11
0.00135498 0.0225831 7.73854E-11
-0.00366945 0.0611574 7.72461E-11
-0.00473877 0.0789796 7.9448E-11
-0.00337647 0.0562746 7.73081E-11
-0.00287842 0.0479736 7.72724E-11
-0.0124291 0.207152 7.93654E-11
-0.00749268 0.124878 7.85538E-11
0.00974853 0.162476 7.71959E-11
0.00343507 0.0572511 7.92231E-11
-0.000651857 0.0108643 7.8566E-11
0.00878173 0.146362 7.89694E-11
-0.0110082 0.183471 7.95075E-11
-0.00286376 0.0477294 7.72424E-11
-0.00656982 0.109497 7.734E-11
0.00336182 0.0560304 7.73924E-11
-0.00139893 0.0233154 7.74647E-11
0.0243823 0.406372 7.73362E-11
0.00233642 0.0389404 7.74121E-11
-0.0122387 0.203979 7.804E-11
-0.00566162 0.0943603 7.73195E-11
0.000915527 0.0152588 7.72745E-11
-0.00491456 0.0819093 7.7638E-11
0.0104222 0.173704 7.7713E-11
-0.0136303 0.227172 7.73781E-11
0.0104076 0.17346 7.8197E-11
-0.000373536 0.0062256 7.72775E-11
-0.00548583 0.0914306 7.94861E-11
0.0099243 0.165405 7.8484E-11
0.00498779 0.0831299 7.80573E-11
-0.00223389 0.0372314 7.80104E-11
0.00658448 0.109741 7.74218E-11
-0.0151098 0.251831 7.95017E-11
-0.0134985 0.224975 7.74449E-11
0.00583742 0.0972903 7.72825E-11
0.00957275 0.159546 7.94557E-11
-0.00129639 0.0216064 7.735E-11
-0.011975 0.199584 7.74221E-11
-0.00856201 0.1427 7.73539E-11
0.00920655 0.153442 7.73489E-11
-0.00473877 0.0789796 7.87789E-11
0.00378663 0.0631104 7.742E-11
0.00755127 0.125855 7.95534E-11
-0.00637941 0.106323 7.76232E-11
-0.0162378 0.27063 7.72651E-11
-0.00129639 0.0216064 7.73927E-11
0.00802002 0.133667 7.94555E-11
0.0040503 0.0675049 7.76544E-11
0.00988037 0.164673 7.74365E-11
-0.00629151 0.104858 7.73227E-11
0.0106274 0.177123 7.73958E-11
0.00684814 0.114136 7.73992E-11
-0.0135131 0.225218 7.73595E-11
0.0139965 0.233276 7.78841E-11
0.0105248 0.175414 7.90406E-11
0.00812255 0.135376 7.74462E-11
-0.014641 0.244017 7.89373E-11
0.00176514 0.0294189 7.73499E-11
0.00771241 0.12854 7.94695E-11
-0.0096753 0.161255 7.72351E-11
0.000578614 0.00964357 7.73888E-11
0.0113745 0.189575 7.73807E-11
0.00202881 0.0338136 7.789E-11
-0.00484132 0.0806886 7.73574E-11
0.00656982 0.109497 7.73654E-11
-0.0128686 0.214477 7.95843E-11
0.006438 0.1073 7.92758E-11
-0.0174096 0.290161 7.74482E-11
-0.00425537 0.0709229 7.74429E-11
-0.0109643 0.182738 7.8216E-11
-0.00927978 0.154663 7.73688E-11
0.00753662 0.12561 7.8462E-11
-0.00724365 0.120728 7.73563E-11
0.0133959 0.223265 7.72631E-11
-0.0072876 0.12146 7.77772E-11
0.0074048 0.123413 7.7862E-11
-0.00633546 0.105591 7.73658E-11
-0.00623292 0.103882 7.79165E-11
-0.00930907 0.155151 7.91082E-11
-0.00593995 0.0989991 7.93358E-11
0.00425537 0.0709229 7.88714E-11
0.00218994 0.0364991 7.7501E-11
-0.0141722 0.236204 7.76407E-11
0.011228 0.187134 7.94296E-11
0.001604 0.0267334 7.73365E-11
-0.0048999 0.0816651 7.71527E-11
-0.00573487 0.0955811 7.74117E-11
0.00289307 0.0482178 7.72802E-11
-0.00344971 0.0574952 7.94735E-11
0.00528075 0.0880126 7.88478E-11
-0.000461426 0.00769043 7.74226E-11
-0.00664306 0.110718 7.92258E-11
-0.0129418 0.215697 7.71741E-11
0.00560302 0.0933837 7.80498E-11
0.00608642 0.10144 7.72397E-11
0.0165454 0.275756 7.73664E-11
-0.00615967 0.102661 7.73958E-11
0.00079834 0.0133057 7.73324E-11
-0.00281982 0.0469971 7.79392E-11
0.00488525 0.0814209 7.95231E-11
-0.00164795 0.0274658 7.79102E-11
0.00400634 0.0667724 7.74837E-11
0.00837157 0.139526 7.73284E-11
-0.00598389 0.0997314 7.74224E-11
0.00248291 0.0413818 7.94098E-11
0.000270996 0.00451661 7.73964E-11
0.0252759 0.421265 7.86496E-11
-0.011975 0.199584 7.78262E-11
0.00172119 0.0286864 7.74635E-11
0.00205812 0.0343019 7.87735E-11
-0.000827638 0.013794 7.73006E-11
-0.00739014 0.123169 7.71712E-11
0.00191162 0.0318603 7.81492E-11
-0.0242651 0.404419 7.69007E-11
0.017307 0.288451 7.76958E-11
0.00662842 0.110474 7.95377E-11
-0.00627685 0.104614 7.78491E-11
0.0193725 0.322875 7.94154E-11
-0.0059253 0.0987549 7.77561E-11
0.00043213 0.00720217 7.72727E-11
0.00390382 0.0650636 7.79468E-11
0.00267333 0.0445556 7.73092E-11
-0.00422608 0.0704346 7.73705E-11
-0.0016626 0.0277099 7.83783E-11
0.00542725 0.0904541 7.73525E-11
-0.000578614 0.00964357 7.73707E-11
0.0147289 0.245482 7.73195E-11
-0.00766846 0.127808 7.94446E-11
-0.0125609 0.209349 7.73287E-11
-0.0129272 0.215453 7.74065E-11
0.000651857 0.0108643 7.76115E-11
0.00197021 0.0328369 7.9112E-11
0.00897217 0.149536 7.7636E-11
0.00567626 0.0946044 7.73455E-11
0.0127954 0.213256 7.7347E-11
0.00859131 0.143188 7.74296E-11
-0.00347901 0.0579834 7.73197E-11
0.00813719 0.13562 7.86822E-11
0.0104222 0.173704 7.81139E-11
-0.0148022 0.246703 7.71469E-11
-0.004021 0.0670166 7.90036E-11
0.0129272 0.215453 7.75133E-11
-0.00834228 0.139038 7.73456E-11
0.00299562 0.0499269 7.73693E-11
-0.00985107 0.164185 7.79999E-11
-0.0102758 0.171264 7.76548E-11
-0.00126709 0.0211181 7.73316E-11
-0.00210206 0.0350343 7.73896E-11
-0.00236572 0.0394287 7.77307E-11
-0.0130297 0.217163 7.93181E-11
0.00687744 0.114624 7.75406E-11
-0.00889893 0.148315 7.7307E-11
-0.00257079 0.0428466 7.73472E-11
-0.00183839 0.0306398 7.88552E-11
0.0121948 0.203247 7.75715E-11
-0.0030542 0.0509034 7.95112E-11
0.004563 0.07605 7.73269E-11
-0.00525147 0.0875244 7.71151E-11
-0.00142822 0.0238037 7.75581E-11
-0.00749268 0.124878 7.74076E-11
-0.0108031 0.180053 7.72454E-11
0.00147217 0.0245361 7.75744E-11
