-0.00306886 0.0511476 1.01959E-10
0.00238038 0.0396729 9.97766E-11
0.00138428 0.0230713 9.98518E-11
0.00632081 0.105347 9.97541E-11
-0.00224854 0.0374756 1.01473E-10
-0.00457764 0.076294 1.0197E-10
0.00321533 0.0535889 1.01588E-10
0.00393312 0.0655519 9.98499E-11
8.05667E-05 0.00134278 9.89118E-11
0.000417481 0.00695803 1.00012E-10
0.00705322 0.117554 1.01046E-10
0.0129858 0.21643 1.01121E-10
0.000607911 0.0101319 1.01317E-10
0.00315674 0.0526123 9.97077E-11
-0.00639406 0.106568 9.98965E-11
0.00648194 0.108032 1.00995E-10
0.00412354 0.0687256 1.00435E-10
0.00724365 0.120728 1.00118E-10
0.00995359 0.165893 9.94249E-11
0.00976319 0.16272 1.01208E-10
0.00662842 0.110474 1.00145E-10
-0.00744873 0.124146 9.92399E-11
-0.00419677 0.0699463 1.01044E-10
-0.00519286 0.0865477 1.02182E-10
-0.000549317 0.00915528 1.01194E-10
-0.00371339 0.0618898 9.95722E-11
0.0129858 0.21643 1.02157E-10
-0.00567626 0.0946044 9.98471E-11
0.00265869 0.0443115 1.01718E-10
-0.00175048 0.0291747 1.02024E-10
0.00649659 0.108276 1.01596E-10
0.000549317 0.00915528 1.01744E-10
0.00878173 0.146362 1.02233E-10
-0.00194092 0.0323486 1.01243E-10
-0.00983642 0.16394 9.96572E-11
-0.00806396 0.134399 1.01151E-10
0.00150147 0.0250244 1.01851E-10
-0.0112866 0.188111 1.00059E-10
-0.00071045 0.0118408 9.98293E-11
0.0163109 0.271849 9.8693E-11
0.00797607 0.132935 1.01874E-10
-0.0164721 0.274535 1.01259E-10
-0.00393312 0.0655519 1.00844E-10
0.00388916 0.0648194 1.00916E-10
-0.00670165 0.111694 9.97154E-11
-0.00536865 0.0894775 9.93137E-11
0.00548583 0.0914306 9.94787E-11
-0.00614503 0.102417 1.01814E-10
-0.0091919 0.153198 9.90632E-11
0.00822509 0.137085 9.99906E-11
0.00336182 0.0560304 1.00029E-10
0.00334717 0.0557863 1.01603E-10
-0.00816649 0.136108 9.93486E-11
-0.0125756 0.209593 9.97697E-11
0.00507569 0.0845948 9.94959E-11
-0.00347901 0.0579834 1.01877E-10
0.000930176 0.0155029 1.01848E-10
-0.00134034 0.0223389 1.01428E-10
0.00645264 0.107544 1.02163E-10
0.00368409 0.0614015 1.00047E-10
-0.0146704 0.244507 9.97001E-11
-0.00497315 0.0828858 1.01184E-10
-0.0165893 0.276488 1.01267E-10
0.0103345 0.172242 9.97128E-11
-0.0120629 0.201049 1.01557E-10
-0.00173584 0.0289306 1.00357E-10
-0.000944824 0.0157471 1.01397E-10
-0.00520752 0.0867919 1.02066E-10
0.0120629 0.201049 9.9954E-11
0.00649659 0.108276 1.01733E-10
-0.00258545 0.0430908 1.00449E-10
-0.00245362 0.0408937 1.00238E-10
0.00339112 0.0565187 1.0058E-10
0.000446778 0.0074463 9.92058E-11
0.0116235 0.193726 1.01582E-10
-0.00506105 0.0843508 1.01506E-10
-0.00955811 0.159302 9.9204E-11
-0.00993895 0.165649 1.01751E-10
-0.00806396 0.134399 9.94932E-11
-0.0115503 0.192505 1.00672E-10
0.0146704 0.244507 9.89272E-11
-0.00558837 0.0931396 9.92405E-11
0.00194092 0.0323486 1.01446E-10
-0.00569092 0.0948486 1.00182E-10
0.00199952 0.0333253 9.97917E-11
-0.000681153 0.0113526 1.01508E-10
-0.0122095 0.203491 9.9737E-11
-0.00476807 0.0794678 9.93246E-11
-0.00397706 0.0662843 9.97037E-11
-0.0140258 0.233764 9.95719E-11
-0.00816649 0.136108 1.01454E-10
0.00819579 0.136597 1.01703E-10
0.000300294 0.00500489 9.94236E-11
0.00760987 0.126831 1.00169E-10
-0.00079834 0.0133057 9.96099E-11
-0.00204347 0.0340578 9.92818E-11
-0.00261474 0.0435791 1.02033E-10
0.012019 0.200317 9.96459E-11
0.0117846 0.19641 1.01464E-10
0.00240968 0.0401613 9.96925E-11
0.00976319 0.16272 1.00394E-10
0.00079834 0.0133057 1.01743E-10
-0.00488525 0.0814209 1.01655E-10
0.000256348 0.00427247 1.00202E-10
0.00198486 0.0330811 9.9244E-11
0.0052954 0.0882567 1.01543E-10
0.0114477 0.190796 9.91069E-11
-0.00636475 0.106079 9.97086E-11
0.00296631 0.0494386 1.01685E-10
-0.00434326 0.0723878 9.8964E-11
0.00173584 0.0289306 1.00582E-10
0.00286376 0.0477294 9.99781E-11
0.00510499 0.0850831 1.02031E-10
0.000783692 0.0130615 9.92955E-11
-0.004563 0.07605 1.01095E-10
0.0139379 0.232299 9.89864E-11
-0.00273194 0.0455323 1.01236E-10
0.0114477 0.190796 1.01025E-10
0.00598389 0.0997314 1.01175E-10
-0.00933837 0.15564 9.91208E-11
0.00182373 0.0303956 1.00055E-10
9.5215E-05 0.00158692 1.01239E-10
0.014934 0.248901 1.01678E-10
-0.00295167 0.0491944 9.90763E-11
0.00479736 0.0799561 9.97464E-11
-0.00661377 0.110229 9.97512E-11
-0.000329591 0.00549318 9.97591E-11
-0.00554444 0.0924073 1.015E-10
0.0147582 0.245971 9.92961E-11
-0.00563233 0.0938721 1.01939E-10
0.00463623 0.0772706 1.01508E-10
-0.00295167 0.0491944 1.01841E-10
0.0118871 0.198119 9.95287E-11
-0.00279053 0.0465088 1.00054E-10
-0.00240968 0.0401613 1.01824E-10
-0.000388184 0.00646973 1.00722E-10
0.00566162 0.0943603 9.89505E-11
-0.00958741 0.15979 9.96046E-11
0.00771241 0.12854 1.01504E-10
-0.00900147 0.150024 9.93569E-11
0.00601318 0.10022 9.90313E-11
-0.00443115 0.0738526 1.00854E-10
0.00796143 0.13269 1.01945E-10
0.0161645 0.269409 1.01836E-10
0.00686278 0.11438 1.01363E-10
0.00337647 0.0562746 1.00948E-10
0.0111547 0.185913 9.94282E-11
0.00952881 0.158813 1.00094E-10
0.000139161 0.00231935 9.95644E-11
0.00448975 0.0748292 1.01367E-10
0.00903076 0.150513 1.01459E-10
-0.0194751 0.324584 1.00956E-10
-0.00563233 0.0938721 9.93453E-11
-0.00558837 0.0931396 9.87921E-11
0.00722901 0.120484 9.94983E-11
-0.00572021 0.0953369 9.95619E-11
0.00802002 0.133667 9.9708E-11
-0.00621827 0.103638 9.96114E-11
0.0128246 0.213744 9.98741E-11
0.00646728 0.107788 9.99846E-11
0.00708252 0.118042 1.00142E-10
-0.0045337 0.0755617 1.01708E-10
0.00566162 0.0943603 1.00796E-10
-0.00409423 0.0682372 1.01366E-10
0.00948487 0.158081 1.01408E-10
0.0072876 0.12146 1.01554E-10
-0.0179955 0.299926 9.94446E-11
-0.00848876 0.141479 1.01888E-10
0.00336182 0.0560304 1.00103E-10
0.00412354 0.0687256 1.01547E-10
-0.00142822 0.0238037 1.02159E-10
0.0191088 0.31848 9.92085E-11
0.000783692 0.0130615 1.00269E-10
0.0126781 0.211303 1.01055E-10
0.00564698 0.0941163 9.94887E-11
-0.00254151 0.0423584 1.02361E-10
-0.0165747 0.276245 1.01702E-10
-0.00535401 0.0892334 1.01775E-10
-0.00815185 0.135864 9.90959E-11
0.00264405 0.0440674 9.95128E-11
-0.00954345 0.159058 9.94765E-11
-0.0144946 0.241577 9.91664E-11
0.00642336 0.107056 1.01096E-10
-0.00429931 0.0716553 1.01491E-10
-0.00369873 0.0616456 9.90368E-11
-0.0081079 0.135132 1.0194E-10
-0.00528075 0.0880126 1.01089E-10
0.00591064 0.0985108 1.01971E-10
0.0132787 0.221312 9.99391E-11
0.00147217 0.0245361 9.95848E-11
-0.00173584 0.0289306 1.00982E-10
-0.000988771 0.0164795 9.90637E-11
0.0141283 0.235472 1.00058E-10
-0.00618897 0.103149 9.95697E-11
-0.00223389 0.0372314 9.96855E-11
0.0214379 0.357299 1.00122E-10
0.0106859 0.178099 1.01578E-10
0.00731691 0.121948 9.96282E-11
0.00252685 0.0421142 1.00068E-10
-0.0107152 0.178587 1.02048E-10
