-0.00680419 0.113403 6.63457E-10
-0.000490723 0.00817872 6.45922E-10
-0.00104737 0.0174561 6.36366E-10
0.0130151 0.216918 6.56381E-10
0.00183839 0.0306398 6.74857E-10
0.00104737 0.0174561 6.66235E-10
-0.000739747 0.0123291 6.46078E-10
0.00857665 0.142944 6.36058E-10
-0.00355225 0.0592042 6.35677E-10
-0.010232 0.170533 6.45935E-10
-0.0101586 0.169311 6.65209E-10
0.00062256 0.010376 6.45688E-10
0.00857665 0.142944 6.57011E-10
-0.000256348 0.00427247 6.25438E-10
-0.00485597 0.0809328 6.53496E-10
-0.00784424 0.130737 6.3226E-10
0.00624756 0.104126 6.4579E-10
-0.00238038 0.0396729 6.56548E-10
-0.00100342 0.0167236 6.58996E-10
-0.0116235 0.193726 6.52522E-10
0.0127807 0.213012 6.47027E-10
0.0152856 0.25476 6.42489E-10
-0.00523682 0.0872803 6.51779E-10
-0.00396242 0.0660403 6.36102E-10
-0.014685 0.24475 6.35662E-10
0.00454836 0.0758059 6.6507E-10
-0.00355225 0.0592042 6.52067E-10
-0.0031421 0.0523683 6.56083E-10
0.00243897 0.0406496 6.68202E-10
0.00545655 0.0909424 6.54354E-10
0.00387452 0.0645753 6.32E-10
0.00879639 0.146606 6.23903E-10
0.0115943 0.193238 6.63277E-10
-0.000856934 0.0142822 6.47834E-10
-0.00632081 0.105347 6.32682E-10
-0.00334717 0.0557863 6.23886E-10
-0.00542725 0.0904541 6.16711E-10
0.0104076 0.17346 6.5626E-10
-0.000373536 0.0062256 6.46275E-10
0.0010913 0.0181884 6.45616E-10
-0.00268799 0.0447998 6.5616E-10
-0.00340576 0.0567628 6.45825E-10
0.00645264 0.107544 6.53028E-10
-0.00482666 0.0804444 6.52842E-10
0.00593995 0.0989991 6.73944E-10
-0.00889893 0.148315 6.45527E-10
0.00144287 0.0240478 6.52825E-10
0.000358888 0.00598146 6.08704E-10
-0.00447511 0.0745851 6.45585E-10
-0.000593263 0.00988771 6.55939E-10
0.00875243 0.145874 6.45484E-10
0.0102173 0.170288 6.5284E-10
0.00443115 0.0738526 6.46601E-10
0.00334717 0.0557863 6.56006E-10
-0.000168458 0.00280763 6.50427E-10
0.0149194 0.248657 6.53157E-10
-0.0126928 0.211547 6.5281E-10
-0.0122095 0.203491 6.54512E-10
0.00579347 0.0965578 6.21505E-10
-0.00478271 0.0797119 6.52367E-10
-0.00185303 0.0308838 6.39508E-10
0.0112573 0.187622 6.45724E-10
-0.00703858 0.11731 6.95323E-10
0.00129639 0.0216064 6.46118E-10
0.000988771 0.0164795 6.63886E-10
0.00303956 0.0506593 6.54574E-10
-0.0053247 0.0887451 6.45813E-10
0.00188233 0.0313721 6.36409E-10
0.00327392 0.0545654 6.37742E-10
-0.00718507 0.119751 6.72239E-10
0.00289307 0.0482178 6.36641E-10
-0.00409423 0.0682372 6.3158E-10
0.00330322 0.0550537 6.583E-10
-0.00598389 0.0997314 6.42404E-10
0.00803466 0.133911 6.45904E-10
-0.00346436 0.0577393 6.37339E-10
-0.00388916 0.0648194 6.41496E-10
0.0208959 0.348265 6.56131E-10
0.00134034 0.0223389 6.63873E-10
-0.00753662 0.12561 6.35555E-10
0.00989501 0.164917 6.65866E-10
0.0050464 0.0841066 6.63507E-10
0.0053247 0.0887451 6.75393E-10
0.00925048 0.154175 6.64236E-10
0.00599854 0.0999756 6.52909E-10
-0.00333253 0.0555421 6.24882E-10
-0.0152564 0.254273 6.25731E-10
0.00604249 0.100708 6.47794E-10
-0.00318604 0.0531006 6.373E-10
-0.0125902 0.209837 6.41807E-10
-0.00448975 0.0748292 6.63873E-10
-0.00432862 0.0721436 6.56255E-10
0.00933837 0.15564 6.64671E-10
-0.00687744 0.114624 6.63619E-10
0.00409423 0.0682372 6.35905E-10
-0.0111255 0.185425 6.36454E-10
0.00447511 0.0745851 6.4552E-10
0.00463623 0.0772706 6.48057E-10
0.00425537 0.0709229 6.42109E-10
0.00303956 0.0506593 6.23122E-10
0.00254151 0.0423584 6.35513E-10
0.00421142 0.0701904 6.5631E-10
0.00443115 0.0738526 6.4535E-10
-0.00409423 0.0682372 6.54247E-10
-0.00391847 0.0653078 6.2333E-10
-0.0106127 0.176878 6.54353E-10
0.00400634 0.0667724 6.73948E-10
-0.00863525 0.143921 6.64962E-10
0.00192626 0.0321044 6.56084E-10
-0.00749268 0.124878 6.35688E-10
-0.00585206 0.0975343 6.76198E-10
0.00642336 0.107056 6.38612E-10
-0.00249756 0.0416259 6.39474E-10
0.00119385 0.0198974 6.35521E-10
0.00607177 0.101196 6.56341E-10
0.00132569 0.0220948 6.52949E-10
0.00230713 0.0384522 6.43727E-10
-0.00714112 0.119019 6.68047E-10
-0.00936767 0.156128 6.46113E-10
-0.00706787 0.117798 6.3585E-10
0.00167724 0.0279541 6.35648E-10
-0.00400634 0.0667724 6.24456E-10
0.00497315 0.0828858 6.64683E-10
-0.0103198 0.171997 6.55639E-10
-0.00101806 0.0169677 6.57325E-10
0.0116822 0.194703 6.55992E-10
-0.00245362 0.0408937 6.57128E-10
-0.00391847 0.0653078 6.44205E-10
0.00415284 0.0692139 6.54125E-10
0.00759522 0.126587 6.83186E-10
-0.00306886 0.0511476 6.40741E-10
-0.00932372 0.155395 6.54216E-10
0.00355225 0.0592042 6.31262E-10
0.00687744 0.114624 6.42515E-10
-0.0128686 0.214477 6.4594E-10
0.00980712 0.163452 6.4612E-10
-0.00470948 0.0784913 6.75173E-10
0.00223389 0.0372314 6.76282E-10
0.012517 0.208617 6.45693E-10
0.00812255 0.135376 6.35521E-10
-0.00132569 0.0220948 6.64318E-10
0.000783692 0.0130615 6.64512E-10
-0.00771241 0.12854 6.75627E-10
0.00435792 0.0726319 6.5293E-10
-0.00617431 0.102905 6.48408E-10
0.00525147 0.0875244 6.64844E-10
-0.0030542 0.0509034 6.33686E-10
0.00368409 0.0614015 6.24022E-10
-0.00711183 0.11853 6.45627E-10
0.00192626 0.0321044 6.66368E-10
0.00520752 0.0867919 6.66079E-10
-0.00183839 0.0306398 6.56602E-10
-0.00573487 0.0955811 6.74914E-10
0.0183325 0.305541 6.64186E-10
-0.000930176 0.0155029 6.33597E-10
-0.000329591 0.00549318 6.64775E-10
0.00147217 0.0245361 6.6422E-10
-0.0054419 0.0906983 6.63826E-10
0.00939697 0.156616 6.39534E-10
0.000959473 0.0159912 6.36211E-10
0.00769776 0.128296 6.55745E-10
0.00843017 0.140503 6.5652E-10
0.00637941 0.106323 6.56447E-10
-0.00547119 0.0911865 6.41857E-10
0.00380127 0.0633546 6.55778E-10
0.0076831 0.128052 6.76436E-10
0.0104369 0.173948 6.35659E-10
0.000900879 0.0150147 6.74823E-10
-0.00158936 0.0264893 6.3598E-10
-0.00623292 0.103882 6.22449E-10
-0.000227051 0.00378418 6.53112E-10
0.00114991 0.0191651 6.36552E-10
0.00207276 0.0345461 6.37616E-10
0.0101586 0.169311 6.55948E-10
-0.00128173 0.0213622 6.35721E-10
-0.00194092 0.0323486 6.43206E-10
-8.05667E-05 0.00134278 6.5599E-10
0.0145531 0.242553 6.35853E-10
0.00444581 0.0740968 6.66127E-10
0.00296631 0.0494386 6.64153E-10
-0.00654053 0.109009 6.54388E-10
-0.0090747 0.151245 6.25086E-10
0.00145751 0.0242919 6.46059E-10
-0.00214601 0.0357668 6.52762E-10
0.00718507 0.119751 6.46104E-10
-0.00927978 0.154663 6.62977E-10
-0.00131103 0.0218506 6.47962E-10
0.00324463 0.0540772 6.55849E-10
-0.00325927 0.0543213 6.52777E-10
-0.0035962 0.0599367 6.42599E-10
0.00216065 0.0360108 6.75159E-10
-0.00517822 0.0863037 6.37262E-10
0.00336182 0.0560304 6.64554E-10
0.00531006 0.0885009 6.74437E-10
0.000842286 0.0140381 6.45907E-10
-0.00107666 0.0179443 6.5398E-10
-0.00292237 0.0487061 6.46304E-10
-0.0110082 0.183471 6.63869E-10
-0.00615967 0.102661 6.46099E-10
-0.00659912 0.109985 6.35429E-10
