0.00119385 0.0198974 8.41281E-11
-0.00809326 0.134888 8.33886E-11
0.00336182 0.0560304 8.22989E-11
-0.00101806 0.0169677 8.34019E-11
-0.00670165 0.111694 8.50247E-11
0.0054419 0.0906983 8.30711E-11
0.00828368 0.138061 8.27973E-11
-0.0011792 0.0196533 8.41546E-11
0.00941162 0.15686 8.34823E-11
-0.00601318 0.10022 8.40109E-11
-0.00283447 0.0472412 8.36442E-11
0.00277588 0.0462646 8.27752E-11
0.0119311 0.198852 8.35117E-11
-0.00624756 0.104126 8.20021E-11
0.00151612 0.0252686 8.30899E-11
-0.0109643 0.182738 8.33903E-11
0.00446046 0.0743409 8.46186E-11
0.00454836 0.0758059 8.44788E-11
-0.0165893 0.276488 8.27513E-11
0.00138428 0.0230713 8.40234E-11
-0.00361086 0.0601809 8.46346E-11
-0.0201343 0.335572 8.28736E-11
-0.0141283 0.235472 8.41364E-11
0.000402833 0.00671388 8.33566E-11
-0.0190502 0.317503 8.21207E-11
-0.00292237 0.0487061 8.39808E-11
-0.00580811 0.0968019 8.5053E-11
-0.00739014 0.123169 8.37386E-11
-0.00194092 0.0323486 8.44678E-11
-0.00929443 0.154907 8.48007E-11
0.0026001 0.0433349 8.33985E-11
-0.0016626 0.0277099 8.33842E-11
0.00863525 0.143921 8.39691E-11
-0.0067456 0.112427 8.34706E-11
0.00303956 0.0506593 8.297E-11
0.00101806 0.0169677 8.28013E-11
0.00197021 0.0328369 8.31234E-11
-0.00614503 0.102417 8.3443E-11
-0.0135864 0.226439 8.3396E-11
0.0121655 0.202758 8.44445E-11
0.0104076 0.17346 8.33063E-11
0.0066577 0.110962 8.27364E-11
0.0115796 0.192993 8.27817E-11
-0.0107885 0.179808 8.34628E-11
0.000256348 0.00427247 8.32359E-11
-0.000871582 0.0145264 8.33258E-11
-0.00132569 0.0220948 8.29573E-11
0.0002417 0.00402833 8.47232E-11
-0.02198 0.366333 8.34956E-11
0.0040503 0.0675049 8.3517E-11
0.0074048 0.123413 8.42692E-11
0.00413818 0.0689697 8.32332E-11
0.00803466 0.133911 8.24498E-11
-0.000124513 0.00207521 8.34912E-11
-0.0104955 0.174925 8.388E-11
-0.000212403 0.00354005 8.31904E-11
-0.00205812 0.0343019 8.53351E-11
-0.00431397 0.0718994 8.34627E-11
-0.00172119 0.0286864 8.41667E-11
-0.0141137 0.235228 8.3926E-11
0.00731691 0.121948 8.26119E-11
-0.00328858 0.0548096 8.26783E-11
0.0217895 0.363159 8.51384E-11
0.00416749 0.0694581 8.31441E-11
-0.00312745 0.0521241 8.41438E-11
-0.000754395 0.0125733 8.28895E-11
-0.000842286 0.0140381 8.50183E-11
0.00415284 0.0692139 8.27994E-11
-0.00330322 0.0550537 8.38989E-11
-0.0059253 0.0987549 8.30352E-11
0.0105541 0.175903 8.27108E-11
0.00101806 0.0169677 8.43831E-11
0.0067749 0.112915 8.36092E-11
0.00243897 0.0406496 8.28143E-11
0.0182445 0.304076 8.39923E-11
-0.00793213 0.132202 8.29495E-11
0.0117261 0.195435 8.3655E-11
0.00869384 0.144897 8.45648E-11
-0.0133959 0.223265 8.3787E-11
0.000988771 0.0164795 8.29926E-11
0.00551514 0.0919189 8.40059E-11
0.0086792 0.144653 8.33704E-11
-0.00756592 0.126099 8.44143E-11
-0.0078003 0.130005 8.39096E-11
0.0111547 0.185913 8.26509E-11
0.00150147 0.0250244 8.41681E-11
-0.0108471 0.180785 8.39493E-11
0.00857665 0.142944 8.37031E-11
-0.00802002 0.133667 8.36973E-11
-0.00695068 0.115845 8.40224E-11
-0.00623292 0.103882 8.41758E-11
0.000256348 0.00427247 8.36341E-11
0.00289307 0.0482178 8.45621E-11
0.0140698 0.234497 8.25083E-11
-0.0120923 0.201538 8.28347E-11
0.00800537 0.133423 8.36225E-11
-0.00734619 0.122437 8.40002E-11
-0.00416749 0.0694581 8.32291E-11
0.00561767 0.0936279 8.45023E-11
0.00172119 0.0286864 8.46682E-11
0.0113452 0.189087 8.26372E-11
-0.00245362 0.0408937 8.3182E-11
-0.00484132 0.0806886 8.34638E-11
0.00457764 0.076294 8.45532E-11
0.00418213 0.0697022 8.29598E-11
0.00513429 0.0855714 8.40449E-11
-0.00557372 0.0928954 8.29454E-11
0.00369873 0.0616456 8.25467E-11
0.00554444 0.0924073 8.34603E-11
-0.019182 0.319701 8.38553E-11
-0.0076538 0.127563 8.41816E-11
0.00772705 0.128784 8.35059E-11
-0.00432862 0.0721436 8.31995E-11
0.0172338 0.28723 8.39806E-11
-0.00375733 0.0626221 8.33407E-11
-0.004021 0.0670166 8.39867E-11
0.00611573 0.101929 8.24134E-11
-0.0100707 0.167846 8.35887E-11
-0.00394777 0.0657961 8.39334E-11
0.00996824 0.166137 8.30444E-11
-0.00100342 0.0167236 8.34486E-11
-0.00223389 0.0372314 8.33495E-11
0.0045337 0.0755617 8.34705E-11
-0.0128246 0.213744 8.36437E-11
-0.00119385 0.0198974 8.29165E-11
-5.12697E-05 0.000854496 8.3272E-11
0.00148682 0.0247803 8.43026E-11
0.00564698 0.0941163 8.43923E-11
0.00328858 0.0548096 8.25823E-11
0.00457764 0.076294 8.33037E-11
-0.000827638 0.013794 8.46307E-11
-0.00712648 0.118775 8.33023E-11
-0.0118578 0.197631 8.34731E-11
0.0074048 0.123413 8.26579E-11
0.0036255 0.060425 8.2884E-11
0.00295167 0.0491944 8.41321E-11
0.0217163 0.361938 8.41066E-11
0.00238038 0.0396729 8.33942E-11
0.00265869 0.0443115 8.32869E-11
0.000549317 0.00915528 8.2265E-11
-0.0016919 0.0281983 8.47924E-11
0.00897217 0.149536 8.37047E-11
-0.00440185 0.0733642 8.31576E-11
0.00188233 0.0313721 8.43721E-11
0.000124513 0.00207521 8.36516E-11
-0.00207276 0.0345461 8.25018E-11
0.00167724 0.0279541 8.47248E-11
-0.0120629 0.201049 8.26173E-11
-0.00336182 0.0560304 8.33696E-11
-0.000578614 0.00964357 8.40629E-11
-0.010935 0.18225 8.33528E-11
-0.00103272 0.0172119 8.37337E-11
-0.00218994 0.0364991 8.32094E-11
-0.0118871 0.198119 8.52162E-11
0.0119897 0.199828 8.34712E-11
0.00450441 0.0750734 8.35864E-11
0.00667235 0.111206 8.32074E-11
-0.00818115 0.136352 8.25762E-11
0.00150147 0.0250244 8.31329E-11
-0.00413818 0.0689697 8.29502E-11
0.00246826 0.0411377 8.35894E-11
-0.0144067 0.240111 8.28842E-11
-0.00321533 0.0535889 8.37562E-11
-0.00139893 0.0233154 8.29899E-11
0.004563 0.07605 8.36967E-11
0.00136964 0.0228273 8.4106E-11
-0.00254151 0.0423584 8.2854E-11
-0.0137475 0.229125 8.25751E-11
0.00766846 0.127808 8.31012E-11
-0.0040503 0.0675049 8.35966E-11
0.000549317 0.00915528 8.2947E-11
0.0125609 0.209349 8.22852E-11
-0.0215405 0.359009 8.33741E-11
-0.000490723 0.00817872 8.34126E-11
0.00791749 0.131958 8.3625E-11
0.0108471 0.180785 8.3399E-11
-0.00274659 0.0457764 8.36125E-11
-0.000227051 0.00378418 8.41197E-11
-0.0115649 0.192749 8.34574E-11
0.0030542 0.0509034 8.29352E-11
3.66213E-05 0.000610354 8.29782E-11
0.00347901 0.0579834 8.34101E-11
0.00240968 0.0401613 8.34889E-11
0.00352296 0.0587159 8.38276E-11
0.00815185 0.135864 8.40716E-11
0.00403565 0.0672608 8.35606E-11
0.00485597 0.0809328 8.30237E-11
-0.0090747 0.151245 8.29476E-11
-0.0067749 0.112915 8.3521E-11
-0.000739747 0.0123291 8.34025E-11
-0.00760987 0.126831 8.30604E-11
0.0145971 0.243285 8.27629E-11
-0.00374268 0.062378 8.40073E-11
0.00454836 0.0758059 8.29325E-11
-0.0103783 0.172972 8.43247E-11
0.00774169 0.129028 8.3977E-11
-0.000300294 0.00500489 8.31864E-11
0.00201417 0.0335694 8.28749E-11
0.0104369 0.173948 8.35399E-11
0.00438721 0.0731202 8.40441E-11
