-0.00984375 0.164062 1.49467E-09
-0.00421875 0.0703125 1.49542E-09
0.00328125 0.0546875 1.48641E-09
0.00421875 0.0703125 1.47688E-09
-0.00703125 0.117188 1.49316E-09
0.00140625 0.0234375 1.46842E-09
0.00984375 0.164062 1.48675E-09
-0.00328125 0.0546875 1.42841E-09
-0.00609375 0.101563 1.53482E-09
-0.00421875 0.0703125 1.54354E-09
0.0154687 0.257812 1.53567E-09
0.00515625 0.0859375 1.47812E-09
-0.0201563 0.335938 1.48316E-09
0.00046875 0.0078125 1.51513E-09
-0.0117188 0.195312 1.48666E-09
-0.00328125 0.0546875 1.4744E-09
0.0154687 0.257812 1.53833E-09
-0.00984375 0.164062 1.44736E-09
-0.00421875 0.0703125 1.50832E-09
-0.00234375 0.0390625 1.49622E-09
0.0145312 0.242188 1.53694E-09
0.00984375 0.164062 1.54237E-09
0.00984375 0.164062 1.49469E-09
-0.00328125 0.0546875 1.60239E-09
-0.00890625 0.148438 1.47919E-09
0.00703125 0.117188 1.56824E-09
-0.00703125 0.117188 1.61446E-09
0.00234375 0.0390625 1.54775E-09
-0.00046875 0.0078125 1.51912E-09
0.00609375 0.101563 1.4584E-09
0.00328125 0.0546875 1.38097E-09
0.00234375 0.0390625 1.49255E-09
0.00140625 0.0234375 1.50331E-09
-0.00609375 0.101563 1.58273E-09
0.00421875 0.0703125 1.55292E-09
-0.00984375 0.164062 1.58109E-09
0.00515625 0.0859375 1.41807E-09
0.00234375 0.0390625 1.50652E-09
-0.00515625 0.0859375 1.503E-09
-0.0154687 0.257812 1.52634E-09
0.00515625 0.0859375 1.46808E-09
-0.00984375 0.164062 1.46386E-09
0.0173437 0.289062 1.47855E-09
-0.0107812 0.179688 1.47851E-09
0.00515625 0.0859375 1.55589E-09
-0.00609375 0.101563 1.52653E-09
0.0276563 0.460938 1.48867E-09
-0.00703125 0.117188 1.52181E-09
0.00046875 0.0078125 1.46424E-09
0.00796875 0.132812 1.5205E-09
-0.00421875 0.0703125 1.51515E-09
-0.00890625 0.148438 1.48108E-09
-0.00046875 0.0078125 1.51549E-09
-0.0107812 0.179688 1.48604E-09
0.00421875 0.0703125 1.43856E-09
-0.00046875 0.0078125 1.52378E-09
-0.00984375 0.164062 1.51275E-09
0.0126562 0.210938 1.51265E-09
-0.00234375 0.0390625 1.51608E-09
-0.00984375 0.164062 1.40793E-09
0.00703125 0.117188 1.46811E-09
0.00234375 0.0390625 1.54434E-09
-0.00890625 0.148438 1.56362E-09
0.00234375 0.0390625 1.48304E-09
-0.00984375 0.164062 1.50624E-09
-0.0126562 0.210938 1.50192E-09
0.00421875 0.0703125 1.55402E-09
-0.0135937 0.226562 1.56461E-09
-0.00234375 0.0390625 1.52644E-09
-0.00140625 0.0234375 1.45924E-09
-0.0107812 0.179688 1.57871E-09
-0.0182812 0.304688 1.50406E-09
0.00046875 0.0078125 1.54412E-09
0.00890625 0.148438 1.46845E-09
-0.00515625 0.0859375 1.58274E-09
-0.0126562 0.210938 1.5547E-09
0.00328125 0.0546875 1.5262E-09
-0.00328125 0.0546875 1.47794E-09
-0.00046875 0.0078125 1.50853E-09
0.0145312 0.242188 1.54625E-09
-0.00234375 0.0390625 1.5752E-09
0.00140625 0.0234375 1.5387E-09
-0.00046875 0.0078125 1.59883E-09
-0.0201563 0.335938 1.56623E-09
-0.00796875 0.132812 1.5361E-09
-0.00234375 0.0390625 1.4746E-09
-0.00234375 0.0390625 1.53238E-09
-0.00796875 0.132812 1.50956E-09
-0.00234375 0.0390625 1.54004E-09
0.0126562 0.210938 1.53939E-09
0.00140625 0.0234375 1.49759E-09
-0.00890625 0.148438 1.55897E-09
0.0135937 0.226562 1.49491E-09
0.00421875 0.0703125 1.4269E-09
-0.0145312 0.242188 1.53438E-09
0.00234375 0.0390625 1.47894E-09
-0.00234375 0.0390625 1.61659E-09
-0.00234375 0.0390625 1.53596E-09
-0.0117188 0.195312 1.5601E-09
-0.00234375 0.0390625 1.60826E-09
-0.00796875 0.132812 1.51383E-09
-0.0154687 0.257812 1.53296E-09
-0.00140625 0.0234375 1.49381E-09
-0.0201563 0.335938 1.47812E-09
0.00046875 0.0078125 1.51252E-09
-0.0117188 0.195312 1.47643E-09
-0.00703125 0.117188 1.57284E-09
-0.00796875 0.132812 1.46768E-09
-0.0107812 0.179688 1.53392E-09
0.00140625 0.0234375 1.50479E-09
0.00421875 0.0703125 1.53145E-09
-0.0117188 0.195312 1.48608E-09
-0.00421875 0.0703125 1.52673E-09
-0.00046875 0.0078125 1.52443E-09
0.00703125 0.117188 1.44816E-09
-0.00234375 0.0390625 1.47844E-09
0.00515625 0.0859375 1.55536E-09
-0.0107812 0.179688 1.57394E-09
-0.0135937 0.226562 1.54866E-09
-0.00984375 0.164062 1.5053E-09
0.00234375 0.0390625 1.54481E-09
0.0107812 0.179688 1.50381E-09
0.00890625 0.148438 1.53642E-09
0.00515625 0.0859375 1.44629E-09
-0.00234375 0.0390625 1.43446E-09
-0.00890625 0.148438 1.53212E-09
-0.0126562 0.210938 1.54245E-09
0.00609375 0.101563 1.51491E-09
-0.00515625 0.0859375 1.55345E-09
-0.0239062 0.398437 1.51709E-09
0.00328125 0.0546875 1.53407E-09
-0.00140625 0.0234375 1.49736E-09
-0.00515625 0.0859375 1.5715E-09
0.00140625 0.0234375 1.55358E-09
0.00328125 0.0546875 1.53459E-09
-0.00234375 0.0390625 1.5538E-09
0.0107812 0.179688 1.61994E-09
-0.00046875 0.0078125 1.47631E-09
-0.0117188 0.195312 1.59231E-09
-0.00421875 0.0703125 1.57413E-09
0.0126562 0.210938 1.51714E-09
-0.0126562 0.210938 1.49625E-09
-0.0126562 0.210938 1.51813E-09
0.0201563 0.335938 1.48862E-09
0.0239062 0.398437 1.45609E-09
0.0117188 0.195312 1.55282E-09
0.0117188 0.195312 1.56247E-09
-0.00796875 0.132812 1.45647E-09
-0.0126562 0.210938 1.52088E-09
0.00140625 0.0234375 1.4872E-09
0.00890625 0.148438 1.58372E-09
0.0126562 0.210938 1.49233E-09
0.00796875 0.132812 1.54778E-09
0.00609375 0.101563 1.49842E-09
-0.00234375 0.0390625 1.48454E-09
-0.00234375 0.0390625 1.49626E-09
-0.0257812 0.429688 1.54972E-09
0.00796875 0.132812 1.58301E-09
0.0201563 0.335938 1.51616E-09
0.00609375 0.101563 1.52521E-09
-0.00140625 0.0234375 1.55626E-09
-0.00328125 0.0546875 1.5139E-09
-0.00234375 0.0390625 1.50587E-09
0.0117188 0.195312 1.50391E-09
0.0126562 0.210938 1.5165E-09
-0.00984375 0.164062 1.52334E-09
0.00328125 0.0546875 1.47237E-09
0.0117188 0.195312 1.52507E-09
0.0173437 0.289062 1.5288E-09
-0.00796875 0.132812 1.47679E-09
-0.0145312 0.242188 1.52508E-09
-0.00796875 0.132812 1.53679E-09
-0.00234375 0.0390625 1.51454E-09
-0.00609375 0.101563 1.62405E-09
-0.0117188 0.195312 1.50199E-09
0.00703125 0.117188 1.51528E-09
0.00984375 0.164062 1.54463E-09
-0.00984375 0.164062 1.54646E-09
0.0126562 0.210938 1.47696E-09
0.00140625 0.0234375 1.47813E-09
0.00890625 0.148438 1.50537E-09
0.00703125 0.117188 1.48738E-09
-0.00046875 0.0078125 1.51212E-09
0.0164062 0.273437 1.48881E-09
0.00515625 0.0859375 1.53491E-09
-0.00703125 0.117188 1.46285E-09
-0.00234375 0.0390625 1.46783E-09
0.00140625 0.0234375 1.55993E-09
-0.0182812 0.304688 1.52686E-09
-0.00234375 0.0390625 1.4973E-09
0.00140625 0.0234375 1.42717E-09
0.00421875 0.0703125 1.49905E-09
-0.0164062 0.273437 1.52652E-09
0.00046875 0.0078125 1.57983E-09
0.00140625 0.0234375 1.53529E-09
0.0173437 0.289062 1.50625E-09
0.00703125 0.117188 1.48659E-09
0.0229688 0.382813 1.50667E-09
-0.00515625 0.0859375 1.50269E-09
-0.00234375 0.0390625 1.46719E-09
