0.00421875 0.0703125 3.79032E-10
-0.0182812 0.304688 3.83626E-10
-0.00421875 0.0703125 3.80418E-10
0.0117188 0.195312 3.81195E-10
-0.00421875 0.0703125 3.7857E-10
-0.0229688 0.382813 3.80923E-10
0.00890625 0.148438 3.84203E-10
0.0107812 0.179688 3.80775E-10
-0.0145312 0.242188 3.769E-10
-0.0117188 0.195312 3.73548E-10
0.00609375 0.101563 3.77834E-10
0.00234375 0.0390625 3.77642E-10
0.0210937 0.351562 3.8089E-10
0.00234375 0.0390625 3.77204E-10
-0.0154687 0.257812 3.75905E-10
-0.00984375 0.164062 3.77961E-10
-0.00703125 0.117188 3.77231E-10
-0.00609375 0.101563 3.83197E-10
0.0117188 0.195312 3.79045E-10
-0.00328125 0.0546875 3.76083E-10
-0.00609375 0.101563 3.83437E-10
0.00984375 0.164062 3.76708E-10
0.0192187 0.320312 3.77734E-10
0.00421875 0.0703125 3.84101E-10
-0.0117188 0.195312 3.78147E-10
0.0164062 0.273437 3.81497E-10
-0.0182812 0.304688 3.7873E-10
-0.00234375 0.0390625 3.83153E-10
0.00421875 0.0703125 3.84947E-10
0.00984375 0.164062 3.82855E-10
0.00421875 0.0703125 3.86681E-10
0.00796875 0.132812 3.77974E-10
0.00234375 0.0390625 3.75137E-10
-0.00609375 0.101563 3.77862E-10
-0.00703125 0.117188 3.81511E-10
0.00046875 0.0078125 3.80581E-10
0.00046875 0.0078125 3.83844E-10
-0.0126562 0.210938 3.81327E-10
-0.00046875 0.0078125 3.83111E-10
0.00984375 0.164062 3.82253E-10
-0.00140625 0.0234375 3.85695E-10
-0.00046875 0.0078125 3.7771E-10
-0.0173437 0.289062 3.80236E-10
0.00421875 0.0703125 3.76949E-10
0.0126562 0.210938 3.81763E-10
0.00421875 0.0703125 3.81755E-10
0.00515625 0.0859375 3.80877E-10
-0.00421875 0.0703125 3.8248E-10
-0.00140625 0.0234375 3.81604E-10
0.00984375 0.164062 3.78633E-10
0.0107812 0.179688 3.81372E-10
0.0117188 0.195312 3.82588E-10
-0.0154687 0.257812 3.78027E-10
0.00140625 0.0234375 3.73713E-10
0.00703125 0.117188 3.81755E-10
-0.00421875 0.0703125 3.79858E-10
-0.0154687 0.257812 3.69555E-10
-0.0220313 0.367188 3.83315E-10
0.00328125 0.0546875 3.82702E-10
-0.00796875 0.132812 3.81602E-10
-0.00140625 0.0234375 3.75659E-10
0.00609375 0.101563 3.76932E-10
-0.00609375 0.101563 3.82254E-10
0.00140625 0.0234375 3.7541E-10
0.00984375 0.164062 3.80578E-10
-0.00046875 0.0078125 3.77481E-10
0.0117188 0.195312 3.78097E-10
0.00046875 0.0078125 3.80615E-10
0.00421875 0.0703125 3.77405E-10
0.0201563 0.335938 3.78001E-10
0.00421875 0.0703125 3.72372E-10
-0.00046875 0.0078125 3.77949E-10
-0.00140625 0.0234375 3.76208E-10
-0.00328125 0.0546875 3.81898E-10
-0.00984375 0.164062 3.752E-10
0.00046875 0.0078125 3.74473E-10
-0.00984375 0.164062 3.83356E-10
-0.00234375 0.0390625 3.78037E-10
0.00515625 0.0859375 3.81399E-10
0.00984375 0.164062 3.74961E-10
0.0107812 0.179688 3.76838E-10
-0.00515625 0.0859375 3.82406E-10
-0.00046875 0.0078125 3.79361E-10
0.00421875 0.0703125 3.82115E-10
-0.00140625 0.0234375 3.83086E-10
-0.0117188 0.195312 3.75074E-10
0.00796875 0.132812 3.74453E-10
0.0135937 0.226562 3.79104E-10
-0.0164062 0.273437 3.79605E-10
0.00234375 0.0390625 3.85475E-10
0.00796875 0.132812 3.77638E-10
0.00140625 0.0234375 3.80363E-10
0.00421875 0.0703125 3.81372E-10
0.00609375 0.101563 3.86079E-10
0.0117188 0.195312 3.71424E-10
-0.00234375 0.0390625 3.84985E-10
0.0145312 0.242188 3.7429E-10
-0.00046875 0.0078125 3.73507E-10
0.00421875 0.0703125 3.82767E-10
-0.0117188 0.195312 3.78103E-10
-0.00140625 0.0234375 3.80361E-10
0.00890625 0.148438 3.80379E-10
-0.0107812 0.179688 3.77818E-10
-0.00609375 0.101563 3.81594E-10
-0.0126562 0.210938 3.84516E-10
0.00890625 0.148438 3.81252E-10
-0.00234375 0.0390625 3.83081E-10
0.00140625 0.0234375 3.83416E-10
-0.00609375 0.101563 3.7821E-10
-0.0201563 0.335938 3.72755E-10
0.00609375 0.101563 3.82174E-10
-0.0201563 0.335938 3.9051E-10
-0.00140625 0.0234375 3.75504E-10
-0.0126562 0.210938 3.87877E-10
0.00515625 0.0859375 3.7949E-10
0.00515625 0.0859375 3.76771E-10
-0.00234375 0.0390625 3.79404E-10
-0.0107812 0.179688 3.8323E-10
0.00140625 0.0234375 3.78484E-10
0.00984375 0.164062 3.86279E-10
-0.0182812 0.304688 3.75077E-10
0.00984375 0.164062 3.81853E-10
-0.00234375 0.0390625 3.81297E-10
0.0154687 0.257812 3.82055E-10
-0.00609375 0.101563 3.87255E-10
0.0145312 0.242188 3.8215E-10
-0.00328125 0.0546875 3.85453E-10
-0.00140625 0.0234375 3.81237E-10
0.00140625 0.0234375 3.79658E-10
0.00046875 0.0078125 3.82673E-10
0.0107812 0.179688 3.83902E-10
0.0107812 0.179688 3.77426E-10
-0.00796875 0.132812 3.80642E-10
-0.00703125 0.117188 3.78809E-10
0.00609375 0.101563 3.80279E-10
-0.00046875 0.0078125 3.76869E-10
0.00515625 0.0859375 3.8157E-10
0.00796875 0.132812 3.76797E-10
0.00328125 0.0546875 3.829E-10
-0.00328125 0.0546875 3.89583E-10
-0.00609375 0.101563 3.77282E-10
-0.0135937 0.226562 3.81253E-10
0.0107812 0.179688 3.70747E-10
0.00609375 0.101563 3.74784E-10
0.00796875 0.132812 3.77981E-10
0.0135937 0.226562 3.76668E-10
-0.00328125 0.0546875 3.76483E-10
0.0126562 0.210938 3.85676E-10
-0.0107812 0.179688 3.83112E-10
-0.0135937 0.226562 3.81059E-10
-0.00609375 0.101563 3.84927E-10
-0.0164062 0.273437 3.82939E-10
0.00890625 0.148438 3.83613E-10
-0.0117188 0.195312 3.80162E-10
0.00609375 0.101563 3.67557E-10
0.00046875 0.0078125 3.76712E-10
-0.00703125 0.117188 3.8217E-10
0.0107812 0.179688 3.81041E-10
-0.00234375 0.0390625 3.8047E-10
-0.00046875 0.0078125 3.83555E-10
0.00421875 0.0703125 3.84E-10
0.00703125 0.117188 3.83299E-10
-0.0135937 0.226562 3.80377E-10
0.0164062 0.273437 3.74815E-10
-0.00703125 0.117188 3.7788E-10
-0.0239062 0.398437 3.70022E-10
0.0107812 0.179688 3.703E-10
0.00328125 0.0546875 3.8257E-10
0.00234375 0.0390625 3.81533E-10
0.00140625 0.0234375 3.8338E-10
0.00328125 0.0546875 3.77181E-10
0.00796875 0.132812 3.80914E-10
0.00234375 0.0390625 3.77865E-10
0.00703125 0.117188 3.72941E-10
-0.00703125 0.117188 3.8324E-10
0.00234375 0.0390625 3.80719E-10
-0.00421875 0.0703125 3.81087E-10
0.00234375 0.0390625 3.82531E-10
-0.00796875 0.132812 3.8157E-10
-0.00234375 0.0390625 3.81706E-10
-0.0229688 0.382813 3.78518E-10
0.00609375 0.101563 3.75277E-10
-0.00234375 0.0390625 3.88864E-10
0.00796875 0.132812 3.74247E-10
-0.00234375 0.0390625 3.7772E-10
0.00703125 0.117188 3.87341E-10
0.0126562 0.210938 3.85608E-10
-0.00890625 0.148438 3.74407E-10
-0.00703125 0.117188 3.84409E-10
0.00515625 0.0859375 3.82899E-10
-0.0192187 0.320312 3.7055E-10
0.00234375 0.0390625 3.8147E-10
0.0107812 0.179688 3.79269E-10
-0.00515625 0.0859375 3.73569E-10
-0.00609375 0.101563 3.7676E-10
0.00046875 0.0078125 3.80657E-10
0.00046875 0.0078125 3.87239E-10
0.00984375 0.164062 3.77032E-10
0.0107812 0.179688 3.80168E-10
-0.00890625 0.148438 3.8182E-10
