0.00796875 0.132812 1.59097E-10
-0.0126562 0.210938 1.61282E-10
0.0117188 0.195312 1.60761E-10
0.0145312 0.242188 1.61075E-10
-0.0117188 0.195312 1.60394E-10
-0.00421875 0.0703125 1.57067E-10
0.0107812 0.179688 1.60884E-10
-0.0164062 0.273437 1.61899E-10
0.00421875 0.0703125 1.59207E-10
-0.0154687 0.257812 1.62368E-10
-0.0145312 0.242188 1.60501E-10
0.0107812 0.179688 1.60817E-10
0.00796875 0.132812 1.60761E-10
-0.0107812 0.179688 1.60913E-10
-0.00421875 0.0703125 1.56571E-10
0.00703125 0.117188 1.56761E-10
-0.0126562 0.210938 1.56949E-10
-0.00703125 0.117188 1.60471E-10
0.00703125 0.117188 1.60493E-10
0.00140625 0.0234375 1.56663E-10
0.00234375 0.0390625 1.57951E-10
0.0210937 0.351562 1.61782E-10
0.0135937 0.226562 1.61197E-10
-0.0201563 0.335938 1.60954E-10
-0.00328125 0.0546875 1.61994E-10
-0.00796875 0.132812 1.62212E-10
-0.00234375 0.0390625 1.602E-10
0.0135937 0.226562 1.58583E-10
0.0229688 0.382813 1.56494E-10
-0.00609375 0.101563 1.61301E-10
0.00234375 0.0390625 1.6121E-10
0.00421875 0.0703125 1.59106E-10
0.0117188 0.195312 1.5797E-10
0.0173437 0.289062 1.59263E-10
-0.0135937 0.226562 1.62099E-10
0.00328125 0.0546875 1.58456E-10
-0.00515625 0.0859375 1.62002E-10
0.00328125 0.0546875 1.60412E-10
0.00046875 0.0078125 1.62426E-10
-0.00421875 0.0703125 1.59791E-10
0.00046875 0.0078125 1.56752E-10
-0.0220313 0.367188 1.58017E-10
0.0201563 0.335938 1.61018E-10
-0.0182812 0.304688 1.57771E-10
0.0145312 0.242188 1.6092E-10
0.0117188 0.195312 1.61319E-10
0.0164062 0.273437 1.60067E-10
0.0192187 0.320312 1.61278E-10
-0.00515625 0.0859375 1.6218E-10
-0.00609375 0.101563 1.60354E-10
0.00515625 0.0859375 1.56772E-10
0.0117188 0.195312 1.59039E-10
0.00515625 0.0859375 1.56292E-10
0.00421875 0.0703125 1.56981E-10
-0.00046875 0.0078125 1.5787E-10
-0.00421875 0.0703125 1.62863E-10
-0.00515625 0.0859375 1.61312E-10
-0.0164062 0.273437 1.5928E-10
0.00609375 0.101563 1.62145E-10
0.0126562 0.210938 1.57907E-10
-0.00984375 0.164062 1.6116E-10
-0.00421875 0.0703125 1.61734E-10
-0.0107812 0.179688 1.61202E-10
-0.00421875 0.0703125 1.61586E-10
-0.00890625 0.148438 1.58441E-10
-0.0107812 0.179688 1.58777E-10
0.00703125 0.117188 1.63548E-10
-0.00984375 0.164062 1.62357E-10
0.00796875 0.132812 1.57844E-10
-0.0135937 0.226562 1.61336E-10
0.00984375 0.164062 1.61106E-10
0.00796875 0.132812 1.57589E-10
-0.0192187 0.320312 1.61039E-10
0.00515625 0.0859375 1.60496E-10
0.0126562 0.210938 1.60714E-10
0.00421875 0.0703125 1.6068E-10
0.00609375 0.101563 1.57114E-10
0.00046875 0.0078125 1.59518E-10
-0.00984375 0.164062 1.56776E-10
-0.00890625 0.148438 1.57357E-10
0.00328125 0.0546875 1.56836E-10
0.0107812 0.179688 1.60952E-10
0.00609375 0.101563 1.62559E-10
-0.00515625 0.0859375 1.60453E-10
-0.0154687 0.257812 1.60417E-10
-0.00796875 0.132812 1.59729E-10
-0.0173437 0.289062 1.57691E-10
0.00703125 0.117188 1.62043E-10
0.00609375 0.101563 1.59886E-10
-0.00234375 0.0390625 1.62496E-10
0.00234375 0.0390625 1.58045E-10
0.00890625 0.148438 1.59749E-10
-0.00703125 0.117188 1.6314E-10
0.00984375 0.164062 1.60995E-10
0.00234375 0.0390625 1.60094E-10
0.00234375 0.0390625 1.57394E-10
-0.00515625 0.0859375 1.5814E-10
-0.00328125 0.0546875 1.57499E-10
0.00890625 0.148438 1.57973E-10
0.00984375 0.164062 1.57106E-10
0.00140625 0.0234375 1.58331E-10
0.00796875 0.132812 1.60277E-10
-0.00046875 0.0078125 1.6086E-10
0.00234375 0.0390625 1.60635E-10
0.0126562 0.210938 1.61495E-10
0.00703125 0.117188 1.60024E-10
0.00890625 0.148438 1.58051E-10
-0.00421875 0.0703125 1.603E-10
0.00046875 0.0078125 1.60727E-10
0.0107812 0.179688 1.61649E-10
-0.00609375 0.101563 1.62714E-10
0.00609375 0.101563 1.62214E-10
0.0126562 0.210938 1.59514E-10
0.00796875 0.132812 1.61172E-10
-0.00046875 0.0078125 1.57806E-10
-0.00609375 0.101563 1.60973E-10
0.00890625 0.148438 1.5788E-10
-0.00703125 0.117188 1.62126E-10
-0.00421875 0.0703125 1.6137E-10
0.00890625 0.148438 1.60671E-10
0.00890625 0.148438 1.59769E-10
-0.00046875 0.0078125 1.60177E-10
0.0173437 0.289062 1.62238E-10
-0.00890625 0.148438 1.61186E-10
0.00234375 0.0390625 1.61089E-10
-0.0117188 0.195312 1.61371E-10
0.0126562 0.210938 1.57298E-10
0.00328125 0.0546875 1.60934E-10
0.0229688 0.382813 1.58309E-10
0.0154687 0.257812 1.58278E-10
-0.0220313 0.367188 1.60814E-10
-0.00984375 0.164062 1.60328E-10
-0.00046875 0.0078125 1.61598E-10
0.0182812 0.304688 1.61061E-10
0.00421875 0.0703125 1.61284E-10
0.00890625 0.148438 1.58053E-10
0.00046875 0.0078125 1.62062E-10
-0.00421875 0.0703125 1.62424E-10
-0.00890625 0.148438 1.60052E-10
-0.00796875 0.132812 1.62318E-10
-0.00328125 0.0546875 1.61059E-10
0.0107812 0.179688 1.60634E-10
-0.0117188 0.195312 1.60537E-10
0.00421875 0.0703125 1.61128E-10
0.00703125 0.117188 1.58481E-10
-0.00515625 0.0859375 1.61946E-10
-0.00140625 0.0234375 1.57326E-10
0.0135937 0.226562 1.62658E-10
-0.00609375 0.101563 1.61258E-10
-0.00140625 0.0234375 1.57819E-10
-0.00984375 0.164062 1.57219E-10
-0.00328125 0.0546875 1.58747E-10
0.0117188 0.195312 1.60673E-10
0.0135937 0.226562 1.62098E-10
-0.00984375 0.164062 1.62231E-10
0.00234375 0.0390625 1.57651E-10
-0.00703125 0.117188 1.58276E-10
-0.0164062 0.273437 1.61505E-10
-0.00890625 0.148438 1.62072E-10
0.0145312 0.242188 1.60874E-10
0.00234375 0.0390625 1.60422E-10
-0.0107812 0.179688 1.61528E-10
-0.00890625 0.148438 1.61046E-10
-0.0192187 0.320312 1.57947E-10
-0.0229688 0.382813 1.57191E-10
0.0182812 0.304688 1.61739E-10
0.00328125 0.0546875 1.60355E-10
-0.00046875 0.0078125 1.61608E-10
0.00140625 0.0234375 1.57562E-10
-0.0135937 0.226562 1.63093E-10
0.0267187 0.445312 1.58069E-10
0.00796875 0.132812 1.61976E-10
-0.00328125 0.0546875 1.61875E-10
0.00609375 0.101563 1.59701E-10
0.00328125 0.0546875 1.59769E-10
-0.00609375 0.101563 1.57769E-10
-0.00609375 0.101563 1.61963E-10
-0.0182812 0.304688 1.6104E-10
0.00328125 0.0546875 1.57807E-10
-0.00796875 0.132812 1.57648E-10
-0.00234375 0.0390625 1.60317E-10
0.00703125 0.117188 1.60825E-10
0.00046875 0.0078125 1.61362E-10
0.00234375 0.0390625 1.58854E-10
-0.0201563 0.335938 1.56647E-10
-0.00140625 0.0234375 1.62706E-10
-0.00796875 0.132812 1.60915E-10
0.00609375 0.101563 1.62517E-10
-0.00609375 0.101563 1.61063E-10
0.0248437 0.414062 1.60823E-10
0.00703125 0.117188 1.61031E-10
-0.00609375 0.101563 1.58227E-10
0.0257812 0.429688 1.57179E-10
-0.00046875 0.0078125 1.60759E-10
-0.0164062 0.273437 1.56828E-10
0.0210937 0.351562 1.55717E-10
0.00890625 0.148438 1.60401E-10
0.00421875 0.0703125 1.59709E-10
-0.00046875 0.0078125 1.61845E-10
-0.0145312 0.242188 1.57599E-10
