0.0201563 0.335938 2.06462E-10
0.00703125 0.117188 2.05207E-10
-0.0285937 0.476562 2.05128E-10
-0.0107812 0.179688 2.04719E-10
-0.00890625 0.148438 2.03292E-10
-0.00046875 0.0078125 2.03311E-10
0.0126562 0.210938 2.03531E-10
0.0107812 0.179688 2.043E-10
-0.00984375 0.164062 2.07071E-10
0.00984375 0.164062 2.02773E-10
-0.00234375 0.0390625 2.03715E-10
-0.0304687 0.507812 2.0318E-10
-0.00140625 0.0234375 2.02999E-10
-0.00984375 0.164062 2.04652E-10
0.00609375 0.101563 2.04985E-10
0.0117188 0.195312 2.05312E-10
-0.0182812 0.304688 2.04478E-10
0.00796875 0.132812 2.0399E-10
-0.0107812 0.179688 2.07511E-10
-0.00421875 0.0703125 2.03945E-10
-0.0117188 0.195312 2.04937E-10
0.00234375 0.0390625 2.03466E-10
0.00515625 0.0859375 2.04292E-10
0.00140625 0.0234375 2.03257E-10
-0.00140625 0.0234375 2.04627E-10
-0.00890625 0.148438 2.02203E-10
-0.00609375 0.101563 2.07013E-10
0.00609375 0.101563 2.04331E-10
0.00234375 0.0390625 2.03309E-10
0.00890625 0.148438 2.05509E-10
-0.00046875 0.0078125 2.09589E-10
0.00703125 0.117188 2.03252E-10
0.00703125 0.117188 2.05919E-10
-0.00046875 0.0078125 2.03122E-10
0.0107812 0.179688 2.03415E-10
-0.0126562 0.210938 2.04006E-10
0.0126562 0.210938 2.05266E-10
-0.0257812 0.429688 2.05785E-10
0.00046875 0.0078125 2.03384E-10
0.00703125 0.117188 2.0301E-10
-0.00234375 0.0390625 2.03688E-10
-0.00234375 0.0390625 2.03772E-10
-0.00234375 0.0390625 2.03305E-10
0.00046875 0.0078125 2.05468E-10
-0.00515625 0.0859375 2.02691E-10
-0.00140625 0.0234375 2.05684E-10
-0.0182812 0.304688 2.06236E-10
-0.00515625 0.0859375 2.06012E-10
-0.00046875 0.0078125 2.06371E-10
0.00328125 0.0546875 2.05633E-10
-0.0117188 0.195312 2.04124E-10
0.00421875 0.0703125 2.02625E-10
0.00046875 0.0078125 2.0372E-10
0.00234375 0.0390625 2.02613E-10
-0.0107812 0.179688 2.05336E-10
0.00703125 0.117188 2.05933E-10
-0.00328125 0.0546875 2.01985E-10
0.00890625 0.148438 2.06424E-10
-0.0220313 0.367188 2.05502E-10
-0.00234375 0.0390625 2.04699E-10
0.0107812 0.179688 2.01564E-10
0.00703125 0.117188 2.0263E-10
-0.00796875 0.132812 2.04491E-10
-0.00890625 0.148438 2.05779E-10
0.00609375 0.101563 2.04728E-10
-0.0107812 0.179688 2.05907E-10
0.0210937 0.351562 2.053E-10
0.00984375 0.164062 2.03254E-10
0.00140625 0.0234375 2.07182E-10
0.00515625 0.0859375 2.06723E-10
-0.00140625 0.0234375 2.0546E-10
0.00140625 0.0234375 2.04869E-10
-0.00234375 0.0390625 2.05965E-10
-0.00515625 0.0859375 2.03171E-10
-0.00328125 0.0546875 2.02685E-10
0.00609375 0.101563 2.038E-10
0.0285937 0.476562 2.03186E-10
0.00984375 0.164062 2.02442E-10
-0.00046875 0.0078125 2.05924E-10
-0.00328125 0.0546875 2.07059E-10
-0.00796875 0.132812 2.03356E-10
0.0220313 0.367188 2.03781E-10
-0.0107812 0.179688 2.02998E-10
0.0173437 0.289062 2.05319E-10
-0.00890625 0.148438 2.02207E-10
-0.0210937 0.351562 2.0584E-10
-0.00984375 0.164062 2.04041E-10
0.00984375 0.164062 2.03089E-10
0.00234375 0.0390625 2.03029E-10
-0.0154687 0.257812 2.0361E-10
0.00234375 0.0390625 2.03739E-10
-0.00703125 0.117188 2.01894E-10
0.00234375 0.0390625 2.05372E-10
-0.00046875 0.0078125 2.04019E-10
-0.0107812 0.179688 2.06015E-10
0.00984375 0.164062 2.04634E-10
-0.00234375 0.0390625 2.06948E-10
-0.00046875 0.0078125 2.05228E-10
0.0173437 0.289062 2.04364E-10
0.00796875 0.132812 2.04383E-10
0.0135937 0.226562 2.02439E-10
-0.0154687 0.257812 2.05403E-10
0.00234375 0.0390625 2.05543E-10
0.00609375 0.101563 2.03083E-10
0.00984375 0.164062 2.0364E-10
-0.00984375 0.164062 2.03717E-10
-0.00703125 0.117188 2.05003E-10
0.00046875 0.0078125 2.05935E-10
0.0210937 0.351562 2.04761E-10
-0.00796875 0.132812 2.03597E-10
-0.0173437 0.289062 2.04185E-10
-0.0126562 0.210938 2.04084E-10
0.00609375 0.101563 2.04672E-10
-0.0135937 0.226562 2.02857E-10
-0.00140625 0.0234375 2.02802E-10
0.00609375 0.101563 2.03371E-10
-0.00234375 0.0390625 2.03127E-10
0.00515625 0.0859375 2.0364E-10
-0.0154687 0.257812 2.02719E-10
0.00703125 0.117188 2.02783E-10
-0.00609375 0.101563 2.03759E-10
0.0210937 0.351562 2.04384E-10
0.0145312 0.242188 2.0334E-10
-0.00703125 0.117188 2.05979E-10
-0.0135937 0.226562 2.03408E-10
-0.0220313 0.367188 2.04637E-10
0.00421875 0.0703125 2.0607E-10
-0.00515625 0.0859375 2.05247E-10
-0.00234375 0.0390625 2.04976E-10
-0.00796875 0.132812 2.0369E-10
0.0135937 0.226562 2.05993E-10
0.00328125 0.0546875 2.05697E-10
0.00140625 0.0234375 2.0568E-10
-0.0173437 0.289062 2.03593E-10
-0.00515625 0.0859375 2.02091E-10
-0.00328125 0.0546875 2.03774E-10
0.00328125 0.0546875 2.0605E-10
0.00140625 0.0234375 2.02871E-10
-0.00234375 0.0390625 2.03666E-10
0.0267187 0.445312 2.03636E-10
0.00234375 0.0390625 2.03403E-10
-0.00328125 0.0546875 2.05084E-10
0.00890625 0.148438 2.06778E-10
-0.00890625 0.148438 2.05156E-10
0.00234375 0.0390625 2.05601E-10
0.0154687 0.257812 2.06626E-10
-0.00046875 0.0078125 2.04501E-10
0.00890625 0.148438 2.04968E-10
0.00046875 0.0078125 2.02431E-10
0.00234375 0.0390625 2.05621E-10
-0.0145312 0.242188 2.06229E-10
-0.00328125 0.0546875 2.06076E-10
-0.00046875 0.0078125 2.0212E-10
-0.00703125 0.117188 2.03788E-10
-0.0239062 0.398437 2.06456E-10
0.00046875 0.0078125 2.03919E-10
0.00234375 0.0390625 2.05712E-10
-0.0182812 0.304688 2.06126E-10
-0.00421875 0.0703125 2.03395E-10
0.0126562 0.210938 2.08683E-10
0.0126562 0.210938 2.06025E-10
-0.00234375 0.0390625 2.07119E-10
-0.00515625 0.0859375 2.03878E-10
-0.00328125 0.0546875 1.99305E-10
-0.00796875 0.132812 2.05421E-10
-0.00609375 0.101563 2.05223E-10
0.0201563 0.335938 2.05475E-10
0.00703125 0.117188 2.05616E-10
-0.0145312 0.242188 2.04121E-10
-0.00046875 0.0078125 2.04049E-10
0.00234375 0.0390625 2.05134E-10
0.00515625 0.0859375 2.06559E-10
-0.0135937 0.226562 2.03161E-10
-0.00515625 0.0859375 2.0198E-10
-0.0210937 0.351562 2.03115E-10
-0.00046875 0.0078125 2.0453E-10
-0.0107812 0.179688 2.03797E-10
-0.0126562 0.210938 2.06062E-10
-0.00140625 0.0234375 2.05462E-10
0.00328125 0.0546875 2.09341E-10
0.00421875 0.0703125 2.04811E-10
-0.00328125 0.0546875 2.06067E-10
-0.00234375 0.0390625 2.04354E-10
-0.00234375 0.0390625 2.03304E-10
-0.0135937 0.226562 2.10347E-10
-0.00421875 0.0703125 2.04599E-10
-0.00234375 0.0390625 2.0362E-10
-0.00796875 0.132812 2.07486E-10
-0.0117188 0.195312 2.05544E-10
0.00703125 0.117188 2.03315E-10
0.0135937 0.226562 2.04467E-10
-0.00328125 0.0546875 2.05365E-10
0.0126562 0.210938 2.10011E-10
0.00890625 0.148438 2.07306E-10
0.00796875 0.132812 2.03871E-10
-0.00328125 0.0546875 2.0518E-10
0.00046875 0.0078125 2.02301E-10
-0.00703125 0.117188 2.04464E-10
0.00328125 0.0546875 2.07918E-10
0.00796875 0.132812 2.04255E-10
