0.00353761 0.0589601 7.91266E-10
-0.00378663 0.0631104 8.03291E-10
0.00668701 0.11145 8.03407E-10
0.0104662 0.174437 8.51602E-10
0.00419677 0.0699463 8.12371E-10
0.0102466 0.170777 8.21915E-10
0.00383058 0.0638429 8.21386E-10
0.000270996 0.00451661 7.84701E-10
-0.0102173 0.170288 7.74757E-10
-8.05667E-05 0.00134278 7.64469E-10
0.00286376 0.0477294 7.86237E-10
-0.00388916 0.0648194 7.75401E-10
0.000681153 0.0113526 8.01937E-10
-0.0050464 0.0841066 8.0326E-10
0.000827638 0.013794 8.21033E-10
0.00922119 0.153687 7.7475E-10
-0.00135498 0.0225831 7.84807E-10
-0.00572021 0.0953369 8.15475E-10
-0.00760987 0.126831 7.6449E-10
-0.00355225 0.0592042 7.83028E-10
0.00995359 0.165893 7.92307E-10
-0.00613038 0.102173 7.68561E-10
-0.00377197 0.0628662 8.03338E-10
-0.00604249 0.100708 8.02608E-10
-0.0067456 0.112427 7.75784E-10
0.00752198 0.125366 8.23502E-10
0.000139161 0.00231935 7.65814E-10
0.00246826 0.0411377 8.22551E-10
-0.00161865 0.0269775 8.05083E-10
-0.00229249 0.0382081 7.84782E-10
-0.00147217 0.0245361 7.94859E-10
0.00347901 0.0579834 8.1512E-10
-0.00163329 0.0272216 8.12485E-10
0.00122315 0.0203858 7.59044E-10
0.00569092 0.0948486 7.95003E-10
0.000930176 0.0155029 7.84779E-10
0.00257079 0.0428466 8.22176E-10
0.0090747 0.151245 8.03418E-10
0.00557372 0.0928954 7.91971E-10
-0.0067749 0.112915 7.9205E-10
0.000842286 0.0140381 8.12072E-10
0.00881103 0.146851 8.02573E-10
-0.00191162 0.0318603 7.94902E-10
-0.00214601 0.0357668 8.1129E-10
-0.00371339 0.0618898 7.84736E-10
-0.00116455 0.0194092 8.05098E-10
0.00273194 0.0455323 7.74897E-10
0.00875243 0.145874 8.12212E-10
0.00564698 0.0941163 7.74555E-10
0.00920655 0.153442 7.71514E-10
0.00884032 0.147339 7.94863E-10
-0.00153076 0.0255128 8.0512E-10
-0.00979248 0.163208 8.22212E-10
0.00273194 0.0455323 8.15095E-10
0.0062622 0.10437 7.8472E-10
-0.00189697 0.0316162 7.94858E-10
-0.00292237 0.0487061 8.02013E-10
-0.00485597 0.0809328 8.01919E-10
-0.00270264 0.0450439 8.03269E-10
0.00750733 0.125122 8.03375E-10
-0.004021 0.0670166 7.75055E-10
-0.00689209 0.114868 7.90793E-10
-0.00891357 0.14856 7.76508E-10
0.00960205 0.160034 7.84808E-10
-0.00131103 0.0218506 8.22147E-10
0.00292237 0.0487061 7.9495E-10
0.0112573 0.187622 7.67504E-10
0.00154541 0.0257568 7.91598E-10
-0.00267333 0.0445556 8.04998E-10
-0.010935 0.18225 7.95053E-10
-0.00369873 0.0616456 7.82845E-10
-0.00179444 0.0299073 7.84773E-10
0.00246826 0.0411377 7.94851E-10
0.00380127 0.0633546 7.76971E-10
-0.00697999 0.116333 8.05159E-10
-0.0036255 0.060425 7.92092E-10
-0.000388184 0.00646973 8.21624E-10
0.00462159 0.0770264 8.05145E-10
-0.00356691 0.0594484 8.13479E-10
0.00615967 0.102661 7.65356E-10
0.00311279 0.0518799 7.84679E-10
0.00347901 0.0579834 7.94897E-10
0.0110082 0.183471 8.1511E-10
-0.00885498 0.147583 7.76292E-10
-0.00161865 0.0269775 7.84819E-10
-0.00202881 0.0338136 7.76794E-10
0.000666505 0.0111084 8.12236E-10
0.00167724 0.0279541 7.85858E-10
0.00368409 0.0614015 7.82052E-10
-0.00381592 0.0635987 7.75541E-10
0.00205812 0.0343019 7.9247E-10
0.00733155 0.122193 7.8475E-10
-0.00153076 0.0255128 7.85893E-10
0.00513429 0.0855714 8.22681E-10
-0.00216065 0.0360108 7.75477E-10
-0.00273194 0.0455323 8.03411E-10
0.00158936 0.0264893 7.84845E-10
-0.000314942 0.00524903 7.94881E-10
0.0026294 0.0438233 8.1336E-10
-0.00182373 0.0303956 7.91128E-10
-0.000842286 0.0140381 7.84719E-10
0.015227 0.253784 8.12056E-10
-0.00287842 0.0479736 8.01769E-10
0.00892822 0.148804 8.01115E-10
-0.010144 0.169067 7.74616E-10
-0.00579347 0.0965578 7.74644E-10
-0.00443115 0.0738526 7.64491E-10
0.00277588 0.0462646 7.88639E-10
-0.00752198 0.125366 7.84678E-10
-0.00516358 0.0860596 8.11248E-10
-0.00352296 0.0587159 7.82083E-10
-0.000681153 0.0113526 8.03493E-10
0.00629151 0.104858 8.12409E-10
0.00988037 0.164673 8.12373E-10
-0.000446778 0.0074463 8.11805E-10
0.00052002 0.008667 7.84791E-10
-0.00591064 0.0985108 7.81604E-10
-0.0011792 0.0196533 8.05118E-10
0.0096167 0.160278 7.93172E-10
-0.000900879 0.0150147 7.84797E-10
-0.00186768 0.0311279 7.95155E-10
0.00651124 0.108521 7.82858E-10
0.00446046 0.0743409 7.66152E-10
0.00844482 0.140747 7.91432E-10
-0.00167724 0.0279541 8.02498E-10
-0.00245362 0.0408937 8.22606E-10
0.00383058 0.0638429 7.82999E-10
0.0025122 0.0418701 8.0182E-10
0.00283447 0.0472412 7.83024E-10
0.00873779 0.14563 7.74573E-10
0.00421142 0.0701904 8.30402E-10
-0.00406495 0.0677491 7.84815E-10
0.00812255 0.135376 8.01675E-10
0.0063501 0.105835 7.84718E-10
-0.0066577 0.110962 7.96583E-10
0.00724365 0.120728 7.84638E-10
0.00952881 0.158813 7.74595E-10
0.000783692 0.0130615 7.94874E-10
0.00574952 0.0958253 7.68584E-10
0.00733155 0.122193 7.81951E-10
0.00526611 0.0877685 7.54301E-10
0.00331788 0.0552979 7.54191E-10
-0.0125317 0.208862 7.9327E-10
-0.000695801 0.0115967 7.93062E-10
0.0139526 0.232543 7.93164E-10
0.018391 0.306517 8.02529E-10
0.0035962 0.0599367 8.12081E-10
-0.00476807 0.0794678 7.9495E-10
-0.00180909 0.0301514 7.9183E-10
0.000139161 0.00231935 7.85584E-10
0.00747804 0.124634 8.1194E-10
0.00242432 0.0404054 7.94987E-10
-0.000124513 0.00207521 8.0141E-10
0.00712648 0.118775 8.05114E-10
0.00963134 0.160522 8.13532E-10
0.00797607 0.132935 8.02299E-10
-0.00179444 0.0299073 7.74674E-10
0.0135717 0.226195 8.03286E-10
-0.000285645 0.00476075 7.94939E-10
-0.0166039 0.276732 7.91927E-10
0.000168458 0.00280763 7.6777E-10
0.00645264 0.107544 7.64391E-10
0.0152856 0.25476 8.01284E-10
0.00243897 0.0406496 7.92057E-10
0.000358888 0.00598146 7.76312E-10
0.0072583 0.120972 7.74501E-10
0.000373536 0.0062256 7.91992E-10
0.0163256 0.272093 7.82221E-10
0.0058667 0.0977783 8.1178E-10
0.0161353 0.268922 7.92161E-10
-0.00413818 0.0689697 7.84966E-10
0.00126709 0.0211181 7.84824E-10
0.00393312 0.0655519 7.9116E-10
-0.00267333 0.0445556 7.79024E-10
0.000344239 0.00573732 8.22528E-10
-0.00481202 0.0802003 8.12153E-10
0.00435792 0.0726319 7.94878E-10
-0.0025122 0.0418701 7.84751E-10
0.0054419 0.0906983 7.70951E-10
-0.0110815 0.184692 7.93279E-10
-0.00988037 0.164673 7.74608E-10
0.00107666 0.0179443 7.9201E-10
0.0117407 0.195678 7.54357E-10
-0.00107666 0.0179443 7.82321E-10
-0.00318604 0.0531006 7.68516E-10
-0.000153809 0.00256348 7.96351E-10
0.0016626 0.0277099 8.05118E-10
-0.00911865 0.151977 8.15092E-10
0.00257079 0.0428466 8.01728E-10
0.0274146 0.45691 7.84815E-10
0.00418213 0.0697022 7.8479E-10
-0.00432862 0.0721436 8.01528E-10
-0.000124513 0.00207521 8.02447E-10
0.00451906 0.0753176 7.72768E-10
0.00516358 0.0860596 7.94968E-10
-0.00731691 0.121948 7.94992E-10
0.000227051 0.00378418 8.05055E-10
0.00866454 0.144409 8.05409E-10
0.0021167 0.0352784 7.95231E-10
-0.00290771 0.0484619 8.01766E-10
