-0.00131103 0.0218506 2.08489E-10
0.00815185 0.135864 2.04442E-10
-0.026272 0.437867 2.07182E-10
-0.00328858 0.0548096 2.05674E-10
-0.0137036 0.228393 2.05056E-10
0.000153809 0.00256348 2.05165E-10
0.000549317 0.00915528 2.0467E-10
-0.0035083 0.0584717 2.07428E-10
-0.0104955 0.174925 2.05166E-10
0.00802002 0.133667 2.0707E-10
0.00758057 0.126343 2.03298E-10
0.00484132 0.0806886 2.08844E-10
-0.00892822 0.148804 2.05151E-10
-0.00120849 0.0201416 2.05185E-10
-0.00292237 0.0487061 2.053E-10
0.00602784 0.100464 2.07062E-10
-0.00334717 0.0557863 2.05026E-10
0.00365479 0.0609132 2.0526E-10
0.00580811 0.0968019 2.05139E-10
-0.00451906 0.0753176 2.04894E-10
0.000944824 0.0157471 2.05047E-10
0.00749268 0.124878 2.05873E-10
0.000300294 0.00500489 2.05226E-10
-0.00156005 0.0260009 2.05652E-10
-0.00277588 0.0462646 2.04446E-10
-0.00689209 0.114868 2.07922E-10
-0.00173584 0.0289306 2.04916E-10
0.00114991 0.0191651 2.05815E-10
0.00498779 0.0831299 2.02002E-10
-0.00207276 0.0345461 2.05811E-10
0.0099243 0.165405 2.10617E-10
-0.00662842 0.110474 2.04972E-10
-0.000285645 0.00476075 2.05227E-10
-0.00119385 0.0198974 2.03032E-10
-0.00986572 0.164429 2.08309E-10
-0.000256348 0.00427247 2.05417E-10
-0.0112866 0.188111 2.04877E-10
-0.00135498 0.0225831 2.06903E-10
0.00448975 0.0748292 2.06749E-10
-0.00550049 0.0916748 2.05105E-10
0.00043213 0.00720217 2.07496E-10
0.0030542 0.0509034 2.04208E-10
-0.00380127 0.0633546 2.05579E-10
-0.0129858 0.21643 2.04355E-10
0.00218994 0.0364991 2.07152E-10
-0.00182373 0.0303956 2.05282E-10
0.00517822 0.0863037 2.04893E-10
-0.00242432 0.0404054 2.05166E-10
-0.0100561 0.167602 2.05301E-10
0.00429931 0.0716553 2.03236E-10
0.0073755 0.122925 2.05529E-10
-0.00917725 0.152954 2.04636E-10
0.0096167 0.160278 2.0532E-10
-0.00676024 0.112671 2.07513E-10
-0.00469482 0.0782471 2.13147E-10
0.00637941 0.106323 2.0508E-10
0.00645264 0.107544 2.09242E-10
-0.0125023 0.208372 2.04601E-10
0.00230713 0.0384522 2.0537E-10
0.00268799 0.0447998 2.04251E-10
-0.00617431 0.102905 2.05837E-10
0.000930176 0.0155029 2.04723E-10
-0.00598389 0.0997314 2.05453E-10
-0.00218994 0.0364991 2.05236E-10
-0.00860596 0.143433 2.10138E-10
-0.00617431 0.102905 2.0514E-10
0.00684814 0.114136 2.06561E-10
-0.00141357 0.0235596 2.07133E-10
-0.00514893 0.0858155 2.05162E-10
-0.00627685 0.104614 2.0515E-10
-0.00179444 0.0299073 2.08652E-10
-0.00226319 0.0377198 2.02462E-10
0.00202881 0.0338136 2.05043E-10
0.00709717 0.118286 2.04931E-10
0.0139965 0.233276 2.08083E-10
0.000139161 0.00231935 2.04761E-10
0.0154614 0.25769 2.04984E-10
-0.00753662 0.12561 2.05493E-10
-0.0105395 0.175658 2.07264E-10
-0.000300294 0.00500489 2.06113E-10
-0.00781495 0.130249 2.032E-10
-0.00238038 0.0396729 2.03636E-10
-0.00407959 0.0679932 2.05452E-10
0.00157471 0.0262451 2.0486E-10
-0.00536865 0.0894775 2.0545E-10
0.00680419 0.113403 2.03994E-10
-0.0116675 0.194459 2.12166E-10
-0.00829834 0.138306 2.04998E-10
0.00690674 0.115112 2.08688E-10
0.004021 0.0670166 2.05226E-10
0.00699463 0.116577 2.04741E-10
0.00079834 0.0133057 2.05557E-10
-0.000769043 0.0128174 2.04964E-10
-0.00163329 0.0272216 2.05319E-10
0.00640871 0.106812 2.05854E-10
-0.00226319 0.0377198 2.0533E-10
-0.00249756 0.0416259 2.05102E-10
-0.000344239 0.00573732 2.05006E-10
0.000783692 0.0130615 2.05329E-10
0.00138428 0.0230713 2.04922E-10
-0.0113305 0.188842 2.02469E-10
0.00766846 0.127808 2.06092E-10
-0.0016919 0.0281983 2.07748E-10
-0.0147876 0.246459 2.08316E-10
-0.0124291 0.207152 2.05333E-10
-0.0130297 0.217163 2.06117E-10
0.00374268 0.062378 2.03071E-10
0.013103 0.218383 2.0593E-10
-0.00217529 0.0362549 2.05434E-10
0.00333253 0.0555421 2.05687E-10
0.000373536 0.0062256 2.13112E-10
0.00306886 0.0511476 2.08782E-10
-0.0118432 0.197387 2.07539E-10
-0.000930176 0.0155029 2.04953E-10
0.0062622 0.10437 2.04376E-10
0.00296631 0.0494386 2.06318E-10
-0.00788818 0.13147 2.05905E-10
0.0045337 0.0755617 2.05459E-10
-0.00226319 0.0377198 2.06293E-10
0.00126709 0.0211181 2.05432E-10
0.0207495 0.345825 2.05793E-10
0.00154541 0.0257568 2.0445E-10
-0.00330322 0.0550537 2.06241E-10
0.00393312 0.0655519 2.05155E-10
-0.00618897 0.103149 2.05465E-10
0.00315674 0.0526123 2.04935E-10
0.0026001 0.0433349 2.03283E-10
-0.00249756 0.0416259 2.03916E-10
0.00618897 0.103149 2.05592E-10
0.00977783 0.162964 2.05801E-10
0.0134985 0.224975 2.04784E-10
0.00772705 0.128784 2.05703E-10
-0.00782959 0.130493 2.02733E-10
0.00107666 0.0179443 2.06888E-10
-0.000505372 0.00842286 2.05533E-10
0.00702393 0.117066 2.05063E-10
-0.00476807 0.0794678 2.04853E-10
0.00167724 0.0279541 2.05096E-10
0.00334717 0.0557863 2.06199E-10
0.0117699 0.196166 2.05096E-10
-0.00696533 0.116089 2.04673E-10
0.00454836 0.0758059 2.05345E-10
-0.005896 0.0982666 2.06302E-10
0.00649659 0.108276 2.05232E-10
-0.00119385 0.0198974 2.04109E-10
0.0126049 0.210082 2.04243E-10
0.0146264 0.243773 2.04764E-10
-0.00500245 0.0833741 2.04956E-10
-0.00678955 0.113159 2.04762E-10
0.00427003 0.0711671 2.05615E-10
-0.00380127 0.0633546 2.05462E-10
-0.0129126 0.21521 2.05821E-10
0.00104737 0.0174561 2.07391E-10
-0.0124877 0.208128 2.05306E-10
-0.000212403 0.00354005 2.05226E-10
0.0074048 0.123413 2.04878E-10
0.0136156 0.226928 2.05251E-10
0.00274659 0.0457764 2.05899E-10
0.00857665 0.142944 2.05108E-10
0.00702393 0.117066 2.05624E-10
5.12697E-05 0.000854496 2.0626E-10
-0.00224854 0.0374756 2.06156E-10
-0.0081079 0.135132 2.05042E-10
-0.0124145 0.206908 2.05196E-10
-0.0096167 0.160278 2.05765E-10
-0.00236572 0.0394287 2.05759E-10
-0.0146264 0.243773 2.03988E-10
0.00377197 0.0628662 2.08325E-10
-0.0120629 0.201049 2.03619E-10
-0.00432862 0.0721436 2.05309E-10
-0.0141137 0.235228 2.04692E-10
-0.00227783 0.0379639 2.04639E-10
-0.00139893 0.0233154 2.05285E-10
-0.000974122 0.0162354 2.04783E-10
0.0150366 0.250611 2.05147E-10
-0.0115503 0.192505 2.07471E-10
0.00384522 0.064087 2.04635E-10
-0.0144799 0.241332 2.05178E-10
-0.00739014 0.123169 2.05974E-10
0.00172119 0.0286864 2.0892E-10
-0.000388184 0.00646973 2.05678E-10
-0.00670165 0.111694 2.05503E-10
0.00235108 0.0391846 2.05941E-10
0.000959473 0.0159912 2.10163E-10
-0.00136964 0.0228273 2.043E-10
-0.00293702 0.0489503 2.04808E-10
-0.0123998 0.206663 2.12697E-10
0.00727296 0.121216 2.06036E-10
0.00478271 0.0797119 2.08779E-10
0.00208742 0.0347903 2.12179E-10
0.00645264 0.107544 2.11917E-10
0.00384522 0.064087 2.06461E-10
-0.00298097 0.0496828 2.02466E-10
-0.00550049 0.0916748 2.05553E-10
0.013601 0.226683 2.03208E-10
0.0122827 0.204712 2.05388E-10
-0.00309815 0.0516358 2.06559E-10
0.00951416 0.158569 2.06735E-10
0.00191162 0.0318603 2.0703E-10
-0.00722901 0.120484 2.05022E-10
