0.0010913 0.0181884 8.98852E-11
-0.00249756 0.0416259 8.76351E-11
-0.00406495 0.0677491 8.97811E-11
-0.0106859 0.178099 9.01751E-11
0.000607911 0.0101319 8.86406E-11
0.00901611 0.150269 8.98907E-11
0.00444581 0.0740968 8.78482E-11
-0.000637208 0.0106201 8.73562E-11
0.00576416 0.0960694 8.99745E-11
0.00752198 0.125366 8.843E-11
0.00128173 0.0213622 8.97639E-11
0.0145238 0.242064 8.97468E-11
0.00156005 0.0260009 8.88693E-11
0.00161865 0.0269775 9.02437E-11
-0.0111547 0.185913 8.9947E-11
-0.0253344 0.42224 8.91045E-11
-0.0036255 0.060425 8.83946E-11
0.00302491 0.0504153 8.94191E-11
0.00951416 0.158569 8.84247E-11
0.00116455 0.0194092 8.96534E-11
0.00495851 0.0826417 8.8028E-11
-0.0117699 0.196166 8.74712E-11
0.00132569 0.0220948 8.84991E-11
-0.00268799 0.0447998 8.78942E-11
-0.0139819 0.233032 8.98856E-11
-0.00869384 0.144897 8.88867E-11
0.00120849 0.0201416 8.74715E-11
-0.00750733 0.125122 8.87004E-11
0.00043213 0.00720217 8.86706E-11
0.00457764 0.076294 8.72961E-11
-0.0115503 0.192505 8.86922E-11
-0.00791749 0.131958 8.8094E-11
-0.0167505 0.279174 8.95728E-11
-0.00667235 0.111206 9.01809E-11
0.0109497 0.182494 8.91459E-11
0.00135498 0.0225831 8.99597E-11
0.0131615 0.219358 8.97502E-11
-0.00301026 0.0501711 8.80551E-11
-0.000476075 0.00793458 8.80396E-11
0.00277588 0.0462646 9.03739E-11
-0.0202514 0.337523 8.89424E-11
0.000183106 0.00305178 8.93933E-11
-0.00856201 0.1427 8.99125E-11
0.0199585 0.332643 8.90936E-11
0.00110596 0.0184326 8.9709E-11
0.0087085 0.145142 8.82143E-11
0.00734619 0.122437 8.79126E-11
0.0110082 0.183471 8.81623E-11
0.0059253 0.0987549 9.02016E-11
-0.00891357 0.14856 8.85697E-11
0.00415284 0.0692139 8.99177E-11
0.00383058 0.0638429 8.90374E-11
0.00052002 0.008667 9.01358E-11
-0.0022046 0.0367433 8.8201E-11
-0.00437257 0.0728761 8.9752E-11
0.00557372 0.0928954 8.97634E-11
-0.0166479 0.277465 9.01068E-11
0.00361086 0.0601809 8.91676E-11
0.0030542 0.0509034 8.7798E-11
-0.00935303 0.155884 8.97132E-11
0.00511963 0.0853273 8.86892E-11
-0.0143187 0.238646 8.82494E-11
0.0021167 0.0352784 8.9956E-11
0.0114185 0.190308 9.03747E-11
0.0113745 0.189575 8.97728E-11
-0.00427003 0.0711671 8.80769E-11
0.00306886 0.0511476 9.01669E-11
-0.00079834 0.0133057 8.80322E-11
-0.000183106 0.00305178 9.02351E-11
0.00298097 0.0496828 8.73784E-11
-0.00551514 0.0919189 8.76715E-11
0.00837157 0.139526 8.7608E-11
-0.00473877 0.0789796 9.02174E-11
-0.00476807 0.0794678 8.99552E-11
-0.0181274 0.302123 8.96826E-11
0.00189697 0.0316162 8.90174E-11
-0.00696533 0.116089 9.0203E-11
-0.00885498 0.147583 8.97392E-11
0.012473 0.207884 8.75421E-11
-0.00816649 0.136108 8.86917E-11
-0.0030542 0.0509034 8.71561E-11
0.0063501 0.105835 8.95854E-11
-0.00513429 0.0855714 8.85474E-11
-0.00878173 0.146362 8.74665E-11
0.0119165 0.198608 8.87249E-11
-0.00832763 0.138794 8.81209E-11
0.0177027 0.295044 9.0133E-11
-0.00195557 0.0325928 8.7476E-11
-0.011975 0.199584 8.97577E-11
-0.00377197 0.0628662 8.98644E-11
-0.00435792 0.0726319 8.92374E-11
0.00835693 0.139282 8.99837E-11
0.0175122 0.29187 8.88968E-11
0.011184 0.186401 8.94474E-11
0.0147582 0.245971 8.90776E-11
0.0076831 0.128052 8.86354E-11
0.0104955 0.174925 9.01238E-11
0.0050171 0.0836183 8.78765E-11
-0.00365479 0.0609132 8.97798E-11
0.00185303 0.0308838 8.81073E-11
-0.00746339 0.12439 9.00889E-11
-0.00522216 0.0870361 8.88524E-11
-0.00223389 0.0372314 8.8377E-11
0.0031421 0.0523683 9.01674E-11
0.0205591 0.342652 9.0226E-11
-0.00243897 0.0406496 8.74376E-11
0.0157104 0.26184 8.77611E-11
-0.00418213 0.0697022 8.96564E-11
0.000739747 0.0123291 8.75285E-11
-0.0139379 0.232299 8.98597E-11
-0.0156811 0.261352 8.97155E-11
0.000944824 0.0157471 8.79053E-11
-6.59183E-05 0.00109864 8.85183E-11
0.000256348 0.00427247 8.74011E-11
0.00932372 0.155395 8.99575E-11
0.00221924 0.0369873 8.73341E-11
-0.00349366 0.0582276 8.86245E-11
0.0110668 0.184447 8.95966E-11
0.00283447 0.0472412 8.96927E-11
-0.000974122 0.0162354 8.79896E-11
-0.0182006 0.303344 9.06442E-11
-0.0133519 0.222532 9.00299E-11
0.00101806 0.0169677 9.0015E-11
-0.00465089 0.0775148 9.01504E-11
0.0086792 0.144653 8.87501E-11
-0.00229249 0.0382081 8.86395E-11
-0.00410888 0.0684814 8.97949E-11
-0.00949952 0.158325 8.90675E-11
0.0107738 0.179564 8.93287E-11
-0.00966064 0.161011 8.85851E-11
-0.0257738 0.429564 8.87628E-11
-0.000314942 0.00524903 8.82438E-11
0.00239503 0.0399171 8.97584E-11
0.000900879 0.0150147 9.00444E-11
-0.00722901 0.120484 8.73111E-11
-0.00161865 0.0269775 8.98954E-11
0.00813719 0.13562 8.73403E-11
-0.00482666 0.0804444 8.844E-11
-0.00476807 0.0794678 8.99915E-11
0.0054419 0.0906983 8.76362E-11
-0.0117407 0.195678 8.99354E-11
0.00648194 0.108032 8.86905E-11
0.009646 0.160767 8.91139E-11
0.00239503 0.0399171 8.84075E-11
-0.00308351 0.0513918 8.987E-11
-0.000505372 0.00842286 8.79585E-11
0.0156518 0.260863 8.87131E-11
0.0113013 0.188355 8.94789E-11
-0.00210206 0.0350343 8.87179E-11
0.00646728 0.107788 8.84496E-11
-0.00315674 0.0526123 8.87452E-11
-0.00869384 0.144897 8.87301E-11
-0.00659912 0.109985 8.90213E-11
0.000739747 0.0123291 8.95581E-11
-0.00157471 0.0262451 8.87345E-11
0.0063501 0.105835 8.92283E-11
-0.00585206 0.0975343 8.9601E-11
-0.0101586 0.169311 9.00961E-11
-0.00271728 0.0452881 8.98497E-11
-0.0072583 0.120972 8.75311E-11
-0.0120923 0.201538 8.83778E-11
0.0185961 0.309936 8.79031E-11
-0.00218994 0.0364991 8.85722E-11
-0.00202881 0.0338136 9.01231E-11
0.00208742 0.0347903 8.82285E-11
0.00279053 0.0465088 8.85694E-11
-0.000285645 0.00476075 9.00848E-11
-0.00572021 0.0953369 8.97229E-11
-0.0118286 0.197142 8.79968E-11
-0.00598389 0.0997314 8.85631E-11
-0.00358156 0.0596926 9.00798E-11
-0.00277588 0.0462646 8.96153E-11
0.000695801 0.0115967 8.82712E-11
0.00172119 0.0286864 8.89641E-11
-0.00312745 0.0521241 8.9186E-11
0.00289307 0.0482178 8.73813E-11
-0.00385987 0.0643311 9.0126E-11
0.00340576 0.0567628 8.96324E-11
0.00542725 0.0904541 8.83425E-11
-0.0139086 0.231811 8.85895E-11
0.0050464 0.0841066 8.80656E-11
0.00659912 0.109985 8.7852E-11
0.00336182 0.0560304 8.81259E-11
-0.00446046 0.0743409 8.8113E-11
-0.00358156 0.0596926 8.85573E-11
0.000651857 0.0108643 8.88222E-11
-0.00342042 0.0570069 8.90697E-11
-0.0106274 0.177123 9.03381E-11
0.0105395 0.175658 8.81225E-11
0.00387452 0.0645753 8.92306E-11
-0.00144287 0.0240478 8.97279E-11
0.00303956 0.0506593 8.87075E-11
0.00886962 0.147827 8.90328E-11
0.0108031 0.180053 8.8705E-11
0.00664306 0.110718 8.73683E-11
-0.00816649 0.136108 8.96407E-11
-0.00281982 0.0469971 8.85646E-11
-0.010891 0.181517 8.82577E-11
-0.00733155 0.122193 8.83642E-11
0.00717042 0.119507 8.82272E-11
