0.00216065 0.0360108 9.70074E-11
-0.0174829 0.291381 9.53774E-11
0.000490723 0.00817872 9.70014E-11
-0.00217529 0.0362549 9.74324E-11
0.00733155 0.122193 9.46549E-11
0.00649659 0.108276 9.51243E-11
-0.00599854 0.0999756 9.76186E-11
0.0102026 0.170043 9.48251E-11
0.000197755 0.00329592 9.70992E-11
-0.00926514 0.154419 9.66298E-11
0.0137182 0.228637 9.71058E-11
-0.0143041 0.238402 9.72112E-11
-0.00353761 0.0589601 9.67039E-11
0.00381592 0.0635987 9.70852E-11
0.00739014 0.123169 9.45941E-11
-0.00296631 0.0494386 9.40805E-11
-0.00403565 0.0672608 9.7635E-11
-0.0233862 0.38977 9.51361E-11
-0.00429931 0.0716553 9.70324E-11
0.0121508 0.202514 9.70911E-11
-0.0143334 0.23889 9.68327E-11
0.00270264 0.0450439 9.71136E-11
0.0222144 0.37024 9.62707E-11
-0.00418213 0.0697022 9.69922E-11
0.00246826 0.0411377 9.71416E-11
0.0112427 0.187378 9.5227E-11
-0.000139161 0.00231935 9.63838E-11
0.00441651 0.0736084 9.51587E-11
0.00585206 0.0975343 9.72251E-11
0.000856934 0.0142822 9.66999E-11
-0.010642 0.177367 9.75334E-11
-0.022727 0.378784 9.54773E-11
-0.00886962 0.147827 9.67007E-11
-0.00366945 0.0611574 9.51236E-11
0.0114185 0.190308 9.73079E-11
-0.00831299 0.13855 9.51796E-11
0.00712648 0.118775 9.51587E-11
-0.00265869 0.0443115 9.47125E-11
-0.0166772 0.277953 9.56531E-11
0.00132569 0.0220948 9.52764E-11
0.00561767 0.0936279 9.50475E-11
-0.00150147 0.0250244 9.71575E-11
-0.000681153 0.0113526 9.52213E-11
-0.00952881 0.158813 9.46245E-11
-0.00151612 0.0252686 9.44311E-11
0.00941162 0.15686 9.71296E-11
0.013264 0.221068 9.72729E-11
0.00161865 0.0269775 9.7197E-11
-0.00708252 0.118042 9.48347E-11
-0.000153809 0.00256348 9.77129E-11
-0.00772705 0.128784 9.54362E-11
0.0164721 0.274535 9.72719E-11
-0.00422608 0.0704346 9.70556E-11
0.00727296 0.121216 9.74152E-11
-0.0159009 0.265014 9.47119E-11
-0.00531006 0.0885009 9.51514E-11
0.0068335 0.113892 9.70102E-11
0.00167724 0.0279541 9.78804E-11
0.000285645 0.00476075 9.71484E-11
-0.00591064 0.0985108 9.62948E-11
0.00511963 0.0853273 9.50208E-11
0.0152124 0.25354 9.68205E-11
0.00258545 0.0430908 9.47211E-11
0.00599854 0.0999756 9.65763E-11
0.0117992 0.196654 9.65377E-11
-0.000402833 0.00671388 9.73934E-11
-0.00177978 0.0296631 9.72253E-11
0.00161865 0.0269775 9.65794E-11
0.00306886 0.0511476 9.50583E-11
0.0104808 0.174681 9.71778E-11
-0.00633546 0.105591 9.49976E-11
0.00513429 0.0855714 9.72706E-11
-0.00615967 0.102661 9.68386E-11
0.00645264 0.107544 9.73235E-11
-0.00835693 0.139282 9.75292E-11
-0.0141283 0.235472 9.42625E-11
0.010144 0.169067 9.71508E-11
0.0132933 0.221556 9.52842E-11
-0.00579347 0.0965578 9.49602E-11
0.00863525 0.143921 9.6876E-11
0.00550049 0.0916748 9.5218E-11
0.00320068 0.0533448 9.45988E-11
0.0131615 0.219358 9.51676E-11
-0.00191162 0.0318603 9.70492E-11
-0.0119604 0.19934 9.68673E-11
-0.00670165 0.111694 9.47883E-11
0.009646 0.160767 9.71236E-11
-0.00998289 0.166381 9.70999E-11
0.00979248 0.163208 9.71224E-11
-0.00226319 0.0377198 9.57089E-11
0.0101294 0.168823 9.54315E-11
0.0108764 0.181273 9.63537E-11
0.00542725 0.0904541 9.54662E-11
0.00509033 0.0848389 9.47838E-11
-0.00361086 0.0601809 9.49245E-11
-0.00400634 0.0667724 9.53956E-11
0.00418213 0.0697022 9.64102E-11
0.00879639 0.146606 9.52871E-11
0.00889893 0.148315 9.44259E-11
-0.00043213 0.00720217 9.57563E-11
-0.00416749 0.0694581 9.47353E-11
-0.0205883 0.343139 9.54332E-11
-0.00513429 0.0855714 9.71699E-11
-0.00661377 0.110229 9.71194E-11
-0.00189697 0.0316162 9.67635E-11
-0.00342042 0.0570069 9.74721E-11
-0.0136449 0.227416 9.49526E-11
0.00999755 0.166626 9.64224E-11
-0.00614503 0.102417 9.71965E-11
-0.00324463 0.0540772 9.43842E-11
0.00495851 0.0826417 9.45506E-11
0.00828368 0.138061 9.48E-11
0.000300294 0.00500489 9.47982E-11
0.000651857 0.0108643 9.48441E-11
-0.00385987 0.0643311 9.47883E-11
0.00620361 0.103394 9.64435E-11
0.0148901 0.248168 9.65507E-11
0.000988771 0.0164795 9.72685E-11
0.00484132 0.0806886 9.72562E-11
-0.000695801 0.0115967 9.51385E-11
0.00199952 0.0333253 9.70946E-11
-0.00917725 0.152954 9.53553E-11
-0.0201928 0.336547 9.72878E-11
-0.00432862 0.0721436 9.81717E-11
0.00498779 0.0831299 9.69748E-11
-0.00274659 0.0457764 9.67492E-11
0.0108471 0.180785 9.75031E-11
-0.00564698 0.0941163 9.7041E-11
0.00624756 0.104126 9.58579E-11
0.00908936 0.151489 9.66444E-11
0.000168458 0.00280763 9.4913E-11
0.0131469 0.219115 9.69091E-11
0.00280518 0.0467529 9.73793E-11
-0.0102905 0.171508 9.71755E-11
-0.00290771 0.0484619 9.6744E-11
0.00264405 0.0440674 9.72824E-11
0.0128393 0.213988 9.43712E-11
-0.0206616 0.34436 9.66867E-11
-0.00487061 0.0811768 9.44424E-11
0.00476807 0.0794678 9.70857E-11
-0.0108178 0.180297 9.71855E-11
-0.00147217 0.0245361 9.68141E-11
0.00491456 0.0819093 9.50946E-11
-0.0072583 0.120972 9.49179E-11
0.00591064 0.0985108 9.60934E-11
-0.000900879 0.0150147 9.68667E-11
0.00610108 0.101685 9.48498E-11
0.0076831 0.128052 9.74238E-11
-0.000227051 0.00378418 9.71536E-11
0.0125756 0.209593 9.46134E-11
-0.00920655 0.153442 9.70194E-11
0.00973389 0.162231 9.68585E-11
-0.00749268 0.124878 9.717E-11
-0.00610108 0.101685 9.55279E-11
-0.0100561 0.167602 9.50047E-11
-0.012517 0.208617 9.5275E-11
0.00923584 0.153931 9.503E-11
-0.00153076 0.0255128 9.56253E-11
-0.00387452 0.0645753 9.68908E-11
9.5215E-05 0.00158692 9.66629E-11
0.00879639 0.146606 9.70891E-11
0.0100122 0.16687 9.46005E-11
-0.00301026 0.0501711 9.46475E-11
-0.0182885 0.304808 9.49025E-11
0.00689209 0.114868 9.50448E-11
0.00623292 0.103882 9.78729E-11
-0.0166625 0.277709 9.71727E-11
-0.00197021 0.0328369 9.65095E-11
-0.00265869 0.0443115 9.45902E-11
-0.00261474 0.0435791 9.66213E-11
0.00564698 0.0941163 9.5216E-11
-0.00488525 0.0814209 9.54994E-11
0.00517822 0.0863037 9.67317E-11
0.00914795 0.152466 9.48085E-11
-0.00446046 0.0743409 9.71319E-11
-0.00132569 0.0220948 9.75301E-11
0.00743409 0.123901 9.6828E-11
-0.010891 0.181517 9.70852E-11
0.00226319 0.0377198 9.68042E-11
-0.0180102 0.30017 9.71841E-11
-0.00785888 0.130981 9.711E-11
-3.66213E-05 0.000610354 9.70333E-11
0.0148901 0.248168 9.53993E-11
-0.00468018 0.078003 9.69228E-11
0.00511963 0.0853273 9.69331E-11
0.0072583 0.120972 9.52055E-11
-0.00749268 0.124878 9.73411E-11
0.0102612 0.17102 9.72222E-11
-0.00353761 0.0589601 9.70099E-11
0.00454836 0.0758059 9.54735E-11
0.0195044 0.325073 9.45633E-11
-0.00396242 0.0660403 9.4882E-11
0.00204347 0.0340578 9.46283E-11
0.00179444 0.0299073 9.6183E-11
-5.12697E-05 0.000854496 9.74455E-11
-0.00487061 0.0811768 9.75159E-11
-0.00230713 0.0384522 9.65315E-11
-0.00062256 0.010376 9.69583E-11
-0.000842286 0.0140381 9.50682E-11
-0.00834228 0.139038 9.47927E-11
