-0.0154687 0.257812 7.04862E-11
0.00046875 0.0078125 7.15703E-11
-0.0135937 0.226562 7.3029E-11
0.00421875 0.0703125 7.30036E-11
-0.0145312 0.242188 7.3485E-11
-0.0173437 0.289062 7.26565E-11
0.0164062 0.273437 7.29258E-11
-0.0267187 0.445312 7.42085E-11
0.0117188 0.195312 7.19031E-11
-0.0210937 0.351562 7.25642E-11
0.00890625 0.148438 7.38953E-11
0.0257812 0.429688 7.20266E-11
0.00140625 0.0234375 7.27002E-11
-0.0220313 0.367188 7.17063E-11
-0.0107812 0.179688 7.14032E-11
0.00515625 0.0859375 7.19185E-11
-0.0164062 0.273437 7.14746E-11
-0.0323438 0.539063 7.22137E-11
-0.0154687 0.257812 7.31596E-11
0.00703125 0.117188 7.17558E-11
-0.0173437 0.289062 7.17701E-11
0.00984375 0.164062 7.28418E-11
-0.00421875 0.0703125 7.26622E-11
-0.0135937 0.226562 7.38976E-11
0.00421875 0.0703125 7.07931E-11
-0.00890625 0.148438 7.23209E-11
-0.00796875 0.132812 7.17417E-11
0.00796875 0.132812 7.31443E-11
0.0173437 0.289062 7.17429E-11
0.0220313 0.367188 7.20167E-11
-0.00046875 0.0078125 7.24333E-11
-0.0201563 0.335938 7.13643E-11
-0.00328125 0.0546875 7.23986E-11
-0.0192187 0.320312 7.25152E-11
-0.0135937 0.226562 7.24487E-11
-0.0135937 0.226562 7.12415E-11
0.0164062 0.273437 7.05696E-11
0.0239062 0.398437 7.21168E-11
0.00984375 0.164062 7.25781E-11
-0.00890625 0.148438 7.12008E-11
0.00796875 0.132812 7.14197E-11
-0.00515625 0.0859375 7.34754E-11
-0.0201563 0.335938 7.16149E-11
-0.00046875 0.0078125 7.28457E-11
0.00984375 0.164062 7.2096E-11
-0.00046875 0.0078125 7.16793E-11
0.00140625 0.0234375 7.26581E-11
0.0145312 0.242188 7.0762E-11
-0.00796875 0.132812 7.14846E-11
0.00515625 0.0859375 7.1999E-11
-0.00984375 0.164062 7.15761E-11
0.0182812 0.304688 7.21926E-11
-0.00703125 0.117188 7.1288E-11
0.0220313 0.367188 7.18665E-11
0.0107812 0.179688 7.2072E-11
0.00046875 0.0078125 7.27689E-11
-0.00421875 0.0703125 7.28608E-11
0.0117188 0.195312 7.14736E-11
0.00421875 0.0703125 7.30269E-11
-0.00890625 0.148438 7.32802E-11
0.0220313 0.367188 7.1471E-11
0.0135937 0.226562 7.14836E-11
-0.00046875 0.0078125 7.18789E-11
-0.00703125 0.117188 7.10196E-11
-0.0173437 0.289062 7.29264E-11
0.0210937 0.351562 7.00256E-11
0.0145312 0.242188 7.0644E-11
-0.00609375 0.101563 7.39179E-11
-0.00609375 0.101563 7.18429E-11
-0.0220313 0.367188 7.24533E-11
-0.00609375 0.101563 7.28317E-11
0.0117188 0.195312 7.42595E-11
0.00140625 0.0234375 7.43393E-11
0.00703125 0.117188 7.04929E-11
0.00421875 0.0703125 7.09565E-11
-0.00515625 0.0859375 7.38477E-11
-0.00140625 0.0234375 7.14745E-11
0.00796875 0.132812 7.26651E-11
0.00609375 0.101563 7.34602E-11
0.00703125 0.117188 7.18725E-11
-0.00140625 0.0234375 7.18034E-11
0.0239062 0.398437 7.26124E-11
-0.00421875 0.0703125 7.04724E-11
-0.0257812 0.429688 7.27809E-11
-0.0107812 0.179688 7.07403E-11
0.00234375 0.0390625 7.08547E-11
-0.00046875 0.0078125 7.22602E-11
0.0126562 0.210938 7.18696E-11
0.00515625 0.0859375 7.15207E-11
0.0145312 0.242188 7.16418E-11
0.0229688 0.382813 7.26727E-11
-0.0182812 0.304688 7.30419E-11
0.00703125 0.117188 7.05524E-11
-0.00140625 0.0234375 7.29317E-11
-0.00421875 0.0703125 7.24365E-11
0.0210937 0.351562 7.23668E-11
-0.0107812 0.179688 7.24337E-11
-0.00421875 0.0703125 7.19095E-11
-0.0173437 0.289062 7.13532E-11
0.0220313 0.367188 7.22645E-11
-0.00234375 0.0390625 7.37891E-11
0.00515625 0.0859375 7.36533E-11
-0.0107812 0.179688 7.13809E-11
-0.00140625 0.0234375 7.20316E-11
-0.00421875 0.0703125 7.25543E-11
-0.00609375 0.101563 7.22211E-11
-0.00421875 0.0703125 7.20743E-11
0.00046875 0.0078125 7.21473E-11
0.00328125 0.0546875 7.20144E-11
-0.0107812 0.179688 7.25076E-11
-0.00890625 0.148438 7.19179E-11
-0.00796875 0.132812 7.0808E-11
-0.00609375 0.101563 7.09086E-11
-0.00515625 0.0859375 7.31685E-11
-0.00046875 0.0078125 7.18989E-11
-0.0154687 0.257812 7.29337E-11
0.0145312 0.242188 7.37898E-11
0.00515625 0.0859375 7.27065E-11
-0.00421875 0.0703125 7.23651E-11
0.00890625 0.148438 7.22696E-11
-0.0107812 0.179688 7.10031E-11
0.0229688 0.382813 6.98765E-11
0.00703125 0.117188 7.1412E-11
0.0276563 0.460938 7.11821E-11
0.00515625 0.0859375 7.32983E-11
0.00421875 0.0703125 7.31331E-11
-0.0192187 0.320312 7.1746E-11
0.0173437 0.289062 7.19322E-11
-0.00421875 0.0703125 7.37521E-11
-0.00703125 0.117188 7.2201E-11
0.0117188 0.195312 7.21013E-11
-0.00046875 0.0078125 7.23458E-11
-0.0520313 0.867188 7.24839E-11
-0.00609375 0.101563 7.10617E-11
-0.00421875 0.0703125 7.13716E-11
-0.00984375 0.164062 7.20853E-11
0.00515625 0.0859375 7.00973E-11
-0.00703125 0.117188 7.11725E-11
-0.00609375 0.101563 7.18699E-11
0.00328125 0.0546875 7.34001E-11
0.00609375 0.101563 7.14715E-11
-0.0107812 0.179688 7.09342E-11
-0.0276563 0.460938 7.37428E-11
-0.0192187 0.320312 7.22097E-11
-0.00046875 0.0078125 7.16166E-11
0.00515625 0.0859375 7.32571E-11
-0.00984375 0.164062 7.28764E-11
0.00046875 0.0078125 7.15712E-11
-0.00796875 0.132812 7.13984E-11
0.00046875 0.0078125 7.24441E-11
-0.00984375 0.164062 7.16875E-11
0.00984375 0.164062 7.1358E-11
0.0351562 0.585938 7.17519E-11
0.00703125 0.117188 7.09096E-11
-0.0220313 0.367188 7.14854E-11
0.00703125 0.117188 7.19071E-11
0.00984375 0.164062 7.13466E-11
-0.0154687 0.257812 7.30863E-11
0.0117188 0.195312 7.20956E-11
-0.0135937 0.226562 7.38114E-11
0.00140625 0.0234375 7.13546E-11
0.0332812 0.554688 7.17839E-11
-0.0154687 0.257812 7.41666E-11
-0.00703125 0.117188 7.1309E-11
0.00609375 0.101563 7.36403E-11
-0.00328125 0.0546875 7.23206E-11
0.00796875 0.132812 7.10209E-11
-0.00515625 0.0859375 7.24561E-11
0.00515625 0.0859375 7.14363E-11
-0.0192187 0.320312 7.37523E-11
0.00984375 0.164062 7.15852E-11
0.00046875 0.0078125 7.07195E-11
-0.00328125 0.0546875 7.13527E-11
0.0342187 0.570312 7.19235E-11
0.0117188 0.195312 7.28437E-11
0.00046875 0.0078125 7.26649E-11
0.0126562 0.210938 7.26079E-11
0.00046875 0.0078125 7.26138E-11
-0.0117188 0.195312 7.34641E-11
0.0257812 0.429688 7.09241E-11
-0.0173437 0.289062 7.10768E-11
0.00703125 0.117188 7.2751E-11
0.00515625 0.0859375 7.40256E-11
0.0248437 0.414062 7.20652E-11
-0.00421875 0.0703125 7.09379E-11
0.0145312 0.242188 7.13973E-11
-0.0314062 0.523438 7.2802E-11
-0.0107812 0.179688 7.3832E-11
-0.0107812 0.179688 7.25252E-11
0.0285937 0.476562 7.18051E-11
-0.0164062 0.273437 7.16747E-11
-0.0164062 0.273437 7.12539E-11
-0.0295312 0.492188 7.13998E-11
0.00703125 0.117188 7.35729E-11
-0.0145312 0.242188 7.13919E-11
-0.0135937 0.226562 7.08886E-11
-0.0145312 0.242188 7.20172E-11
-0.0323438 0.539063 7.14015E-11
-0.0117188 0.195312 7.23376E-11
0.0107812 0.179688 7.13121E-11
-0.00421875 0.0703125 7.12329E-11
0.00703125 0.117188 7.12868E-11
-0.0145312 0.242188 7.35674E-11
0.0154687 0.257812 7.14271E-11
-0.0210937 0.351562 7.26239E-11
0.0107812 0.179688 7.39836E-11
-0.00234375 0.0390625 7.18479E-11
-0.0192187 0.320312 7.07389E-11
0.00515625 0.0859375 7.16103E-11
-0.00984375 0.164062 7.39771E-11
0.00515625 0.0859375 7.19484E-11
-0.00328125 0.0546875 7.25338E-11
-0.00421875 0.0703125 7.2198E-11
0.0126562 0.210938 7.39685E-11
-0.00140625 0.0234375 7.2609E-11
-0.0135937 0.226562 7.14788E-11
-0.00984375 0.164062 7.42216E-11
-0.00515625 0.0859375 7.31118E-11
-0.00796875 0.132812 7.25805E-11
0.00609375 0.101563 7.19995E-11
-0.00984375 0.164062 7.09609E-11
0.0201563 0.335938 7.16571E-11
-0.00234375 0.0390625 7.22403E-11
-0.0201563 0.335938 7.25042E-11
0.00890625 0.148438 7.22592E-11
0.00515625 0.0859375 7.38225E-11
-0.0173437 0.289062 7.40782E-11
0.00046875 0.0078125 7.10357E-11
0.0154687 0.257812 7.34724E-11
-0.0192187 0.320312 7.17779E-11
0.00328125 0.0546875 7.10501E-11
0.00140625 0.0234375 7.19222E-11
0.00234375 0.0390625 7.33361E-11
0.00703125 0.117188 7.17691E-11
0.0145312 0.242188 7.07218E-11
0.00984375 0.164062 7.3347E-11
0.00421875 0.0703125 7.2809E-11
-0.00140625 0.0234375 7.18984E-11
-0.00234375 0.0390625 7.20698E-11
0.00609375 0.101563 7.33115E-11
0.0145312 0.242188 7.18537E-11
0.0173437 0.289062 6.9984E-11
-0.00046875 0.0078125 7.19098E-11
0.0239062 0.398437 7.19493E-11
-0.0126562 0.210938 7.42011E-11
0.0107812 0.179688 7.19547E-11
0.0164062 0.273437 7.31825E-11
0.0229688 0.382813 7.11763E-11
-0.00890625 0.148438 7.33645E-11
0.00421875 0.0703125 7.18341E-11
-0.00421875 0.0703125 7.1419E-11
-0.00421875 0.0703125 7.25543E-11
0.0182812 0.304688 7.19549E-11
-0.00796875 0.132812 7.34041E-11
-0.00140625 0.0234375 7.20114E-11
0.00046875 0.0078125 7.16353E-11
0.00984375 0.164062 7.29651E-11
-0.00046875 0.0078125 7.14137E-11
0.00796875 0.132812 7.28981E-11
0.00984375 0.164062 7.09502E-11
-0.00046875 0.0078125 7.36229E-11
-0.00890625 0.148438 7.14489E-11
-0.0210937 0.351562 7.20099E-11
0.00890625 0.148438 7.1411E-11
0.00234375 0.0390625 7.14397E-11
-0.00328125 0.0546875 7.1471E-11
0.00140625 0.0234375 7.06487E-11
0.0117188 0.195312 7.14943E-11
0.00890625 0.148438 7.18837E-11
-0.00046875 0.0078125 7.28532E-11
-0.0107812 0.179688 7.3458E-11
0.00984375 0.164062 7.17277E-11
-0.00140625 0.0234375 7.14037E-11
0.0135937 0.226562 7.17499E-11
-0.00046875 0.0078125 7.39147E-11
-0.00140625 0.0234375 7.19807E-11
-0.00515625 0.0859375 7.13268E-11
0.00796875 0.132812 7.24641E-11
0.0107812 0.179688 7.08992E-11
-0.00046875 0.0078125 7.25357E-11
-0.00796875 0.132812 7.11565E-11
-0.0248437 0.414062 7.21736E-11
0.00421875 0.0703125 6.99493E-11
0.00796875 0.132812 7.24547E-11
-0.0135937 0.226562 7.19315E-11
0.0117188 0.195312 7.14865E-11
-0.00421875 0.0703125 7.18586E-11
-0.0107812 0.179688 7.36457E-11
0.0117188 0.195312 7.17151E-11
0.0117188 0.195312 6.99138E-11
-0.00796875 0.132812 7.12233E-11
0.00421875 0.0703125 7.37718E-11
0.00046875 0.0078125 7.12477E-11
0.0107812 0.179688 7.19752E-11
-0.00609375 0.101563 7.09211E-11
0.00890625 0.148438 7.29907E-11
0.00046875 0.0078125 7.22526E-11
0.00796875 0.132812 7.23179E-11
0.00234375 0.0390625 7.13311E-11
-0.00703125 0.117188 7.20638E-11
0.00890625 0.148438 7.18325E-11
-0.0107812 0.179688 7.37943E-11
-0.00984375 0.164062 7.21604E-11
0.0145312 0.242188 7.20595E-11
-0.00609375 0.101563 7.30881E-11
0.0117188 0.195312 7.30193E-11
0.00515625 0.0859375 7.25367E-11
0.0210937 0.351562 7.20684E-11
-0.00796875 0.132812 7.33804E-11
-0.00234375 0.0390625 7.18634E-11
-0.0107812 0.179688 7.16828E-11
-0.00890625 0.148438 7.15944E-11
-0.00140625 0.0234375 7.08505E-11
-0.0107812 0.179688 7.3358E-11
-0.00890625 0.148438 7.13442E-11
-0.0135937 0.226562 7.2564E-11
0.00609375 0.101563 7.33969E-11
0.00421875 0.0703125 7.32672E-11
0.00984375 0.164062 7.10332E-11
-0.00328125 0.0546875 7.13974E-11
0.0229688 0.382813 7.07389E-11
-0.00515625 0.0859375 7.1533E-11
-0.00703125 0.117188 7.27767E-11
-0.0220313 0.367188 7.19181E-11
-0.00984375 0.164062 7.20538E-11
-0.00890625 0.148438 7.19172E-11
-0.00609375 0.101563 7.27704E-11
-0.0154687 0.257812 7.23664E-11
-0.0201563 0.335938 7.20339E-11
0.00515625 0.0859375 7.20036E-11
-0.00046875 0.0078125 7.15975E-11
0.00609375 0.101563 7.15142E-11
0.0182812 0.304688 7.20171E-11
-0.00140625 0.0234375 7.27094E-11
-0.0332812 0.554688 7.13052E-11
0.00703125 0.117188 7.17423E-11
-0.0220313 0.367188 7.15343E-11
-0.0145312 0.242188 7.20224E-11
-0.0126562 0.210938 7.08724E-11
-0.00140625 0.0234375 7.14107E-11
0.00515625 0.0859375 7.39237E-11
-0.00890625 0.148438 7.15648E-11
0.00609375 0.101563 7.25539E-11
0.0173437 0.289062 6.99747E-11
-0.00046875 0.0078125 7.24409E-11
-0.00515625 0.0859375 7.17126E-11
0.0173437 0.289062 7.27394E-11
-0.0192187 0.320312 7.27787E-11
0.0154687 0.257812 7.16904E-11
0.00046875 0.0078125 7.20427E-11
0.00984375 0.164062 7.27472E-11
-0.0154687 0.257812 7.25466E-11
-0.00046875 0.0078125 7.22171E-11
-0.00515625 0.0859375 7.17497E-11
-0.0117188 0.195312 7.26372E-11
-0.0107812 0.179688 7.25339E-11
0.0135937 0.226562 7.15252E-11
-0.00796875 0.132812 7.0083E-11
0.0107812 0.179688 7.14868E-11
0.00328125 0.0546875 7.18656E-11
-0.00703125 0.117188 7.13184E-11
-0.0107812 0.179688 7.15455E-11
0.0257812 0.429688 7.19659E-11
-0.0135937 0.226562 7.33007E-11
-0.00796875 0.132812 7.36595E-11
0.00796875 0.132812 6.96983E-11
0.00703125 0.117188 7.28665E-11
0.00609375 0.101563 7.13463E-11
0.00703125 0.117188 7.25349E-11
0.00421875 0.0703125 6.98622E-11
-0.0107812 0.179688 7.27686E-11
-0.0164062 0.273437 7.16672E-11
-0.0145312 0.242188 7.20052E-11
-0.00140625 0.0234375 7.07535E-11
0.00890625 0.148438 7.17599E-11
-0.00515625 0.0859375 7.37411E-11
0.00796875 0.132812 7.27249E-11
0.0154687 0.257812 7.24216E-11
0.0164062 0.273437 7.0781E-11
-0.00140625 0.0234375 7.23852E-11
0.00046875 0.0078125 7.25464E-11
-0.0117188 0.195312 7.21446E-11
-0.0164062 0.273437 7.23157E-11
0.00890625 0.148438 7.24719E-11
-0.0145312 0.242188 7.26082E-11
0.00703125 0.117188 7.16668E-11
0.0117188 0.195312 7.19695E-11
0.00890625 0.148438 7.31641E-11
0.00703125 0.117188 7.13735E-11
-0.00703125 0.117188 7.44335E-11
0.00421875 0.0703125 7.17395E-11
-0.00515625 0.0859375 7.0718E-11
0.00984375 0.164062 7.3944E-11
-0.0173437 0.289062 7.27941E-11
0.00984375 0.164062 7.1823E-11
-0.00140625 0.0234375 7.14793E-11
0.00234375 0.0390625 7.24198E-11
0.00421875 0.0703125 7.19261E-11
0.00140625 0.0234375 7.36714E-11
0.0135937 0.226562 7.17913E-11
-0.00703125 0.117188 7.16594E-11
-0.0182812 0.304688 7.45334E-11
0.00984375 0.164062 7.30882E-11
-0.0285937 0.476562 7.37656E-11
-0.00046875 0.0078125 7.18658E-11
0.0182812 0.304688 7.13167E-11
0.00890625 0.148438 7.27077E-11
0.0135937 0.226562 7.18359E-11
0.00703125 0.117188 7.28584E-11
0.00515625 0.0859375 7.22272E-11
0.0145312 0.242188 7.20519E-11
0.0201563 0.335938 7.15212E-11
0.0164062 0.273437 7.21648E-11
0.00046875 0.0078125 7.36071E-11
-0.0276563 0.460938 7.21482E-11
-0.0201563 0.335938 7.30144E-11
0.00140625 0.0234375 7.05912E-11
0.00515625 0.0859375 7.20134E-11
0.00046875 0.0078125 7.21777E-11
-0.00609375 0.101563 7.31407E-11
-0.00046875 0.0078125 7.17729E-11
0.0182812 0.304688 7.25985E-11
0.00328125 0.0546875 7.23531E-11
0.0285937 0.476562 7.33457E-11
0.0164062 0.273437 7.13969E-11
-0.0248437 0.414062 7.17447E-11
0.0107812 0.179688 6.97829E-11
0.00609375 0.101563 7.28436E-11
0.0145312 0.242188 7.0383E-11
0.00703125 0.117188 7.09449E-11
-0.00984375 0.164062 7.13896E-11
-0.00703125 0.117188 7.24544E-11
-0.0117188 0.195312 7.11678E-11
-0.0257812 0.429688 7.12852E-11
0.00046875 0.0078125 7.27001E-11
0.00890625 0.148438 7.17657E-11
0.00609375 0.101563 7.0644E-11
0.0220313 0.367188 7.07433E-11
0.0173437 0.289062 7.16354E-11
-0.0145312 0.242188 7.11005E-11
-0.00046875 0.0078125 7.43001E-11
-0.0304687 0.507812 7.1876E-11
-0.00234375 0.0390625 7.19698E-11
-0.00515625 0.0859375 7.39967E-11
0.0229688 0.382813 7.04029E-11
-0.0295312 0.492188 7.18098E-11
0.00421875 0.0703125 7.20838E-11
-0.00421875 0.0703125 7.25271E-11
-0.0145312 0.242188 7.24037E-11
0.0220313 0.367188 7.24974E-11
-0.0314062 0.523438 7.15596E-11
-0.00890625 0.148438 7.31667E-11
-0.00234375 0.0390625 7.3681E-11
0.00140625 0.0234375 7.04128E-11
-0.0135937 0.226562 7.34312E-11
-0.00328125 0.0546875 7.15399E-11
0.00421875 0.0703125 7.09822E-11
-0.0107812 0.179688 7.32569E-11
-0.0107812 0.179688 7.38971E-11
-0.0126562 0.210938 7.24131E-11
0.00609375 0.101563 7.2533E-11
-0.00515625 0.0859375 7.26029E-11
0.0154687 0.257812 7.19037E-11
-0.0239062 0.398437 7.17748E-11
0.00421875 0.0703125 7.25015E-11
0.0117188 0.195312 7.23522E-11
0.00046875 0.0078125 7.26595E-11
0.00984375 0.164062 7.02904E-11
0.00046875 0.0078125 7.17808E-11
0.00609375 0.101563 7.15027E-11
-0.0201563 0.335938 7.15123E-11
0.00796875 0.132812 7.26432E-11
0.0117188 0.195312 7.32347E-11
-0.0192187 0.320312 7.40738E-11
0.00890625 0.148438 7.11942E-11
0.00796875 0.132812 7.10036E-11
0.00984375 0.164062 7.24696E-11
0.00703125 0.117188 7.15619E-11
0.0182812 0.304688 7.31365E-11
0.00890625 0.148438 7.00158E-11
-0.0107812 0.179688 7.20478E-11
0.0173437 0.289062 7.26514E-11
-0.0220313 0.367188 7.28172E-11
-0.0107812 0.179688 7.20895E-11
-0.00890625 0.148438 7.15527E-11
0.00609375 0.101563 7.38193E-11
-0.0154687 0.257812 7.38874E-11
-0.00984375 0.164062 7.25171E-11
0.0107812 0.179688 7.15499E-11
-0.0182812 0.304688 7.14303E-11
-0.00890625 0.148438 7.23085E-11
-0.00328125 0.0546875 7.20673E-11
-0.0201563 0.335938 7.19093E-11
0.0154687 0.257812 7.20944E-11
0.0145312 0.242188 7.22823E-11
0.0135937 0.226562 7.22057E-11
-0.00703125 0.117188 7.10772E-11
0.00515625 0.0859375 7.17447E-11
0.0173437 0.289062 7.26995E-11
0.00515625 0.0859375 7.13858E-11
