0.00046875 0.0078125 8.16825E-11
-0.00796875 0.132812 8.01004E-11
0.0182812 0.304688 8.03486E-11
-0.00421875 0.0703125 8.1325E-11
0.00421875 0.0703125 7.99749E-11
0.00984375 0.164062 8.05497E-11
0.00703125 0.117188 8.00027E-11
0.00796875 0.132812 8.06385E-11
-0.00421875 0.0703125 8.16704E-11
0.00140625 0.0234375 8.04055E-11
0.00421875 0.0703125 8.0887E-11
0.00234375 0.0390625 8.02355E-11
-0.0126562 0.210938 7.93834E-11
0.0145312 0.242188 7.94E-11
-0.0192187 0.320312 8.12107E-11
0.00515625 0.0859375 8.0553E-11
0.00140625 0.0234375 7.77348E-11
-0.00515625 0.0859375 7.99405E-11
-0.00234375 0.0390625 7.9769E-11
-0.00234375 0.0390625 7.93126E-11
-0.0126562 0.210938 8.07366E-11
0.00984375 0.164062 7.98442E-11
0.00234375 0.0390625 7.9348E-11
0.00890625 0.148438 8.04751E-11
-0.0164062 0.273437 7.87504E-11
0.0154687 0.257812 8.0267E-11
0.00234375 0.0390625 8.08247E-11
0.00984375 0.164062 8.03866E-11
-0.00796875 0.132812 7.80364E-11
-0.0239062 0.398437 8.01743E-11
0.0248437 0.414062 7.8312E-11
-0.0126562 0.210938 8.00644E-11
-0.00234375 0.0390625 8.05879E-11
0.0145312 0.242188 7.85732E-11
0.0192187 0.320312 7.83029E-11
0.0192187 0.320312 8.12051E-11
0.00796875 0.132812 8.12989E-11
-0.00890625 0.148438 8.01266E-11
-0.00140625 0.0234375 8.02027E-11
-0.00140625 0.0234375 8.06509E-11
0.0154687 0.257812 8.0515E-11
-0.00703125 0.117188 7.99472E-11
-0.00703125 0.117188 8.04941E-11
0.00046875 0.0078125 7.91188E-11
0.00796875 0.132812 8.02028E-11
-0.00703125 0.117188 7.92734E-11
0.00796875 0.132812 7.93185E-11
-0.00046875 0.0078125 8.0807E-11
0.0182812 0.304688 7.84457E-11
-0.00328125 0.0546875 8.03916E-11
-0.00234375 0.0390625 8.13024E-11
0.00515625 0.0859375 7.90365E-11
-0.0173437 0.289062 8.0812E-11
-0.00046875 0.0078125 8.20179E-11
0.00140625 0.0234375 8.07837E-11
0.00140625 0.0234375 8.03024E-11
0.0107812 0.179688 8.09573E-11
0.0164062 0.273437 8.02386E-11
0.00421875 0.0703125 8.0791E-11
-0.00328125 0.0546875 8.03289E-11
-0.0107812 0.179688 8.03938E-11
0.0126562 0.210938 8.04128E-11
0.00984375 0.164062 7.99701E-11
0.00703125 0.117188 8.08728E-11
0.00890625 0.148438 8.05609E-11
0.0267187 0.445312 7.99522E-11
-0.00609375 0.101563 8.09421E-11
-0.0220313 0.367188 8.06667E-11
0.00703125 0.117188 8.06633E-11
0.0164062 0.273437 8.07486E-11
-0.00703125 0.117188 8.02345E-11
0.00234375 0.0390625 8.01646E-11
-0.00046875 0.0078125 8.14571E-11
0.00328125 0.0546875 7.86395E-11
0.00421875 0.0703125 7.9795E-11
0.00609375 0.101563 8.00005E-11
-0.0210937 0.351562 8.12184E-11
-0.00140625 0.0234375 7.92563E-11
-0.00234375 0.0390625 8.05132E-11
0.0192187 0.320312 8.0795E-11
0.00046875 0.0078125 8.02776E-11
0.00515625 0.0859375 7.83973E-11
0.00703125 0.117188 7.98384E-11
-0.0182812 0.304688 8.00494E-11
-0.0210937 0.351562 8.04663E-11
-0.0117188 0.195312 8.14044E-11
0.00140625 0.0234375 8.00618E-11
0.00609375 0.101563 7.84766E-11
-0.00046875 0.0078125 7.90197E-11
-0.0135937 0.226562 8.15283E-11
-0.00515625 0.0859375 8.09806E-11
-0.00609375 0.101563 8.04243E-11
0.00515625 0.0859375 7.99796E-11
-0.00328125 0.0546875 8.14063E-11
0.00328125 0.0546875 8.00881E-11
-0.0107812 0.179688 8.25376E-11
-0.0145312 0.242188 8.00673E-11
0.0173437 0.289062 8.03031E-11
0.00609375 0.101563 7.93603E-11
-0.00796875 0.132812 8.06643E-11
-0.00609375 0.101563 8.09518E-11
0.00515625 0.0859375 8.10669E-11
-0.00703125 0.117188 8.01206E-11
-0.0117188 0.195312 7.95573E-11
-0.00796875 0.132812 8.04161E-11
-0.0182812 0.304688 8.20301E-11
0.0295312 0.492188 7.85425E-11
-0.00796875 0.132812 8.13304E-11
0.00890625 0.148438 8.12771E-11
0.0126562 0.210938 7.8344E-11
-0.00984375 0.164062 8.08488E-11
0.00234375 0.0390625 8.05075E-11
-0.00515625 0.0859375 8.14983E-11
0.00890625 0.148438 8.02479E-11
0.0145312 0.242188 8.00549E-11
-0.0126562 0.210938 7.93943E-11
0.00703125 0.117188 8.12867E-11
-0.00703125 0.117188 7.87476E-11
0.00421875 0.0703125 8.02544E-11
0.00140625 0.0234375 8.12925E-11
-0.0117188 0.195312 8.07014E-11
0.0117188 0.195312 7.94481E-11
0.0117188 0.195312 7.97515E-11
0.0220313 0.367188 7.89641E-11
0.00140625 0.0234375 8.11525E-11
0.00046875 0.0078125 7.84797E-11
0.00234375 0.0390625 8.03022E-11
-0.0257812 0.429688 8.00557E-11
0.00703125 0.117188 8.03575E-11
-0.00234375 0.0390625 8.05434E-11
-0.00234375 0.0390625 8.02506E-11
-0.0126562 0.210938 8.06181E-11
0.00890625 0.148438 8.09137E-11
-0.0107812 0.179688 7.99603E-11
0.00328125 0.0546875 8.16262E-11
0.00609375 0.101563 8.09848E-11
-0.00234375 0.0390625 8.04768E-11
0.0229688 0.382813 7.91665E-11
0.0164062 0.273437 7.94062E-11
-0.00046875 0.0078125 8.08999E-11
-0.0117188 0.195312 8.13047E-11
-0.00515625 0.0859375 7.99852E-11
0.00046875 0.0078125 8.04951E-11
0.0173437 0.289062 8.02562E-11
0.0154687 0.257812 7.93792E-11
0.0239062 0.398437 7.95134E-11
0.00609375 0.101563 8.00564E-11
-0.0126562 0.210938 8.00371E-11
-0.00234375 0.0390625 7.95978E-11
-0.00046875 0.0078125 8.06648E-11
-0.00984375 0.164062 8.10602E-11
-0.00984375 0.164062 8.10334E-11
0.0107812 0.179688 7.90059E-11
-0.00890625 0.148438 8.04049E-11
0.00984375 0.164062 8.03915E-11
-0.0145312 0.242188 8.04964E-11
0.0154687 0.257812 8.07226E-11
-0.0257812 0.429688 8.08007E-11
-0.0126562 0.210938 7.85812E-11
-0.00140625 0.0234375 8.13906E-11
0.0145312 0.242188 7.89727E-11
-0.00421875 0.0703125 8.04255E-11
0.00609375 0.101563 8.06425E-11
-0.00234375 0.0390625 8.16099E-11
-0.0154687 0.257812 8.04994E-11
0.0201563 0.335938 7.87583E-11
0.00515625 0.0859375 7.84032E-11
-0.0107812 0.179688 8.052E-11
0.00703125 0.117188 8.07895E-11
-0.00421875 0.0703125 7.9297E-11
-0.0220313 0.367188 7.84622E-11
-0.00234375 0.0390625 7.86443E-11
0.00234375 0.0390625 8.02797E-11
0.00890625 0.148438 7.85139E-11
0.0239062 0.398437 7.99606E-11
-0.00328125 0.0546875 8.08381E-11
0.0182812 0.304688 7.88242E-11
0.0107812 0.179688 8.11078E-11
-0.00140625 0.0234375 8.15744E-11
0.00984375 0.164062 8.05186E-11
0.0135937 0.226562 7.96944E-11
-0.0182812 0.304688 7.98572E-11
0.00609375 0.101563 8.08663E-11
-0.0145312 0.242188 7.79539E-11
-0.00796875 0.132812 7.94037E-11
-0.00796875 0.132812 8.1022E-11
-0.0117188 0.195312 8.12338E-11
0.0201563 0.335938 8.04805E-11
0.00609375 0.101563 7.96023E-11
0.00609375 0.101563 7.85698E-11
-0.00234375 0.0390625 8.13486E-11
0.00890625 0.148438 8.08285E-11
-0.00515625 0.0859375 8.06291E-11
0.00234375 0.0390625 8.07863E-11
-0.00515625 0.0859375 8.04805E-11
-0.0182812 0.304688 8.08094E-11
0.0135937 0.226562 7.98273E-11
0.0117188 0.195312 8.04824E-11
-0.00046875 0.0078125 8.07227E-11
0.0117188 0.195312 7.85955E-11
-0.0192187 0.320312 8.08174E-11
0.0126562 0.210938 7.96973E-11
-0.00140625 0.0234375 7.89818E-11
-0.0117188 0.195312 7.95946E-11
0.0107812 0.179688 7.91446E-11
-0.00984375 0.164062 8.02982E-11
-0.0135937 0.226562 8.12907E-11
-0.0220313 0.367188 8.14947E-11
0.0126562 0.210938 7.88067E-11
-0.00421875 0.0703125 8.02904E-11
-0.00796875 0.132812 8.07962E-11
0.00703125 0.117188 8.01935E-11
-0.0107812 0.179688 8.10394E-11
-0.0126562 0.210938 8.07877E-11
-0.00703125 0.117188 8.09907E-11
0.00140625 0.0234375 7.86344E-11
-0.00890625 0.148438 8.04219E-11
0.00421875 0.0703125 8.07632E-11
-0.00515625 0.0859375 8.10574E-11
-0.00421875 0.0703125 8.03023E-11
-0.00515625 0.0859375 7.87449E-11
0.0135937 0.226562 7.93017E-11
0.00703125 0.117188 8.09118E-11
0.0248437 0.414062 7.84045E-11
0.0145312 0.242188 8.02145E-11
-0.0117188 0.195312 8.03082E-11
-0.00421875 0.0703125 8.02612E-11
-0.00984375 0.164062 7.87609E-11
-0.00234375 0.0390625 8.00441E-11
-0.0126562 0.210938 8.03955E-11
-0.00515625 0.0859375 7.80718E-11
0.00140625 0.0234375 8.2032E-11
0.0229688 0.382813 8.1019E-11
0.00046875 0.0078125 8.1311E-11
0.00421875 0.0703125 8.10897E-11
0.00890625 0.148438 8.00848E-11
0.00984375 0.164062 8.10216E-11
0.0117188 0.195312 8.05758E-11
-0.0135937 0.226562 8.01919E-11
-0.00609375 0.101563 8.07576E-11
0.00796875 0.132812 7.83549E-11
-0.00796875 0.132812 8.06072E-11
0.0173437 0.289062 7.93824E-11
0.0117188 0.195312 8.11558E-11
0.00328125 0.0546875 8.07656E-11
-0.0117188 0.195312 8.09647E-11
-0.0145312 0.242188 8.11632E-11
-0.0135937 0.226562 8.12408E-11
0.0173437 0.289062 7.98538E-11
0.00421875 0.0703125 7.99978E-11
0.00796875 0.132812 8.05412E-11
-0.0164062 0.273437 8.00961E-11
0.00515625 0.0859375 7.9655E-11
-0.00609375 0.101563 8.09076E-11
-0.00046875 0.0078125 7.8299E-11
0.0107812 0.179688 7.80894E-11
-0.00703125 0.117188 7.97792E-11
-0.0154687 0.257812 8.03052E-11
-0.00234375 0.0390625 8.03069E-11
0.00421875 0.0703125 7.85505E-11
0.00046875 0.0078125 7.90076E-11
-0.00703125 0.117188 7.93227E-11
-0.0248437 0.414062 8.07789E-11
-0.00609375 0.101563 8.09588E-11
0.00796875 0.132812 7.99416E-11
0.0126562 0.210938 7.74941E-11
0.0126562 0.210938 7.90193E-11
0.00140625 0.0234375 8.07893E-11
0.0164062 0.273437 8.00002E-11
0.0145312 0.242188 8.01328E-11
-0.00234375 0.0390625 8.02576E-11
0.0145312 0.242188 7.83687E-11
0.0107812 0.179688 7.88457E-11
0.00328125 0.0546875 7.8867E-11
-0.00609375 0.101563 8.01817E-11
0.0107812 0.179688 8.07496E-11
0.00234375 0.0390625 7.99891E-11
-0.00890625 0.148438 7.99608E-11
-0.00703125 0.117188 8.00984E-11
0.00328125 0.0546875 8.08587E-11
-0.00234375 0.0390625 8.04652E-11
0.00140625 0.0234375 8.01938E-11
-0.00046875 0.0078125 8.08953E-11
-0.0210937 0.351562 7.99053E-11
-0.0126562 0.210938 8.12042E-11
0.0182812 0.304688 8.06189E-11
0.00046875 0.0078125 7.92889E-11
-0.0135937 0.226562 8.01341E-11
-0.00984375 0.164062 8.04344E-11
0.00140625 0.0234375 8.09724E-11
0.00328125 0.0546875 8.03382E-11
0.0154687 0.257812 7.95305E-11
0.00890625 0.148438 8.17979E-11
-0.0182812 0.304688 8.02703E-11
0.00234375 0.0390625 8.07739E-11
0.0173437 0.289062 7.92379E-11
-0.00890625 0.148438 8.02262E-11
0.00046875 0.0078125 7.90903E-11
0.0173437 0.289062 8.03388E-11
-0.00234375 0.0390625 8.03246E-11
0.00421875 0.0703125 8.03525E-11
-0.0145312 0.242188 8.11699E-11
0.00140625 0.0234375 8.04398E-11
0.00140625 0.0234375 7.90413E-11
0.0192187 0.320312 8.00365E-11
0.00046875 0.0078125 8.04207E-11
-0.0154687 0.257812 8.05112E-11
0.00328125 0.0546875 7.92652E-11
0.00421875 0.0703125 8.05612E-11
0.00609375 0.101563 8.13777E-11
0.0154687 0.257812 7.82904E-11
-0.00796875 0.132812 8.10965E-11
0.0201563 0.335938 7.80751E-11
0.00703125 0.117188 8.08754E-11
0.00515625 0.0859375 8.01765E-11
0.00140625 0.0234375 7.86674E-11
-0.00609375 0.101563 8.09024E-11
-0.0323438 0.539063 8.09485E-11
-0.00328125 0.0546875 8.10113E-11
-0.0126562 0.210938 8.19178E-11
0.0285937 0.476562 7.99298E-11
0.00609375 0.101563 7.91095E-11
-0.0154687 0.257812 7.82373E-11
-0.00421875 0.0703125 7.99723E-11
-0.0239062 0.398437 8.11199E-11
-0.0154687 0.257812 8.04372E-11
0.0126562 0.210938 8.00887E-11
-0.0192187 0.320312 7.99279E-11
0.0126562 0.210938 8.05472E-11
-0.00703125 0.117188 8.13359E-11
-0.0107812 0.179688 8.05388E-11
0.0135937 0.226562 7.8892E-11
-0.00703125 0.117188 7.8464E-11
0.00140625 0.0234375 7.86984E-11
-0.0173437 0.289062 7.93499E-11
-0.00328125 0.0546875 8.07485E-11
-0.0107812 0.179688 8.16665E-11
0.00421875 0.0703125 8.10524E-11
0.00796875 0.132812 8.1046E-11
-0.00984375 0.164062 8.04843E-11
0.00328125 0.0546875 8.01633E-11
-0.0285937 0.476562 8.01933E-11
-0.00796875 0.132812 8.06955E-11
0.0126562 0.210938 8.05618E-11
-0.00984375 0.164062 8.23011E-11
0.0257812 0.429688 8.12717E-11
-0.00328125 0.0546875 8.04679E-11
-0.0332812 0.554688 8.04745E-11
-0.0192187 0.320312 8.04483E-11
-0.00328125 0.0546875 8.06981E-11
-0.00140625 0.0234375 8.10785E-11
0.00515625 0.0859375 8.09858E-11
0.0145312 0.242188 8.21327E-11
0.00046875 0.0078125 8.06493E-11
0.00234375 0.0390625 8.13656E-11
0.0107812 0.179688 8.1285E-11
0.00328125 0.0546875 7.8614E-11
-0.00796875 0.132812 7.85661E-11
0.00984375 0.164062 8.05286E-11
0.00984375 0.164062 8.13422E-11
0.0182812 0.304688 8.05121E-11
-0.00140625 0.0234375 8.09099E-11
-0.00796875 0.132812 8.09445E-11
-0.00328125 0.0546875 8.03741E-11
0.00609375 0.101563 8.0335E-11
-0.00515625 0.0859375 8.04851E-11
0.0154687 0.257812 7.92043E-11
-0.0417187 0.695312 8.17524E-11
0.0145312 0.242188 8.05377E-11
-0.00046875 0.0078125 8.06994E-11
0.0182812 0.304688 8.05799E-11
-0.00703125 0.117188 7.81475E-11
0.0145312 0.242188 8.06885E-11
0.00328125 0.0546875 7.74858E-11
-0.0201563 0.335938 8.12117E-11
-0.00234375 0.0390625 8.07408E-11
-0.00234375 0.0390625 7.9952E-11
-0.00328125 0.0546875 8.09794E-11
0.0210937 0.351562 7.87791E-11
-0.00703125 0.117188 7.99916E-11
-0.00140625 0.0234375 8.03908E-11
0.0182812 0.304688 8.04912E-11
0.00234375 0.0390625 8.07132E-11
0.00796875 0.132812 7.9977E-11
0.0107812 0.179688 8.08224E-11
0.0154687 0.257812 8.11911E-11
0.0135937 0.226562 7.98752E-11
-0.00140625 0.0234375 8.05429E-11
-0.00328125 0.0546875 7.93375E-11
0.00140625 0.0234375 8.03182E-11
0.00796875 0.132812 7.97301E-11
0.0173437 0.289062 8.08631E-11
-0.00984375 0.164062 7.99348E-11
-0.00609375 0.101563 8.06006E-11
-0.0145312 0.242188 7.97556E-11
-0.00984375 0.164062 8.13925E-11
0.00796875 0.132812 7.9783E-11
-0.0173437 0.289062 7.87484E-11
-0.0107812 0.179688 8.01093E-11
0.0164062 0.273437 7.93727E-11
0.0135937 0.226562 8.06787E-11
-0.0154687 0.257812 8.02163E-11
0.00515625 0.0859375 8.1063E-11
0.00890625 0.148438 8.03736E-11
-0.0126562 0.210938 8.04857E-11
-0.00796875 0.132812 8.03163E-11
-0.00234375 0.0390625 8.11777E-11
-0.0220313 0.367188 8.12515E-11
-0.00140625 0.0234375 7.96858E-11
-0.00046875 0.0078125 8.12098E-11
0.0107812 0.179688 8.07079E-11
-0.00421875 0.0703125 8.10673E-11
0.00328125 0.0546875 8.02616E-11
0.0135937 0.226562 8.02819E-11
0.00609375 0.101563 8.05572E-11
0.00984375 0.164062 8.01821E-11
-0.00046875 0.0078125 8.14331E-11
-0.0145312 0.242188 8.07944E-11
0.00515625 0.0859375 7.89266E-11
0.00796875 0.132812 8.16431E-11
-0.00140625 0.0234375 7.84234E-11
0.0154687 0.257812 7.93287E-11
0.0107812 0.179688 7.84557E-11
-0.00234375 0.0390625 7.95198E-11
-0.0210937 0.351562 8.03532E-11
-0.0173437 0.289062 8.01795E-11
0.00421875 0.0703125 8.05121E-11
-0.00234375 0.0390625 8.12299E-11
-0.00796875 0.132812 8.12536E-11
0.0192187 0.320312 7.86936E-11
-0.00046875 0.0078125 7.85646E-11
-0.0117188 0.195312 8.06841E-11
0.00328125 0.0546875 7.82312E-11
0.00703125 0.117188 7.92259E-11
-0.00984375 0.164062 8.04374E-11
0.00796875 0.132812 7.94317E-11
-0.00328125 0.0546875 8.0951E-11
-0.00515625 0.0859375 8.03419E-11
0.00328125 0.0546875 8.03034E-11
0.00140625 0.0234375 7.86468E-11
-0.00609375 0.101563 8.02681E-11
0.00703125 0.117188 7.99602E-11
-0.0117188 0.195312 8.04781E-11
-0.00703125 0.117188 8.05305E-11
-0.00234375 0.0390625 8.01915E-11
-0.00609375 0.101563 8.03434E-11
-0.0107812 0.179688 8.07395E-11
0.0135937 0.226562 8.03378E-11
-0.0192187 0.320312 7.86713E-11
-0.0135937 0.226562 7.81574E-11
-0.00703125 0.117188 7.88826E-11
0.00796875 0.132812 7.99164E-11
-0.0220313 0.367188 8.07965E-11
0.00515625 0.0859375 7.83253E-11
-0.00796875 0.132812 8.04516E-11
-0.0220313 0.367188 8.03547E-11
-0.00140625 0.0234375 8.05148E-11
-0.0117188 0.195312 8.06003E-11
0.0107812 0.179688 7.96891E-11
-0.00046875 0.0078125 7.92926E-11
-0.00234375 0.0390625 7.95316E-11
0.00703125 0.117188 7.82512E-11
-0.00515625 0.0859375 8.10297E-11
-0.00796875 0.132812 8.06479E-11
-0.00234375 0.0390625 7.93753E-11
0.0107812 0.179688 8.05398E-11
0.00890625 0.148438 8.0931E-11
-0.0135937 0.226562 8.10994E-11
0.0285937 0.476562 8.04302E-11
0.0107812 0.179688 7.92473E-11
0.00515625 0.0859375 7.97167E-11
0.00703125 0.117188 8.02155E-11
0.00421875 0.0703125 8.00718E-11
-0.00421875 0.0703125 8.08855E-11
0.0182812 0.304688 7.81576E-11
-0.0173437 0.289062 8.03894E-11
-0.00984375 0.164062 8.08877E-11
-0.00703125 0.117188 8.0316E-11
-0.0164062 0.273437 8.09946E-11
0.00421875 0.0703125 8.08054E-11
0.0126562 0.210938 8.08866E-11
0.00421875 0.0703125 8.00821E-11
-0.00515625 0.0859375 8.02364E-11
0.0192187 0.320312 7.73306E-11
-0.00234375 0.0390625 8.0389E-11
0.00234375 0.0390625 7.98485E-11
0.0145312 0.242188 8.01496E-11
0.00890625 0.148438 8.12654E-11
-0.00796875 0.132812 8.11854E-11
0.00140625 0.0234375 8.06343E-11
-0.00140625 0.0234375 8.01051E-11
-0.0210937 0.351562 8.00803E-11
-0.00984375 0.164062 8.06437E-11
-0.0126562 0.210938 7.99E-11
-0.0126562 0.210938 8.02069E-11
0.0117188 0.195312 8.02553E-11
-0.00609375 0.101563 8.00795E-11
0.00609375 0.101563 7.99541E-11
0.00421875 0.0703125 7.91242E-11
0.0117188 0.195312 7.96052E-11
