-0.0135937 0.226562 3.14303E-10
-0.00140625 0.0234375 3.16674E-10
0.00984375 0.164062 3.18573E-10
0.0182812 0.304688 3.07127E-10
-0.00421875 0.0703125 3.23479E-10
0.00328125 0.0546875 3.16528E-10
-0.00046875 0.0078125 3.13734E-10
0.00890625 0.148438 3.05344E-10
0.00515625 0.0859375 3.12622E-10
0.00609375 0.101563 3.20085E-10
0.00890625 0.148438 3.1644E-10
0.00796875 0.132812 3.32321E-10
0.0192187 0.320312 3.32908E-10
0.00234375 0.0390625 3.17222E-10
-0.0154687 0.257812 3.24877E-10
-0.0164062 0.273437 3.27846E-10
-0.00046875 0.0078125 3.07564E-10
0.00421875 0.0703125 3.23318E-10
0.0145312 0.242188 3.18461E-10
-0.00796875 0.132812 3.23081E-10
0.0173437 0.289062 3.22315E-10
0.00328125 0.0546875 3.31392E-10
0.00609375 0.101563 3.08967E-10
-0.00046875 0.0078125 3.2244E-10
-0.0154687 0.257812 3.1919E-10
0.00421875 0.0703125 3.20537E-10
0.00421875 0.0703125 3.27026E-10
-0.00703125 0.117188 3.0337E-10
0.0145312 0.242188 3.14298E-10
-0.0164062 0.273437 3.32E-10
-0.00515625 0.0859375 3.2512E-10
-0.00515625 0.0859375 3.24725E-10
0.00703125 0.117188 3.1465E-10
0.00046875 0.0078125 3.15472E-10
-0.00796875 0.132812 3.15503E-10
0.00796875 0.132812 3.13385E-10
0.0239062 0.398437 3.23597E-10
-0.00703125 0.117188 3.21212E-10
-0.0126562 0.210938 3.19456E-10
-0.00984375 0.164062 3.3465E-10
0.00515625 0.0859375 3.21121E-10
0.0107812 0.179688 3.11291E-10
-0.00515625 0.0859375 3.12949E-10
0.00140625 0.0234375 3.21446E-10
-0.00703125 0.117188 3.19847E-10
-0.00328125 0.0546875 3.29214E-10
-0.0135937 0.226562 3.29939E-10
0.0145312 0.242188 3.25645E-10
0.00234375 0.0390625 3.21483E-10
0.00421875 0.0703125 3.32555E-10
0.0117188 0.195312 3.22492E-10
0.00140625 0.0234375 3.05826E-10
0.00890625 0.148438 3.32276E-10
-0.00328125 0.0546875 3.16129E-10
0.0164062 0.273437 3.30458E-10
0.00328125 0.0546875 3.09836E-10
-0.00515625 0.0859375 3.14131E-10
0.00703125 0.117188 3.18175E-10
0.00609375 0.101563 3.15673E-10
0.00328125 0.0546875 3.32608E-10
-0.0192187 0.320312 3.14268E-10
-0.0154687 0.257812 3.333E-10
-0.00328125 0.0546875 3.27001E-10
0.00328125 0.0546875 3.15699E-10
-0.00515625 0.0859375 3.17903E-10
-0.00515625 0.0859375 3.05696E-10
-0.0210937 0.351562 3.23562E-10
0.00421875 0.0703125 3.14465E-10
-0.00984375 0.164062 3.16796E-10
-0.0126562 0.210938 3.23424E-10
-0.00703125 0.117188 3.36572E-10
0.00234375 0.0390625 3.30519E-10
0.00046875 0.0078125 3.3259E-10
0.00609375 0.101563 3.14617E-10
0.00796875 0.132812 3.20825E-10
-0.00984375 0.164062 3.15322E-10
-0.00046875 0.0078125 3.21268E-10
0.00421875 0.0703125 3.13544E-10
0.00328125 0.0546875 3.14007E-10
0.00796875 0.132812 3.13485E-10
0.00421875 0.0703125 3.22189E-10
0.0145312 0.242188 3.14306E-10
0.00328125 0.0546875 3.13896E-10
-0.0107812 0.179688 3.2367E-10
0.00328125 0.0546875 3.23941E-10
-0.0126562 0.210938 3.16343E-10
-0.0117188 0.195312 3.13374E-10
-0.0117188 0.195312 3.20224E-10
-0.00328125 0.0546875 3.16028E-10
-0.0173437 0.289062 3.2649E-10
0.00328125 0.0546875 3.21803E-10
0.00328125 0.0546875 3.18485E-10
0.0135937 0.226562 3.136E-10
0.00421875 0.0703125 3.23973E-10
0.00796875 0.132812 3.25369E-10
0.00046875 0.0078125 3.33484E-10
0.00609375 0.101563 3.30866E-10
0.00046875 0.0078125 3.28446E-10
0.00796875 0.132812 3.3155E-10
-0.00703125 0.117188 3.19967E-10
0.0182812 0.304688 3.21495E-10
0.00421875 0.0703125 3.35214E-10
0.00984375 0.164062 3.26152E-10
-0.0164062 0.273437 3.24351E-10
-0.00421875 0.0703125 3.20124E-10
0.00140625 0.0234375 3.14006E-10
-0.00140625 0.0234375 3.22104E-10
0.00140625 0.0234375 3.29434E-10
-0.00515625 0.0859375 3.15827E-10
-0.0135937 0.226562 3.20935E-10
-0.0107812 0.179688 3.14167E-10
-0.00609375 0.101563 3.0569E-10
-0.0145312 0.242188 3.34684E-10
0.00421875 0.0703125 3.21475E-10
0.0107812 0.179688 3.26221E-10
-0.00890625 0.148438 3.24142E-10
0.00515625 0.0859375 3.19776E-10
-0.0126562 0.210938 3.26764E-10
-0.00890625 0.148438 3.2473E-10
-0.0126562 0.210938 3.29639E-10
-0.00140625 0.0234375 3.25849E-10
-0.0107812 0.179688 3.15234E-10
0.0145312 0.242188 3.32721E-10
-0.00796875 0.132812 3.32051E-10
-0.0107812 0.179688 3.26638E-10
0.0107812 0.179688 3.20933E-10
-0.0145312 0.242188 3.25852E-10
0.00890625 0.148438 3.15998E-10
0.00140625 0.0234375 3.18245E-10
0.00046875 0.0078125 3.16181E-10
-0.00984375 0.164062 3.24945E-10
0.00140625 0.0234375 3.22784E-10
-0.00421875 0.0703125 3.14769E-10
0.0182812 0.304688 3.23846E-10
0.00421875 0.0703125 3.18083E-10
0.0126562 0.210938 3.21903E-10
0.0201563 0.335938 3.22573E-10
-0.0117188 0.195312 3.27189E-10
0.00609375 0.101563 3.19398E-10
0.00703125 0.117188 3.24593E-10
0.00140625 0.0234375 3.22589E-10
-0.0126562 0.210938 3.14556E-10
0.00703125 0.117188 3.20693E-10
-0.00984375 0.164062 3.24183E-10
-0.0126562 0.210938 3.23352E-10
0.00421875 0.0703125 3.14771E-10
-0.00140625 0.0234375 3.22533E-10
-0.00421875 0.0703125 3.12417E-10
0.0164062 0.273437 3.14903E-10
0.00609375 0.101563 3.11101E-10
0.00421875 0.0703125 3.23101E-10
-0.00140625 0.0234375 3.22788E-10
-0.00421875 0.0703125 3.24593E-10
0.0220313 0.367188 3.28848E-10
-0.00703125 0.117188 3.10409E-10
-0.00609375 0.101563 3.27555E-10
0.00609375 0.101563 3.16297E-10
-0.00140625 0.0234375 3.12689E-10
0.00796875 0.132812 3.07733E-10
0.00046875 0.0078125 3.25256E-10
-0.0164062 0.273437 3.1896E-10
0.00328125 0.0546875 3.20019E-10
0.0201563 0.335938 3.13443E-10
0.0135937 0.226562 3.23639E-10
-0.0154687 0.257812 3.24848E-10
0.0107812 0.179688 3.16274E-10
0.00890625 0.148438 3.13778E-10
0.00984375 0.164062 3.18847E-10
-0.00328125 0.0546875 3.27021E-10
-0.00609375 0.101563 3.31185E-10
0.0117188 0.195312 3.13214E-10
0.00703125 0.117188 3.25174E-10
-0.00140625 0.0234375 3.15478E-10
0.00421875 0.0703125 3.13463E-10
-0.00234375 0.0390625 3.20848E-10
0.00515625 0.0859375 3.15008E-10
-0.00515625 0.0859375 3.21462E-10
0.00046875 0.0078125 3.12466E-10
-0.00046875 0.0078125 3.171E-10
0.00703125 0.117188 3.29668E-10
0.00703125 0.117188 3.1616E-10
-0.00046875 0.0078125 3.37919E-10
-0.00703125 0.117188 3.23285E-10
0.00703125 0.117188 3.13292E-10
-0.00234375 0.0390625 3.20951E-10
0.00328125 0.0546875 3.06964E-10
-0.00796875 0.132812 3.19557E-10
-0.00140625 0.0234375 3.1377E-10
0.0164062 0.273437 3.25663E-10
-0.0145312 0.242188 3.1249E-10
0.00140625 0.0234375 3.13718E-10
-0.0126562 0.210938 3.21728E-10
0.00234375 0.0390625 3.16067E-10
-0.00515625 0.0859375 3.17084E-10
-0.00234375 0.0390625 3.23488E-10
-0.00234375 0.0390625 3.1291E-10
0.00328125 0.0546875 3.16577E-10
0.0117188 0.195312 3.31946E-10
0.00703125 0.117188 3.22394E-10
0.00515625 0.0859375 3.11559E-10
0.00421875 0.0703125 3.28492E-10
0.00046875 0.0078125 3.23606E-10
-0.00609375 0.101563 3.15648E-10
0.00328125 0.0546875 3.31907E-10
-0.00984375 0.164062 3.26124E-10
-0.0201563 0.335938 3.26384E-10
0.00609375 0.101563 3.16757E-10
-0.00421875 0.0703125 3.27317E-10
0.00046875 0.0078125 3.26098E-10
0.0145312 0.242188 3.34137E-10
-0.00046875 0.0078125 3.16922E-10
-0.0126562 0.210938 3.19803E-10
0.0201563 0.335938 3.21053E-10
0.00046875 0.0078125 3.26788E-10
0.00328125 0.0546875 3.25272E-10
-0.0135937 0.226562 3.08263E-10
-0.0126562 0.210938 3.19601E-10
-0.0145312 0.242188 3.23179E-10
-0.0107812 0.179688 3.1862E-10
-0.00234375 0.0390625 3.26014E-10
-0.00046875 0.0078125 3.17833E-10
-0.0154687 0.257812 3.19769E-10
-0.00609375 0.101563 3.25168E-10
-0.00796875 0.132812 3.31346E-10
-0.00421875 0.0703125 3.26643E-10
-0.00515625 0.0859375 3.22233E-10
-0.0126562 0.210938 3.25739E-10
0.0135937 0.226562 3.26726E-10
0.00140625 0.0234375 3.22139E-10
0.0107812 0.179688 3.19749E-10
-0.00984375 0.164062 3.23718E-10
-0.00609375 0.101563 3.30903E-10
-0.00234375 0.0390625 3.21562E-10
-0.00140625 0.0234375 3.35719E-10
0.0257812 0.429688 3.28174E-10
-0.00234375 0.0390625 3.23503E-10
0.00515625 0.0859375 3.22266E-10
-0.00984375 0.164062 3.24233E-10
-0.0135937 0.226562 3.23242E-10
-0.00421875 0.0703125 3.27378E-10
-0.00140625 0.0234375 3.21047E-10
0.00234375 0.0390625 3.31286E-10
0.00984375 0.164062 3.22758E-10
0.00984375 0.164062 3.13455E-10
0.00140625 0.0234375 3.22929E-10
0.0145312 0.242188 3.09362E-10
-0.0117188 0.195312 3.31882E-10
-0.00609375 0.101563 3.26794E-10
0.00515625 0.0859375 3.26989E-10
0.0164062 0.273437 3.21758E-10
-0.00515625 0.0859375 3.18935E-10
-0.00328125 0.0546875 3.1939E-10
-0.00421875 0.0703125 3.25707E-10
0.00984375 0.164062 3.28056E-10
-0.00046875 0.0078125 3.43521E-10
0.00046875 0.0078125 3.26218E-10
0.00234375 0.0390625 3.22473E-10
0.0229688 0.382813 3.34859E-10
0.00515625 0.0859375 3.15628E-10
-0.00890625 0.148438 3.12578E-10
0.0360937 0.601562 3.26895E-10
0.0145312 0.242188 3.22746E-10
-0.00328125 0.0546875 3.19616E-10
0.00609375 0.101563 3.13222E-10
0.00234375 0.0390625 3.15181E-10
-0.00046875 0.0078125 3.19613E-10
0.00046875 0.0078125 3.13277E-10
-0.00234375 0.0390625 3.26843E-10
-0.00046875 0.0078125 3.23977E-10
0.00984375 0.164062 3.15581E-10
-0.00140625 0.0234375 3.14914E-10
0.00703125 0.117188 3.24807E-10
-0.0145312 0.242188 3.39226E-10
0.00984375 0.164062 3.17795E-10
0.00234375 0.0390625 3.22507E-10
-0.00421875 0.0703125 3.1123E-10
0.00234375 0.0390625 3.22421E-10
0.00703125 0.117188 3.16339E-10
-0.00046875 0.0078125 3.3045E-10
0.00984375 0.164062 3.07239E-10
0.00140625 0.0234375 3.20077E-10
-0.0201563 0.335938 3.23738E-10
-0.00890625 0.148438 3.18913E-10
-0.00984375 0.164062 3.25509E-10
-0.0107812 0.179688 3.22259E-10
-0.0117188 0.195312 3.20759E-10
-0.00328125 0.0546875 3.29219E-10
0.00234375 0.0390625 3.20554E-10
-0.00609375 0.101563 3.14416E-10
-0.00421875 0.0703125 3.16419E-10
0.0117188 0.195312 3.21799E-10
0.00515625 0.0859375 3.16992E-10
0.0126562 0.210938 3.12587E-10
0.0154687 0.257812 3.22556E-10
-0.00140625 0.0234375 3.19785E-10
0.00703125 0.117188 3.19248E-10
0.00421875 0.0703125 3.14474E-10
0.00421875 0.0703125 3.29613E-10
0.0182812 0.304688 3.14896E-10
-0.00421875 0.0703125 3.31415E-10
-0.00703125 0.117188 3.23589E-10
0.00234375 0.0390625 3.21605E-10
0.00046875 0.0078125 3.19925E-10
0.00234375 0.0390625 3.2597E-10
-0.00609375 0.101563 3.06775E-10
-0.0107812 0.179688 3.24949E-10
0.00703125 0.117188 3.2846E-10
-0.0117188 0.195312 3.28998E-10
0.00328125 0.0546875 3.22892E-10
-0.00234375 0.0390625 3.08832E-10
-0.0229688 0.382813 3.24931E-10
0.00796875 0.132812 3.22764E-10
-0.00421875 0.0703125 3.14831E-10
0.00140625 0.0234375 3.20805E-10
-0.00515625 0.0859375 3.19351E-10
-0.00515625 0.0859375 3.31888E-10
0.00328125 0.0546875 3.13001E-10
0.0145312 0.242188 3.13189E-10
-0.00421875 0.0703125 3.16239E-10
-0.00515625 0.0859375 3.25476E-10
0.00328125 0.0546875 3.34085E-10
-0.00515625 0.0859375 3.27363E-10
0.00328125 0.0546875 3.13528E-10
0.0126562 0.210938 3.24207E-10
-0.00234375 0.0390625 3.23363E-10
0.00328125 0.0546875 3.1917E-10
0.00515625 0.0859375 3.12875E-10
-0.00328125 0.0546875 3.31756E-10
-0.00234375 0.0390625 3.20881E-10
-0.00984375 0.164062 3.22233E-10
0.00421875 0.0703125 3.20096E-10
-0.00703125 0.117188 3.11362E-10
0.00515625 0.0859375 3.13358E-10
0.00140625 0.0234375 3.25212E-10
-0.0173437 0.289062 3.20489E-10
0.00421875 0.0703125 3.21045E-10
-0.00046875 0.0078125 3.21982E-10
-0.00609375 0.101563 3.16917E-10
-0.00140625 0.0234375 3.2813E-10
-0.00328125 0.0546875 3.23757E-10
0.00515625 0.0859375 3.02949E-10
0.0154687 0.257812 3.16249E-10
-0.00046875 0.0078125 3.29874E-10
-0.0192187 0.320312 3.15019E-10
-0.0257812 0.429688 3.1107E-10
0.00421875 0.0703125 3.2312E-10
0.00890625 0.148438 3.15929E-10
0.00328125 0.0546875 3.22724E-10
-0.00140625 0.0234375 3.15094E-10
-0.00328125 0.0546875 3.23204E-10
0.00140625 0.0234375 3.22968E-10
0.0145312 0.242188 3.14198E-10
-0.00328125 0.0546875 3.17557E-10
0.00234375 0.0390625 3.14263E-10
0.00421875 0.0703125 3.14828E-10
0.0145312 0.242188 3.22997E-10
0.00421875 0.0703125 3.14034E-10
0.0257812 0.429688 3.12276E-10
0.0145312 0.242188 3.22114E-10
0.0107812 0.179688 3.21952E-10
0.00140625 0.0234375 3.21471E-10
-0.00703125 0.117188 3.35236E-10
0.00984375 0.164062 3.14903E-10
0.00328125 0.0546875 3.23392E-10
-0.0117188 0.195312 3.33188E-10
0.00609375 0.101563 3.22677E-10
-0.0117188 0.195312 3.25438E-10
0.0182812 0.304688 3.33554E-10
-0.0164062 0.273437 3.1804E-10
0.0154687 0.257812 3.1605E-10
-0.0210937 0.351562 3.3471E-10
-0.00515625 0.0859375 3.22888E-10
0.00046875 0.0078125 3.19373E-10
-0.00328125 0.0546875 3.10201E-10
0.0126562 0.210938 3.09731E-10
0.00984375 0.164062 3.22632E-10
0.00609375 0.101563 3.29837E-10
-0.00140625 0.0234375 3.31227E-10
-0.00515625 0.0859375 3.27675E-10
-0.00796875 0.132812 3.25315E-10
0.00234375 0.0390625 3.19423E-10
-0.0201563 0.335938 3.18625E-10
-0.0154687 0.257812 3.33121E-10
-0.0182812 0.304688 3.20248E-10
-0.00234375 0.0390625 3.19317E-10
-0.00890625 0.148438 3.29064E-10
-0.00046875 0.0078125 3.32012E-10
-0.00046875 0.0078125 3.06848E-10
0.00703125 0.117188 3.28397E-10
-0.00796875 0.132812 3.21454E-10
-0.0135937 0.226562 3.22035E-10
0.0135937 0.226562 3.22159E-10
-0.0135937 0.226562 3.13411E-10
0.0173437 0.289062 3.12703E-10
0.00234375 0.0390625 3.10428E-10
0.0210937 0.351562 3.08904E-10
0.00234375 0.0390625 3.24258E-10
-0.0126562 0.210938 3.16273E-10
0.0117188 0.195312 3.10605E-10
-0.00046875 0.0078125 3.18517E-10
-0.00328125 0.0546875 3.30924E-10
-0.0107812 0.179688 3.14259E-10
-0.00515625 0.0859375 3.20993E-10
0.00984375 0.164062 3.15898E-10
0.0107812 0.179688 3.12545E-10
0.00796875 0.132812 3.08009E-10
0.00421875 0.0703125 3.30125E-10
-0.00515625 0.0859375 3.27527E-10
-0.00703125 0.117188 3.19066E-10
0.0126562 0.210938 3.265E-10
-0.00609375 0.101563 3.13633E-10
0.00703125 0.117188 3.19818E-10
-0.0220313 0.367188 3.26425E-10
0.00328125 0.0546875 3.25745E-10
-0.00421875 0.0703125 3.20903E-10
0.00234375 0.0390625 3.12162E-10
0.00328125 0.0546875 3.16687E-10
-0.0117188 0.195312 3.32374E-10
-0.00234375 0.0390625 3.24709E-10
0.0257812 0.429688 3.31774E-10
0.00703125 0.117188 3.22467E-10
0.00234375 0.0390625 3.23761E-10
0.00234375 0.0390625 3.12717E-10
-0.00703125 0.117188 3.22438E-10
-0.00328125 0.0546875 3.20359E-10
-0.00140625 0.0234375 3.20543E-10
-0.00984375 0.164062 3.24133E-10
-0.0126562 0.210938 3.15295E-10
0.0126562 0.210938 3.30483E-10
-0.00234375 0.0390625 3.30781E-10
0.00609375 0.101563 3.16137E-10
-0.00796875 0.132812 3.13077E-10
0.00890625 0.148438 3.2205E-10
0.00515625 0.0859375 3.33068E-10
-0.00140625 0.0234375 3.12807E-10
0.00984375 0.164062 3.15056E-10
-0.00609375 0.101563 3.17653E-10
-0.00421875 0.0703125 3.26184E-10
0.00328125 0.0546875 3.13589E-10
-0.00703125 0.117188 3.20844E-10
0.00328125 0.0546875 3.13121E-10
0.00890625 0.148438 3.24354E-10
0.0229688 0.382813 3.24155E-10
-0.00046875 0.0078125 3.31158E-10
-0.00703125 0.117188 3.24232E-10
0.00046875 0.0078125 3.12149E-10
0.00328125 0.0546875 3.23149E-10
-0.00328125 0.0546875 3.131E-10
0.00140625 0.0234375 3.22303E-10
0.00234375 0.0390625 3.2381E-10
-0.00609375 0.101563 3.23218E-10
-0.0173437 0.289062 3.1675E-10
-0.0173437 0.289062 3.24858E-10
0.0107812 0.179688 3.22653E-10
-0.00890625 0.148438 3.23143E-10
-0.00421875 0.0703125 3.38695E-10
-0.00140625 0.0234375 3.2247E-10
-0.0164062 0.273437 3.26495E-10
0.00234375 0.0390625 3.25268E-10
-0.00703125 0.117188 3.08824E-10
-0.0126562 0.210938 3.2058E-10
-0.00046875 0.0078125 3.23976E-10
0.0192187 0.320312 3.23989E-10
-0.0257812 0.429688 3.27522E-10
-0.0192187 0.320312 3.21278E-10
0.0117188 0.195312 3.36952E-10
-0.00703125 0.117188 3.06788E-10
0.00328125 0.0546875 3.27243E-10
-0.00703125 0.117188 3.30886E-10
0.00421875 0.0703125 3.29227E-10
0.00046875 0.0078125 3.12577E-10
-0.00421875 0.0703125 3.22059E-10
0.00515625 0.0859375 3.20624E-10
-0.00984375 0.164062 3.12851E-10
0.00703125 0.117188 3.20478E-10
-0.00328125 0.0546875 3.2943E-10
-0.00046875 0.0078125 3.3175E-10
-0.0107812 0.179688 3.2359E-10
-0.00421875 0.0703125 3.23661E-10
0.00703125 0.117188 3.21E-10
-0.0164062 0.273437 3.14107E-10
0.00703125 0.117188 3.11983E-10
-0.00234375 0.0390625 3.16159E-10
-0.0173437 0.289062 3.20749E-10
-0.00140625 0.0234375 3.18904E-10
0.0107812 0.179688 3.14591E-10
-0.00890625 0.148438 3.14458E-10
0.00234375 0.0390625 3.23614E-10
0.0117188 0.195312 3.25485E-10
0.0126562 0.210938 3.2022E-10
-0.00890625 0.148438 3.2337E-10
0.00515625 0.0859375 3.31095E-10
0.0126562 0.210938 3.13241E-10
-0.00609375 0.101563 3.36117E-10
0.0248437 0.414062 3.24712E-10
-0.00515625 0.0859375 3.1271E-10
-0.00140625 0.0234375 3.13862E-10
-0.00703125 0.117188 3.29823E-10
-0.00234375 0.0390625 3.23665E-10
-0.00703125 0.117188 3.19875E-10
