-0.00890625 0.148438 7.17083E-11
0.00984375 0.164062 7.06811E-11
-0.0220313 0.367188 7.09702E-11
0.0145312 0.242188 6.79928E-11
-0.0173437 0.289062 7.21923E-11
0.00046875 0.0078125 6.91211E-11
-0.0126562 0.210938 6.93641E-11
0.00515625 0.0859375 7.08779E-11
-0.00515625 0.0859375 6.98651E-11
-0.0267187 0.445312 7.12326E-11
0.00515625 0.0859375 7.0972E-11
-0.00421875 0.0703125 7.06302E-11
-0.0145312 0.242188 6.9702E-11
-0.00703125 0.117188 7.07208E-11
0.0510937 0.851562 7.01293E-11
0.00796875 0.132812 6.97284E-11
-0.00609375 0.101563 7.08141E-11
-0.00328125 0.0546875 7.00766E-11
-0.0107812 0.179688 7.18332E-11
0.0164062 0.273437 7.00083E-11
0.0164062 0.273437 7.03321E-11
0.0210937 0.351562 7.0109E-11
-0.0182812 0.304688 6.99402E-11
0.00984375 0.164062 7.0753E-11
-0.0182812 0.304688 7.02735E-11
0.0173437 0.289062 7.03603E-11
0.0135937 0.226562 7.01334E-11
-0.0164062 0.273437 7.10059E-11
0.00515625 0.0859375 6.9218E-11
-0.0117188 0.195312 7.13109E-11
-0.00796875 0.132812 7.00643E-11
-0.0257812 0.429688 7.12996E-11
0.0126562 0.210938 6.99349E-11
-0.0182812 0.304688 6.97867E-11
-0.0135937 0.226562 6.99874E-11
-0.0407813 0.679688 7.22209E-11
-0.00890625 0.148438 6.91618E-11
-0.00609375 0.101563 6.86509E-11
-0.00140625 0.0234375 7.06663E-11
-0.00140625 0.0234375 6.89354E-11
0.0332812 0.554688 6.95953E-11
-0.0117188 0.195312 7.12031E-11
-0.0135937 0.226562 7.20255E-11
0.00421875 0.0703125 7.03239E-11
0.00234375 0.0390625 6.96606E-11
-0.0239062 0.398437 7.10865E-11
-0.0210937 0.351562 7.06117E-11
-0.00328125 0.0546875 7.09291E-11
0.00609375 0.101563 7.02369E-11
-0.00890625 0.148438 7.02528E-11
-0.00703125 0.117188 7.03443E-11
-0.00515625 0.0859375 7.03984E-11
0.00703125 0.117188 7.12157E-11
0.0107812 0.179688 6.9976E-11
-0.0192187 0.320312 7.08271E-11
0.00328125 0.0546875 7.08009E-11
-0.00140625 0.0234375 7.0718E-11
-0.00984375 0.164062 7.17323E-11
0.0210937 0.351562 6.95945E-11
0.0154687 0.257812 6.9839E-11
0.0210937 0.351562 6.99692E-11
-0.0145312 0.242188 6.98833E-11
-0.00890625 0.148438 7.13995E-11
0.00140625 0.0234375 7.0938E-11
-0.00984375 0.164062 7.1913E-11
-0.00328125 0.0546875 7.02678E-11
0.00140625 0.0234375 6.93388E-11
-0.0192187 0.320312 6.96016E-11
-0.00234375 0.0390625 6.92056E-11
0.0229688 0.382813 7.06213E-11
0.0154687 0.257812 7.09544E-11
0.00890625 0.148438 6.9105E-11
0.0342187 0.570312 6.98241E-11
0.0117188 0.195312 7.04749E-11
-0.00984375 0.164062 7.08331E-11
0.0154687 0.257812 7.14427E-11
-0.0117188 0.195312 7.01475E-11
0.0154687 0.257812 7.16804E-11
-0.0117188 0.195312 7.15126E-11
-0.00140625 0.0234375 7.0145E-11
0.00984375 0.164062 7.1192E-11
-0.00515625 0.0859375 6.93876E-11
-0.0192187 0.320312 7.06157E-11
0.00609375 0.101563 7.07822E-11
-0.00046875 0.0078125 7.16924E-11
-0.0192187 0.320312 7.07835E-11
0.0164062 0.273437 6.95721E-11
0.00703125 0.117188 6.96856E-11
-0.0173437 0.289062 7.07617E-11
-0.00140625 0.0234375 6.82654E-11
-0.00046875 0.0078125 7.12512E-11
-0.00140625 0.0234375 7.11182E-11
0.0229688 0.382813 6.91922E-11
-0.00515625 0.0859375 7.11438E-11
-0.0173437 0.289062 6.99928E-11
-0.00046875 0.0078125 7.07362E-11
0.00703125 0.117188 6.87567E-11
-0.0201563 0.335938 7.0849E-11
0.0107812 0.179688 7.10885E-11
0.00234375 0.0390625 6.99438E-11
-0.00421875 0.0703125 6.93413E-11
0.00140625 0.0234375 7.01599E-11
-0.00609375 0.101563 6.98258E-11
0.00046875 0.0078125 7.09168E-11
0.00140625 0.0234375 7.00356E-11
-0.0145312 0.242188 6.89336E-11
-0.00984375 0.164062 7.22669E-11
-0.0107812 0.179688 7.1679E-11
-0.0154687 0.257812 7.14562E-11
-0.0257812 0.429688 7.19234E-11
-0.0210937 0.351562 6.94474E-11
0.00140625 0.0234375 6.94933E-11
-0.00140625 0.0234375 6.94968E-11
-0.00890625 0.148438 7.00551E-11
0.00796875 0.132812 7.07843E-11
0.00140625 0.0234375 7.14741E-11
-0.0229688 0.382813 7.11637E-11
-0.00703125 0.117188 7.06642E-11
0.00140625 0.0234375 7.0865E-11
-0.00609375 0.101563 7.01101E-11
0.00984375 0.164062 6.97693E-11
0.00890625 0.148438 6.88306E-11
0.0117188 0.195312 6.96132E-11
-0.0117188 0.195312 7.22782E-11
-0.0117188 0.195312 6.92719E-11
0.00609375 0.101563 7.03289E-11
-0.00140625 0.0234375 6.91725E-11
0.00890625 0.148438 7.06185E-11
-0.00703125 0.117188 7.02127E-11
-0.00609375 0.101563 7.02603E-11
0.0220313 0.367188 7.21062E-11
-0.00984375 0.164062 7.04849E-11
0.0220313 0.367188 6.91548E-11
0.00234375 0.0390625 7.01753E-11
0.0107812 0.179688 7.06891E-11
0.00234375 0.0390625 7.02565E-11
0.00703125 0.117188 6.93818E-11
0.0239062 0.398437 7.09808E-11
0.0239062 0.398437 7.02798E-11
-0.00234375 0.0390625 7.06974E-11
0.00140625 0.0234375 6.94652E-11
-0.00328125 0.0546875 7.04064E-11
-0.0135937 0.226562 6.94965E-11
0.0220313 0.367188 6.97466E-11
-0.00609375 0.101563 6.97601E-11
-0.0126562 0.210938 7.0347E-11
-0.00890625 0.148438 7.12507E-11
0.00328125 0.0546875 7.15851E-11
-0.0220313 0.367188 7.09866E-11
-0.00328125 0.0546875 6.8486E-11
0.00046875 0.0078125 7.06173E-11
-0.0107812 0.179688 7.06891E-11
0.0276563 0.460938 6.89543E-11
0.00328125 0.0546875 7.05559E-11
-0.00234375 0.0390625 7.03839E-11
0.00234375 0.0390625 7.02292E-11
0.00890625 0.148438 7.04348E-11
0.00421875 0.0703125 6.99666E-11
0.0192187 0.320312 7.13446E-11
-0.0126562 0.210938 6.8563E-11
0.00796875 0.132812 7.15513E-11
0.00046875 0.0078125 6.96249E-11
0.00796875 0.132812 6.97308E-11
0.0210937 0.351562 6.98713E-11
0.00234375 0.0390625 7.08835E-11
-0.0107812 0.179688 7.09723E-11
-0.00703125 0.117188 7.19263E-11
-0.00796875 0.132812 7.21084E-11
0.0229688 0.382813 7.06674E-11
-0.00421875 0.0703125 7.06902E-11
-0.0192187 0.320312 7.11096E-11
0.00890625 0.148438 6.95428E-11
-0.0117188 0.195312 7.08223E-11
-0.0276563 0.460938 7.19983E-11
-0.00515625 0.0859375 7.15403E-11
-0.00703125 0.117188 7.15765E-11
-0.00421875 0.0703125 7.01048E-11
-0.00515625 0.0859375 7.16676E-11
-0.0342187 0.570312 6.98424E-11
-0.00234375 0.0390625 6.80076E-11
-0.00234375 0.0390625 7.14081E-11
-0.00046875 0.0078125 7.05894E-11
0.00234375 0.0390625 7.0755E-11
-0.00328125 0.0546875 6.93142E-11
-0.00140625 0.0234375 7.00406E-11
-0.00328125 0.0546875 7.11563E-11
-0.0107812 0.179688 6.95242E-11
0.00140625 0.0234375 7.03092E-11
0.0164062 0.273437 7.07629E-11
0.0210937 0.351562 7.01547E-11
-0.00421875 0.0703125 7.13765E-11
0.0117188 0.195312 7.10427E-11
0.0164062 0.273437 6.90644E-11
-0.00046875 0.0078125 6.8956E-11
0.00328125 0.0546875 6.97627E-11
0.00046875 0.0078125 6.87084E-11
0.0135937 0.226562 6.86167E-11
-0.0154687 0.257812 7.01083E-11
0.00890625 0.148438 7.05368E-11
-0.0117188 0.195312 7.06457E-11
0.00421875 0.0703125 6.94709E-11
-0.00890625 0.148438 7.0489E-11
0.00328125 0.0546875 7.10818E-11
0.0210937 0.351562 7.05713E-11
-0.00703125 0.117188 7.09882E-11
-0.0332812 0.554688 7.00193E-11
0.00609375 0.101563 6.83594E-11
-0.0107812 0.179688 7.11277E-11
-0.00046875 0.0078125 7.11865E-11
0.00703125 0.117188 6.99153E-11
-0.00046875 0.0078125 7.16446E-11
0.0248437 0.414062 6.96021E-11
-0.0135937 0.226562 7.08371E-11
0.00140625 0.0234375 7.0667E-11
-0.00046875 0.0078125 6.99949E-11
0.00234375 0.0390625 7.00555E-11
0.00609375 0.101563 7.01054E-11
-0.0464062 0.773438 7.01513E-11
-0.0276563 0.460938 7.09416E-11
-0.00234375 0.0390625 6.9488E-11
-0.0257812 0.429688 6.9134E-11
0.0285937 0.476562 6.98266E-11
0.00140625 0.0234375 7.08252E-11
0.00421875 0.0703125 6.9822E-11
0.0145312 0.242188 7.19325E-11
0.00046875 0.0078125 7.02228E-11
-0.0107812 0.179688 7.0975E-11
-0.00890625 0.148438 7.0871E-11
-0.0126562 0.210938 7.01285E-11
0.00328125 0.0546875 7.12065E-11
0.00140625 0.0234375 7.15552E-11
-0.00890625 0.148438 7.06162E-11
0.00796875 0.132812 7.01688E-11
0.00890625 0.148438 6.87694E-11
0.00421875 0.0703125 7.06659E-11
-0.00328125 0.0546875 6.96405E-11
0.0192187 0.320312 7.08608E-11
-0.00328125 0.0546875 7.07124E-11
0.00421875 0.0703125 7.02764E-11
-0.00796875 0.132812 6.94834E-11
0.0173437 0.289062 7.08228E-11
-0.00796875 0.132812 7.02523E-11
-0.0201563 0.335938 7.2603E-11
0.00328125 0.0546875 6.98302E-11
-0.00703125 0.117188 7.07217E-11
0.0220313 0.367188 7.1358E-11
-0.0164062 0.273437 7.21064E-11
-0.0164062 0.273437 6.96493E-11
-0.0117188 0.195312 7.13467E-11
0.00328125 0.0546875 6.96816E-11
-0.00046875 0.0078125 7.0322E-11
-0.0117188 0.195312 7.16726E-11
0.0323438 0.539063 6.99363E-11
0.0192187 0.320312 6.92333E-11
0.00234375 0.0390625 7.0139E-11
-0.0117188 0.195312 6.96664E-11
-0.0182812 0.304688 6.93627E-11
-0.00796875 0.132812 7.07733E-11
0.00796875 0.132812 7.05839E-11
-0.00890625 0.148438 6.96849E-11
-0.0173437 0.289062 6.92412E-11
-0.00046875 0.0078125 7.02301E-11
-0.0201563 0.335938 7.02776E-11
-0.00328125 0.0546875 6.96444E-11
-0.00328125 0.0546875 6.9496E-11
0.0117188 0.195312 6.97937E-11
-0.0145312 0.242188 7.01439E-11
-0.00796875 0.132812 7.27538E-11
-0.0285937 0.476562 7.22817E-11
-0.0239062 0.398437 6.9426E-11
0.00140625 0.0234375 7.07355E-11
0.00328125 0.0546875 7.08349E-11
-0.0220313 0.367188 7.23986E-11
-0.00046875 0.0078125 7.17821E-11
0.00234375 0.0390625 6.92929E-11
0.00703125 0.117188 7.12141E-11
-0.00796875 0.132812 7.04529E-11
-0.00046875 0.0078125 7.18251E-11
-0.00703125 0.117188 7.12268E-11
-0.00328125 0.0546875 7.07915E-11
-0.0182812 0.304688 7.12794E-11
-0.0135937 0.226562 7.04311E-11
0.00046875 0.0078125 6.91464E-11
0.0182812 0.304688 6.99592E-11
0.0145312 0.242188 7.06421E-11
0.00515625 0.0859375 6.93398E-11
-0.00515625 0.0859375 6.98406E-11
0.0182812 0.304688 6.8436E-11
0.0126562 0.210938 7.03653E-11
-0.00984375 0.164062 7.09775E-11
0.0229688 0.382813 7.00374E-11
0.0107812 0.179688 7.08786E-11
-0.00515625 0.0859375 7.02885E-11
0.0126562 0.210938 7.019E-11
-0.0117188 0.195312 7.03642E-11
-0.00046875 0.0078125 7.12968E-11
-0.0145312 0.242188 6.92797E-11
-0.00046875 0.0078125 6.94911E-11
-0.00328125 0.0546875 7.12453E-11
-0.0257812 0.429688 7.22527E-11
-0.0182812 0.304688 6.99257E-11
-0.00984375 0.164062 7.13444E-11
0.0126562 0.210938 7.07676E-11
-0.0182812 0.304688 7.11849E-11
0.00328125 0.0546875 6.91216E-11
-0.0192187 0.320312 7.16082E-11
-0.0126562 0.210938 7.02612E-11
-0.0276563 0.460938 7.2808E-11
0.00703125 0.117188 7.04029E-11
-0.0248437 0.414062 7.12741E-11
-0.0267187 0.445312 7.11485E-11
0.0276563 0.460938 7.14238E-11
0.0314062 0.523438 6.93595E-11
0.0267187 0.445312 6.85908E-11
0.0248437 0.414062 6.97912E-11
0.0210937 0.351562 6.96862E-11
0.00984375 0.164062 6.93026E-11
-0.00703125 0.117188 7.09671E-11
-0.00515625 0.0859375 7.11903E-11
0.0154687 0.257812 7.06617E-11
0.0154687 0.257812 7.09052E-11
0.00609375 0.101563 6.95236E-11
0.00328125 0.0546875 6.96073E-11
0.0229688 0.382813 7.00973E-11
-0.0201563 0.335938 7.03897E-11
-0.0126562 0.210938 7.17693E-11
-0.0154687 0.257812 7.15309E-11
0.0342187 0.570312 6.93905E-11
-0.00609375 0.101563 7.03511E-11
-0.0295312 0.492188 7.1735E-11
-0.00046875 0.0078125 6.95691E-11
-0.00984375 0.164062 7.00221E-11
-0.00890625 0.148438 6.92103E-11
-0.00703125 0.117188 7.11897E-11
0.00046875 0.0078125 7.16475E-11
-0.00421875 0.0703125 6.89803E-11
-0.00046875 0.0078125 7.06795E-11
-0.00046875 0.0078125 6.92883E-11
-0.00046875 0.0078125 7.08106E-11
-0.0135937 0.226562 7.08454E-11
0.00703125 0.117188 6.8563E-11
0.0239062 0.398437 7.10916E-11
-0.0107812 0.179688 7.06702E-11
0.0107812 0.179688 6.90736E-11
-0.0117188 0.195312 6.96397E-11
0.0154687 0.257812 6.88997E-11
0.00328125 0.0546875 6.89699E-11
-0.00890625 0.148438 6.91866E-11
0.00328125 0.0546875 6.95696E-11
0.0154687 0.257812 7.0322E-11
0.0304687 0.507812 6.97187E-11
-0.0154687 0.257812 6.91322E-11
-0.0126562 0.210938 7.06064E-11
0.00984375 0.164062 6.92076E-11
-0.0295312 0.492188 7.22092E-11
-0.00515625 0.0859375 6.98059E-11
0.0164062 0.273437 6.78499E-11
0.00796875 0.132812 6.8848E-11
0.00515625 0.0859375 7.04773E-11
0.00890625 0.148438 7.14003E-11
-0.0126562 0.210938 7.11854E-11
-0.0201563 0.335938 7.1234E-11
-0.00515625 0.0859375 7.0895E-11
-0.00328125 0.0546875 7.025E-11
0.00421875 0.0703125 7.03842E-11
-0.0107812 0.179688 7.05307E-11
-0.00234375 0.0390625 7.12692E-11
-0.0164062 0.273437 7.12316E-11
0.0126562 0.210938 6.94159E-11
-0.0201563 0.335938 7.11813E-11
-0.0445312 0.742187 7.1844E-11
-0.00234375 0.0390625 7.05796E-11
0.0107812 0.179688 6.9038E-11
0.0107812 0.179688 7.00228E-11
0.00796875 0.132812 7.04763E-11
-0.00515625 0.0859375 6.88175E-11
0.00703125 0.117188 7.05079E-11
-0.0182812 0.304688 7.04635E-11
0.00984375 0.164062 6.84821E-11
-0.00515625 0.0859375 7.15854E-11
-0.0117188 0.195312 7.05462E-11
0.0192187 0.320312 6.79639E-11
0.00421875 0.0703125 6.92597E-11
-0.0154687 0.257812 7.04825E-11
0.0117188 0.195312 7.05857E-11
0.0210937 0.351562 6.85417E-11
0.00046875 0.0078125 6.98334E-11
-0.00046875 0.0078125 6.98062E-11
0.00609375 0.101563 7.00553E-11
-0.0407813 0.679688 7.23702E-11
0.00703125 0.117188 7.19889E-11
0.0182812 0.304688 6.89308E-11
-0.0229688 0.382813 7.15145E-11
-0.00890625 0.148438 7.06004E-11
-0.00796875 0.132812 7.18044E-11
-0.0164062 0.273437 7.11612E-11
0.00328125 0.0546875 6.99684E-11
-0.0285937 0.476562 7.1001E-11
-0.0154687 0.257812 7.11231E-11
-0.00328125 0.0546875 7.20415E-11
0.00046875 0.0078125 6.86641E-11
-0.00609375 0.101563 7.0647E-11
-0.00328125 0.0546875 6.97769E-11
-0.00234375 0.0390625 7.05664E-11
0.00140625 0.0234375 6.96681E-11
0.00703125 0.117188 7.0138E-11
0.0107812 0.179688 7.02766E-11
0.00703125 0.117188 7.00666E-11
0.0135937 0.226562 6.97278E-11
-0.00796875 0.132812 6.96009E-11
-0.0342187 0.570312 6.94857E-11
-0.00703125 0.117188 7.19687E-11
0.0117188 0.195312 7.01383E-11
-0.0154687 0.257812 7.08127E-11
-0.00515625 0.0859375 7.09815E-11
0.0248437 0.414062 6.93518E-11
-0.00515625 0.0859375 7.01142E-11
0.00984375 0.164062 7.05208E-11
-0.00609375 0.101563 6.90199E-11
-0.00234375 0.0390625 6.85303E-11
-0.0295312 0.492188 7.16266E-11
-0.00984375 0.164062 7.00488E-11
0.0107812 0.179688 7.07892E-11
0.0239062 0.398437 7.02945E-11
0.0107812 0.179688 7.11751E-11
0.0117188 0.195312 7.1218E-11
0.00046875 0.0078125 7.11216E-11
-0.00234375 0.0390625 7.10943E-11
-0.00515625 0.0859375 6.95913E-11
-0.00609375 0.101563 7.01679E-11
-0.0201563 0.335938 7.02244E-11
-0.0126562 0.210938 7.03828E-11
0.00234375 0.0390625 6.87487E-11
0.00328125 0.0546875 6.89597E-11
0.00796875 0.132812 6.93427E-11
-0.00234375 0.0390625 7.08141E-11
0.0117188 0.195312 6.99823E-11
-0.00328125 0.0546875 6.94474E-11
0.0164062 0.273437 6.94219E-11
0.0107812 0.179688 6.89175E-11
-0.0182812 0.304688 6.98507E-11
0.0220313 0.367188 7.05111E-11
0.00328125 0.0546875 7.03997E-11
0.00046875 0.0078125 7.0247E-11
-0.0304687 0.507812 7.23353E-11
-0.0135937 0.226562 6.88718E-11
-0.0323438 0.539063 7.11164E-11
0.0201563 0.335938 6.96012E-11
-0.00609375 0.101563 6.95407E-11
0.00421875 0.0703125 6.99568E-11
0.0210937 0.351562 6.97841E-11
-0.0220313 0.367188 6.88799E-11
-0.00140625 0.0234375 6.99052E-11
-0.00140625 0.0234375 7.10535E-11
-0.0501562 0.835938 7.07208E-11
-0.00984375 0.164062 6.95956E-11
-0.0135937 0.226562 7.0086E-11
-0.00515625 0.0859375 7.09288E-11
0.0201563 0.335938 6.91112E-11
-0.00234375 0.0390625 6.98909E-11
0.0135937 0.226562 7.13589E-11
-0.0145312 0.242188 7.00578E-11
-0.00609375 0.101563 7.11053E-11
-0.0126562 0.210938 7.11109E-11
0.00234375 0.0390625 7.15037E-11
0.00328125 0.0546875 7.05492E-11
0.00140625 0.0234375 7.14099E-11
0.0117188 0.195312 7.04308E-11
-0.0276563 0.460938 6.98828E-11
-0.0295312 0.492188 7.22851E-11
0.00796875 0.132812 7.13407E-11
0.0267187 0.445312 7.20137E-11
-0.00328125 0.0546875 6.96308E-11
0.0126562 0.210938 6.78879E-11
0.0154687 0.257812 7.02164E-11
0.00140625 0.0234375 7.05491E-11
-0.0107812 0.179688 7.02148E-11
0.00421875 0.0703125 7.12626E-11
-0.00234375 0.0390625 7.10284E-11
0.0117188 0.195312 7.03373E-11
0.00328125 0.0546875 7.01674E-11
-0.0107812 0.179688 6.94923E-11
0.0164062 0.273437 7.00587E-11
-0.0285937 0.476562 7.04343E-11
0.00796875 0.132812 7.09041E-11
-0.0126562 0.210938 7.1536E-11
-0.0154687 0.257812 7.18588E-11
0.00703125 0.117188 6.9659E-11
0.0239062 0.398437 6.93112E-11
0.0173437 0.289062 7.03085E-11
-0.00890625 0.148438 6.91559E-11
-0.0164062 0.273437 7.12006E-11
0.0201563 0.335938 7.07303E-11
-0.00796875 0.132812 7.03555E-11
-0.0201563 0.335938 7.15687E-11
-0.0135937 0.226562 6.99403E-11
0.00609375 0.101563 6.80796E-11
0.0182812 0.304688 7.05882E-11
0.0276563 0.460938 7.08204E-11
-0.0126562 0.210938 6.91011E-11
