-0.00515625 0.0859375 1.18095E-10
0.00328125 0.0546875 1.19162E-10
-0.00609375 0.101563 1.18646E-10
0.00234375 0.0390625 1.19072E-10
0.0117188 0.195312 1.17689E-10
-0.00890625 0.148438 1.20563E-10
-0.0182812 0.304688 1.17621E-10
-0.0126562 0.210938 1.1953E-10
-0.0126562 0.210938 1.17753E-10
0.00046875 0.0078125 1.1678E-10
0.0201563 0.335938 1.18311E-10
-0.00046875 0.0078125 1.1879E-10
-0.00328125 0.0546875 1.17637E-10
0.00515625 0.0859375 1.18361E-10
0.00421875 0.0703125 1.20321E-10
0.0107812 0.179688 1.20502E-10
0.00890625 0.148438 1.18361E-10
-0.00328125 0.0546875 1.19029E-10
0.00796875 0.132812 1.17544E-10
0.00609375 0.101563 1.17508E-10
0.0107812 0.179688 1.18695E-10
0.0117188 0.195312 1.20131E-10
-0.0135937 0.226562 1.18548E-10
-0.00046875 0.0078125 1.18356E-10
0.00515625 0.0859375 1.17989E-10
-0.0117188 0.195312 1.18518E-10
-0.00046875 0.0078125 1.17178E-10
-0.0117188 0.195312 1.21521E-10
-0.00046875 0.0078125 1.19842E-10
-0.0117188 0.195312 1.20122E-10
-0.00703125 0.117188 1.18258E-10
-0.0210937 0.351562 1.18606E-10
0.00609375 0.101563 1.19071E-10
-0.0107812 0.179688 1.21021E-10
-0.0220313 0.367188 1.17754E-10
-0.00890625 0.148438 1.20082E-10
-0.0117188 0.195312 1.17966E-10
-0.00140625 0.0234375 1.19475E-10
0.0154687 0.257812 1.20486E-10
0.00046875 0.0078125 1.19085E-10
0.0117188 0.195312 1.16727E-10
0.0173437 0.289062 1.1814E-10
0.0220313 0.367188 1.19269E-10
-0.0210937 0.351562 1.17386E-10
-0.00234375 0.0390625 1.18188E-10
0.0117188 0.195312 1.18672E-10
-0.00421875 0.0703125 1.17682E-10
0.00046875 0.0078125 1.19864E-10
-0.00234375 0.0390625 1.19577E-10
0.00984375 0.164062 1.18058E-10
-0.00328125 0.0546875 1.21857E-10
0.0126562 0.210938 1.1827E-10
0.0145312 0.242188 1.20901E-10
0.00140625 0.0234375 1.1679E-10
0.00796875 0.132812 1.17303E-10
0.0192187 0.320312 1.18109E-10
0.00234375 0.0390625 1.17034E-10
0.0164062 0.273437 1.18514E-10
-0.00140625 0.0234375 1.19614E-10
-0.0192187 0.320312 1.20116E-10
0.00140625 0.0234375 1.21604E-10
0.00796875 0.132812 1.21451E-10
0.0107812 0.179688 1.19741E-10
-0.00046875 0.0078125 1.19621E-10
0.00421875 0.0703125 1.20871E-10
-0.00703125 0.117188 1.175E-10
-0.00046875 0.0078125 1.21031E-10
0.00140625 0.0234375 1.22517E-10
-0.00609375 0.101563 1.19723E-10
0.0229688 0.382813 1.18581E-10
-0.00234375 0.0390625 1.16857E-10
-0.0107812 0.179688 1.17841E-10
-0.00140625 0.0234375 1.1934E-10
0.0164062 0.273437 1.17343E-10
-0.00984375 0.164062 1.2198E-10
-0.0126562 0.210938 1.20276E-10
-0.00796875 0.132812 1.19558E-10
0.00984375 0.164062 1.18451E-10
0.0192187 0.320312 1.16311E-10
-0.0135937 0.226562 1.18565E-10
0.00796875 0.132812 1.18268E-10
-0.00140625 0.0234375 1.19281E-10
0.00515625 0.0859375 1.20031E-10
-0.0145312 0.242188 1.17676E-10
-0.00234375 0.0390625 1.18654E-10
-0.00796875 0.132812 1.19722E-10
0.00609375 0.101563 1.19806E-10
-0.0107812 0.179688 1.16767E-10
-0.0164062 0.273437 1.19187E-10
-0.00140625 0.0234375 1.1993E-10
0.00328125 0.0546875 1.16177E-10
0.00984375 0.164062 1.18467E-10
0.00140625 0.0234375 1.20216E-10
-0.00984375 0.164062 1.19575E-10
0.00890625 0.148438 1.19515E-10
-0.00796875 0.132812 1.1788E-10
-0.00890625 0.148438 1.18133E-10
0.00890625 0.148438 1.20291E-10
-0.00609375 0.101563 1.19967E-10
0.0107812 0.179688 1.20248E-10
0.00328125 0.0546875 1.20574E-10
0.00515625 0.0859375 1.17599E-10
-0.00328125 0.0546875 1.19114E-10
-0.00328125 0.0546875 1.19455E-10
0.00890625 0.148438 1.1702E-10
0.00609375 0.101563 1.17435E-10
-0.00703125 0.117188 1.20867E-10
-0.0182812 0.304688 1.17177E-10
0.00984375 0.164062 1.16448E-10
0.0107812 0.179688 1.19788E-10
0.00984375 0.164062 1.18645E-10
0.0154687 0.257812 1.18823E-10
-0.00421875 0.0703125 1.19018E-10
0.00609375 0.101563 1.17398E-10
-0.00046875 0.0078125 1.21137E-10
0.00890625 0.148438 1.16126E-10
0.00890625 0.148438 1.19164E-10
-0.0135937 0.226562 1.21042E-10
-0.0145312 0.242188 1.17084E-10
-0.00140625 0.0234375 1.2228E-10
-0.00234375 0.0390625 1.18559E-10
-0.0117188 0.195312 1.17601E-10
0.00140625 0.0234375 1.1903E-10
-0.0135937 0.226562 1.18631E-10
0.00328125 0.0546875 1.16267E-10
-0.00421875 0.0703125 1.19754E-10
0.00140625 0.0234375 1.203E-10
0.0164062 0.273437 1.16115E-10
-0.00984375 0.164062 1.18612E-10
0.00234375 0.0390625 1.19399E-10
-0.00234375 0.0390625 1.19217E-10
-0.00421875 0.0703125 1.19228E-10
0.00046875 0.0078125 1.16865E-10
0.00328125 0.0546875 1.18999E-10
0.0257812 0.429688 1.20311E-10
0.00984375 0.164062 1.22373E-10
0.00515625 0.0859375 1.21089E-10
-0.00328125 0.0546875 1.16154E-10
0.0117188 0.195312 1.18047E-10
-0.00046875 0.0078125 1.19004E-10
0.0107812 0.179688 1.179E-10
0.00234375 0.0390625 1.18262E-10
-0.0154687 0.257812 1.1941E-10
0.00515625 0.0859375 1.19657E-10
0.00890625 0.148438 1.18742E-10
0.00234375 0.0390625 1.21788E-10
-0.00046875 0.0078125 1.16996E-10
-0.00421875 0.0703125 1.21378E-10
0.00703125 0.117188 1.18474E-10
0.0135937 0.226562 1.1906E-10
-0.0248437 0.414062 1.19576E-10
-0.00046875 0.0078125 1.17451E-10
-0.00515625 0.0859375 1.17286E-10
-0.0107812 0.179688 1.18282E-10
0.00328125 0.0546875 1.17946E-10
0.00046875 0.0078125 1.17943E-10
0.00328125 0.0546875 1.18736E-10
-0.0182812 0.304688 1.18704E-10
0.0107812 0.179688 1.19928E-10
-0.0117188 0.195312 1.17551E-10
-0.00234375 0.0390625 1.16503E-10
0.00328125 0.0546875 1.17652E-10
-0.00046875 0.0078125 1.2037E-10
0.00703125 0.117188 1.192E-10
-0.00703125 0.117188 1.18174E-10
-0.0164062 0.273437 1.17379E-10
-0.00328125 0.0546875 1.1987E-10
0.0135937 0.226562 1.1985E-10
-0.00046875 0.0078125 1.17949E-10
-0.00421875 0.0703125 1.19653E-10
0.0117188 0.195312 1.19648E-10
-0.00796875 0.132812 1.20618E-10
-0.00140625 0.0234375 1.18093E-10
0.00140625 0.0234375 1.19136E-10
0.00234375 0.0390625 1.21302E-10
-0.00703125 0.117188 1.19363E-10
-0.0135937 0.226562 1.19712E-10
-0.00609375 0.101563 1.17725E-10
-0.0117188 0.195312 1.19077E-10
-0.00984375 0.164062 1.18774E-10
-0.0126562 0.210938 1.21966E-10
0.00984375 0.164062 1.20137E-10
0.00046875 0.0078125 1.18599E-10
-0.0117188 0.195312 1.18958E-10
0.00421875 0.0703125 1.17615E-10
0.0248437 0.414062 1.17375E-10
0.0154687 0.257812 1.17896E-10
0.00421875 0.0703125 1.18028E-10
-0.00328125 0.0546875 1.17801E-10
-0.00703125 0.117188 1.18622E-10
-0.00515625 0.0859375 1.1807E-10
0.0210937 0.351562 1.2088E-10
0.0154687 0.257812 1.20289E-10
-0.0154687 0.257812 1.20317E-10
-0.0117188 0.195312 1.20966E-10
-0.0126562 0.210938 1.20687E-10
0.0135937 0.226562 1.19935E-10
0.0164062 0.273437 1.20884E-10
-0.00421875 0.0703125 1.19266E-10
0.00421875 0.0703125 1.169E-10
0.0239062 0.398437 1.19219E-10
-0.0182812 0.304688 1.20295E-10
-0.00984375 0.164062 1.18194E-10
0.0164062 0.273437 1.18735E-10
-0.00421875 0.0703125 1.21208E-10
-0.0192187 0.320312 1.20058E-10
-0.00984375 0.164062 1.18465E-10
-0.00890625 0.148438 1.19873E-10
-0.00421875 0.0703125 1.17869E-10
0.0154687 0.257812 1.17472E-10
0.00609375 0.101563 1.20165E-10
0.0192187 0.320312 1.19528E-10
0.00234375 0.0390625 1.17256E-10
-0.00984375 0.164062 1.21505E-10
0.0145312 0.242188 1.17262E-10
-0.0182812 0.304688 1.19419E-10
-0.0126562 0.210938 1.18271E-10
-0.0154687 0.257812 1.20355E-10
-0.00234375 0.0390625 1.19885E-10
0.00140625 0.0234375 1.18343E-10
-0.00515625 0.0859375 1.18722E-10
-0.0164062 0.273437 1.19332E-10
-0.00046875 0.0078125 1.21724E-10
-0.00046875 0.0078125 1.17187E-10
0.00140625 0.0234375 1.18298E-10
-0.00421875 0.0703125 1.19878E-10
0.00796875 0.132812 1.18144E-10
-0.00796875 0.132812 1.20779E-10
-0.00609375 0.101563 1.20924E-10
0.00046875 0.0078125 1.17141E-10
0.00515625 0.0859375 1.20076E-10
-0.0164062 0.273437 1.19218E-10
0.00984375 0.164062 1.19407E-10
-0.00421875 0.0703125 1.19571E-10
-0.0154687 0.257812 1.18329E-10
-0.00140625 0.0234375 1.17152E-10
0.0145312 0.242188 1.19273E-10
-0.0126562 0.210938 1.16379E-10
0.00984375 0.164062 1.19742E-10
0.00984375 0.164062 1.19259E-10
0.00140625 0.0234375 1.19892E-10
0.00609375 0.101563 1.17658E-10
0.00703125 0.117188 1.18062E-10
0.00703125 0.117188 1.1707E-10
0.00328125 0.0546875 1.17219E-10
0.00515625 0.0859375 1.18584E-10
-0.00140625 0.0234375 1.17288E-10
-0.00515625 0.0859375 1.17115E-10
-0.00890625 0.148438 1.18462E-10
0.00328125 0.0546875 1.18183E-10
0.00609375 0.101563 1.17506E-10
-0.0239062 0.398437 1.17573E-10
0.00703125 0.117188 1.18347E-10
0.0107812 0.179688 1.20892E-10
0.00609375 0.101563 1.17659E-10
-0.00046875 0.0078125 1.18754E-10
0.00140625 0.0234375 1.19309E-10
-0.00046875 0.0078125 1.19071E-10
-0.00984375 0.164062 1.19241E-10
0.0173437 0.289062 1.20193E-10
0.00046875 0.0078125 1.2172E-10
-0.00234375 0.0390625 1.18142E-10
-0.00046875 0.0078125 1.1771E-10
-0.0145312 0.242188 1.20979E-10
-0.0117188 0.195312 1.18663E-10
0.00609375 0.101563 1.18978E-10
-0.0135937 0.226562 1.17476E-10
0.00328125 0.0546875 1.20919E-10
0.00046875 0.0078125 1.19498E-10
-0.00890625 0.148438 1.19057E-10
0.0126562 0.210938 1.19385E-10
0.0107812 0.179688 1.19116E-10
0.00234375 0.0390625 1.17937E-10
-0.00140625 0.0234375 1.19216E-10
0.0201563 0.335938 1.19989E-10
0.00046875 0.0078125 1.16273E-10
-0.00984375 0.164062 1.20178E-10
0.0107812 0.179688 1.19293E-10
-0.00234375 0.0390625 1.17133E-10
0.00328125 0.0546875 1.17191E-10
0.0126562 0.210938 1.20368E-10
-0.0248437 0.414062 1.21294E-10
0.0126562 0.210938 1.19932E-10
-0.00234375 0.0390625 1.17355E-10
-0.0201563 0.335938 1.17322E-10
0.00609375 0.101563 1.19533E-10
-0.00609375 0.101563 1.19151E-10
0.00609375 0.101563 1.18162E-10
0.00609375 0.101563 1.18599E-10
0.0126562 0.210938 1.1716E-10
0.00703125 0.117188 1.19564E-10
-0.0135937 0.226562 1.16921E-10
-0.00609375 0.101563 1.18836E-10
-0.00984375 0.164062 1.18838E-10
-0.00890625 0.148438 1.21049E-10
0.0229688 0.382813 1.20009E-10
0.00234375 0.0390625 1.17336E-10
0.0126562 0.210938 1.17024E-10
-0.0107812 0.179688 1.19172E-10
-0.0201563 0.335938 1.17667E-10
-0.0239062 0.398437 1.17911E-10
0.00046875 0.0078125 1.17499E-10
-0.00234375 0.0390625 1.19686E-10
0.0126562 0.210938 1.19448E-10
-0.00890625 0.148438 1.22076E-10
0.00328125 0.0546875 1.19724E-10
0.00328125 0.0546875 1.17973E-10
0.0164062 0.273437 1.17585E-10
-0.00140625 0.0234375 1.172E-10
-0.00234375 0.0390625 1.217E-10
0.00703125 0.117188 1.20785E-10
0.0192187 0.320312 1.16031E-10
0.00703125 0.117188 1.18135E-10
-0.00328125 0.0546875 1.18282E-10
0.00046875 0.0078125 1.19802E-10
-0.0126562 0.210938 1.20291E-10
-0.0154687 0.257812 1.18141E-10
-0.00515625 0.0859375 1.19913E-10
-0.00609375 0.101563 1.19596E-10
0.00328125 0.0546875 1.21786E-10
-0.00140625 0.0234375 1.19572E-10
-0.0135937 0.226562 1.20616E-10
-0.0154687 0.257812 1.18431E-10
0.00140625 0.0234375 1.21029E-10
-0.00421875 0.0703125 1.19637E-10
-0.00609375 0.101563 1.22473E-10
-0.00140625 0.0234375 1.17645E-10
-0.00890625 0.148438 1.17586E-10
-0.00046875 0.0078125 1.18678E-10
-0.00609375 0.101563 1.1851E-10
0.00984375 0.164062 1.15915E-10
-0.00984375 0.164062 1.17731E-10
-0.0210937 0.351562 1.19868E-10
-0.00328125 0.0546875 1.2093E-10
-0.00046875 0.0078125 1.18951E-10
0.00046875 0.0078125 1.20551E-10
0.00421875 0.0703125 1.20365E-10
-0.00890625 0.148438 1.1605E-10
0.00984375 0.164062 1.19584E-10
0.0117188 0.195312 1.18242E-10
-0.00984375 0.164062 1.20485E-10
-0.00609375 0.101563 1.2117E-10
-0.00796875 0.132812 1.18519E-10
0.00328125 0.0546875 1.17836E-10
0.0173437 0.289062 1.1781E-10
0.0126562 0.210938 1.19026E-10
0.00515625 0.0859375 1.19189E-10
-0.0154687 0.257812 1.20729E-10
0.00703125 0.117188 1.17513E-10
0.0107812 0.179688 1.17453E-10
0.00234375 0.0390625 1.19254E-10
0.00515625 0.0859375 1.20409E-10
0.00234375 0.0390625 1.19535E-10
0.0182812 0.304688 1.17661E-10
0.0126562 0.210938 1.18689E-10
0.00421875 0.0703125 1.17626E-10
0.0135937 0.226562 1.19951E-10
0.00796875 0.132812 1.1941E-10
-0.00234375 0.0390625 1.19778E-10
0.00796875 0.132812 1.21452E-10
0.0107812 0.179688 1.22026E-10
0.00140625 0.0234375 1.20558E-10
0.00796875 0.132812 1.19452E-10
0.00890625 0.148438 1.1821E-10
-0.00890625 0.148438 1.19889E-10
0.00328125 0.0546875 1.18609E-10
0.00328125 0.0546875 1.22554E-10
-0.00890625 0.148438 1.17746E-10
0.00140625 0.0234375 1.18002E-10
0.0145312 0.242188 1.19137E-10
0.0107812 0.179688 1.18364E-10
-0.0182812 0.304688 1.19315E-10
-0.00234375 0.0390625 1.19745E-10
0.00046875 0.0078125 1.19692E-10
0.00421875 0.0703125 1.17476E-10
-0.00234375 0.0390625 1.16889E-10
-0.00328125 0.0546875 1.17681E-10
-0.00984375 0.164062 1.21017E-10
0.00234375 0.0390625 1.18558E-10
0.0257812 0.429688 1.17228E-10
0.00984375 0.164062 1.19081E-10
0.0192187 0.320312 1.18519E-10
0.00234375 0.0390625 1.20061E-10
0.00703125 0.117188 1.17492E-10
-0.0126562 0.210938 1.19837E-10
-0.00421875 0.0703125 1.21633E-10
-0.0107812 0.179688 1.16999E-10
0.00234375 0.0390625 1.16797E-10
0.00046875 0.0078125 1.18682E-10
0.0107812 0.179688 1.20718E-10
0.00515625 0.0859375 1.18857E-10
-0.00421875 0.0703125 1.18942E-10
-0.00421875 0.0703125 1.19249E-10
-0.00328125 0.0546875 1.18262E-10
-0.00703125 0.117188 1.16619E-10
-0.0126562 0.210938 1.17607E-10
0.0154687 0.257812 1.17507E-10
-0.00515625 0.0859375 1.22236E-10
0.0201563 0.335938 1.1688E-10
-0.00234375 0.0390625 1.17381E-10
-0.00890625 0.148438 1.18745E-10
0.00890625 0.148438 1.17148E-10
0.00328125 0.0546875 1.1791E-10
-0.0117188 0.195312 1.18333E-10
-0.00046875 0.0078125 1.18536E-10
0.00515625 0.0859375 1.18988E-10
-0.00515625 0.0859375 1.18729E-10
-0.00515625 0.0859375 1.18911E-10
-0.0220313 0.367188 1.19308E-10
-0.00984375 0.164062 1.17622E-10
0.00046875 0.0078125 1.18899E-10
0.0145312 0.242188 1.19063E-10
0.00515625 0.0859375 1.20255E-10
0.00796875 0.132812 1.19604E-10
-0.00046875 0.0078125 1.17882E-10
-0.00890625 0.148438 1.19412E-10
0.00703125 0.117188 1.18971E-10
-0.00046875 0.0078125 1.17883E-10
0.00890625 0.148438 1.1737E-10
0.0117188 0.195312 1.16855E-10
-0.00421875 0.0703125 1.19706E-10
0.00796875 0.132812 1.1874E-10
0.00609375 0.101563 1.18726E-10
-0.00234375 0.0390625 1.19646E-10
-0.00515625 0.0859375 1.20471E-10
0.00984375 0.164062 1.19256E-10
0.00140625 0.0234375 1.19343E-10
0.00328125 0.0546875 1.18723E-10
0.00046875 0.0078125 1.20622E-10
-0.00046875 0.0078125 1.17334E-10
-0.00890625 0.148438 1.19754E-10
0.00703125 0.117188 1.19089E-10
-0.00328125 0.0546875 1.17648E-10
-0.00609375 0.101563 1.18689E-10
0.00421875 0.0703125 1.20644E-10
0.00984375 0.164062 1.18741E-10
-0.0107812 0.179688 1.18873E-10
0.00421875 0.0703125 1.17866E-10
-0.0239062 0.398437 1.19291E-10
-0.00515625 0.0859375 1.19641E-10
-0.00046875 0.0078125 1.16467E-10
-0.0173437 0.289062 1.18376E-10
0.00234375 0.0390625 1.18194E-10
0.0117188 0.195312 1.19799E-10
-0.00703125 0.117188 1.18883E-10
0.00234375 0.0390625 1.19337E-10
-0.00421875 0.0703125 1.1807E-10
-0.0107812 0.179688 1.19558E-10
-0.00046875 0.0078125 1.17528E-10
-0.00890625 0.148438 1.21262E-10
-0.0201563 0.335938 1.1768E-10
-0.00890625 0.148438 1.19304E-10
0.00234375 0.0390625 1.17482E-10
0.00890625 0.148438 1.18014E-10
-0.0145312 0.242188 1.19446E-10
-0.0201563 0.335938 1.19344E-10
0.00046875 0.0078125 1.18743E-10
-0.00046875 0.0078125 1.16781E-10
-0.00984375 0.164062 1.19687E-10
-0.0107812 0.179688 1.16966E-10
0.00140625 0.0234375 1.21691E-10
-0.00140625 0.0234375 1.19352E-10
0.0117188 0.195312 1.17779E-10
0.00515625 0.0859375 1.17862E-10
0.00234375 0.0390625 1.16509E-10
-0.00703125 0.117188 1.19427E-10
-0.0117188 0.195312 1.19621E-10
-0.00140625 0.0234375 1.19089E-10
-0.00421875 0.0703125 1.1801E-10
0.00421875 0.0703125 1.1744E-10
0.00515625 0.0859375 1.196E-10
0.00328125 0.0546875 1.19686E-10
0.0182812 0.304688 1.19885E-10
-0.00140625 0.0234375 1.17697E-10
0.00140625 0.0234375 1.18478E-10
0.00046875 0.0078125 1.1798E-10
0.00515625 0.0859375 1.18083E-10
0.00796875 0.132812 1.189E-10
0.00046875 0.0078125 1.19377E-10
-0.0173437 0.289062 1.18017E-10
-0.00328125 0.0546875 1.19281E-10
0.0192187 0.320312 1.18308E-10
-0.00703125 0.117188 1.1758E-10
0.00234375 0.0390625 1.18346E-10
0.00140625 0.0234375 1.18583E-10
0.00703125 0.117188 1.19185E-10
0.00890625 0.148438 1.19284E-10
0.00234375 0.0390625 1.19691E-10
-0.00515625 0.0859375 1.22099E-10
-0.0126562 0.210938 1.21159E-10
-0.0117188 0.195312 1.1946E-10
-0.00234375 0.0390625 1.19731E-10
0.00140625 0.0234375 1.19312E-10
0.00890625 0.148438 1.19741E-10
-0.00421875 0.0703125 1.18334E-10
0.00796875 0.132812 1.19028E-10
-0.00609375 0.101563 1.17658E-10
-0.00046875 0.0078125 1.18993E-10
-0.00046875 0.0078125 1.18946E-10
0.00421875 0.0703125 1.18404E-10
