-0.000959473 0.0159912 7.98279E-11
-0.0111547 0.185913 8.005E-11
0.0117114 0.195191 8.08854E-11
-0.0247777 0.412962 8.1148E-11
0.0234888 0.39148 8.08756E-11
-0.0190648 0.317747 7.93559E-11
-0.013601 0.226683 8.10155E-11
0.00982178 0.163696 8.16523E-11
0.00573487 0.0955811 8.11118E-11
0.00894287 0.149048 8.11043E-11
-0.00722901 0.120484 8.27736E-11
-0.00646728 0.107788 8.01478E-11
-0.0102026 0.170043 7.99363E-11
0.0144506 0.240843 8.00504E-11
0.00361086 0.0601809 8.0941E-11
0.000637208 0.0106201 7.95932E-11
0.00753662 0.12561 8.01652E-11
-0.0103929 0.173216 7.95774E-11
0.00416749 0.0694581 8.13672E-11
0.00132569 0.0220948 8.04443E-11
-0.0068335 0.113892 7.96398E-11
0.0121948 0.203247 7.86802E-11
0.00101806 0.0169677 8.03662E-11
0.00629151 0.104858 8.28068E-11
-0.00692139 0.115356 7.98747E-11
-0.00573487 0.0955811 8.10776E-11
0.0151245 0.252075 8.0176E-11
-0.00648194 0.108032 8.04906E-11
-0.00557372 0.0928954 7.9683E-11
-0.0157837 0.263062 8.16691E-11
0.00796143 0.13269 7.94652E-11
-5.12697E-05 0.000854496 8.04876E-11
0.00750733 0.125122 8.04844E-11
-0.00788818 0.13147 8.09181E-11
-0.00615967 0.102661 8.0095E-11
0.00819579 0.136597 8.0497E-11
0.0178929 0.298216 7.96215E-11
-0.0162816 0.271361 8.08011E-11
0.005896 0.0982666 7.95626E-11
0.005896 0.0982666 7.95053E-11
0.000212403 0.00354005 8.28489E-11
-0.00621827 0.103638 8.01021E-11
0.0104516 0.174193 8.13761E-11
-0.0118871 0.198119 8.14799E-11
0.010144 0.169067 8.27461E-11
-0.012268 0.204467 7.97437E-11
-0.00207276 0.0345461 8.02423E-11
-0.00112061 0.0186768 8.07039E-11
0.0178344 0.29724 8.03627E-11
0.00708252 0.118042 7.99394E-11
-0.0128832 0.214721 8.09686E-11
-0.00671631 0.111938 8.03694E-11
0.00528075 0.0880126 8.06756E-11
-0.00901611 0.150269 8.13085E-11
-0.00135498 0.0225831 8.0326E-11
-0.0249096 0.415161 8.01154E-11
-0.00236572 0.0394287 8.09231E-11
-0.00243897 0.0406496 8.03198E-11
-0.00942626 0.157104 7.99554E-11
-0.00476807 0.0794678 8.0221E-11
0.00752198 0.125366 7.92921E-11
-0.00229249 0.0382081 8.09818E-11
0.00296631 0.0494386 8.16353E-11
-0.00974853 0.162476 7.93283E-11
0.0103491 0.172485 8.03296E-11
0.00900147 0.150024 8.03261E-11
-0.0153881 0.256468 8.01328E-11
-0.012312 0.2052 8.09887E-11
-0.00687744 0.114624 7.99953E-11
-0.0218482 0.364137 7.97813E-11
-0.0205005 0.341675 8.05787E-11
0.00487061 0.0811768 8.05612E-11
-0.0016919 0.0281983 7.98729E-11
0.00233642 0.0389404 8.21754E-11
0.0160474 0.267457 7.84171E-11
8.05667E-05 0.00134278 8.11206E-11
0.00695068 0.115845 8.00199E-11
-0.0133227 0.222045 8.10704E-11
0.0170287 0.283812 8.00383E-11
0.00693604 0.115601 8.04764E-11
-0.0016919 0.0281983 7.9486E-11
-0.0174243 0.290405 8.01707E-11
-0.000534668 0.00891113 8.07409E-11
0.00528075 0.0880126 7.95444E-11
-0.00942626 0.157104 7.96478E-11
-0.00566162 0.0943603 8.00163E-11
-0.0125463 0.209105 8.02293E-11
-0.00148682 0.0247803 8.0141E-11
0.00958741 0.15979 7.86848E-11
-0.0210277 0.350462 8.01622E-11
0.0123998 0.206663 8.06982E-11
-0.00900147 0.150024 8.09908E-11
-0.00591064 0.0985108 8.23791E-11
-0.00533936 0.0889893 7.99263E-11
-0.00835693 0.139282 8.04188E-11
-0.00183839 0.0306398 8.03491E-11
0.010891 0.181517 8.03241E-11
-0.00835693 0.139282 7.99037E-11
-0.0096753 0.161255 8.07527E-11
-0.0107299 0.178832 8.02513E-11
0.0392944 0.654907 8.05453E-11
0.0103929 0.173216 8.01088E-11
-0.0100415 0.167358 8.0724E-11
-0.0030542 0.0509034 8.11137E-11
0.00079834 0.0133057 8.0033E-11
0.00216065 0.0360108 8.10517E-11
-0.0177027 0.295044 8.07374E-11
0.00785888 0.130981 8.12263E-11
-0.000681153 0.0113526 8.03631E-11
0.0221411 0.369019 8.10437E-11
-0.00941162 0.15686 8.12669E-11
0.00428467 0.0714112 8.09575E-11
-0.0144946 0.241577 7.97307E-11
-0.011975 0.199584 8.07739E-11
0.00799073 0.133179 7.98647E-11
-0.0150073 0.250122 8.04907E-11
0.0118286 0.197142 8.14259E-11
-0.0153588 0.25598 8.03321E-11
0.00724365 0.120728 8.11937E-11
-0.00560302 0.0933837 8.19176E-11
-0.0135717 0.226195 8.09306E-11
0.00826904 0.137817 7.94888E-11
-0.00774169 0.129028 8.21064E-11
-0.00349366 0.0582276 7.99129E-11
0.00542725 0.0904541 8.29135E-11
0.00364015 0.0606691 8.09774E-11
0.0110522 0.184203 7.95507E-11
0.0189331 0.315552 7.99921E-11
-0.0186694 0.311157 7.9303E-11
-0.0112573 0.187622 8.06359E-11
0.012107 0.201783 7.99284E-11
0.00782959 0.130493 8.04299E-11
-0.0145238 0.242064 8.0932E-11
0.0273413 0.455688 8.05553E-11
0.00419677 0.0699463 8.08293E-11
-0.0129711 0.216186 8.0604E-11
-0.00236572 0.0394287 7.97482E-11
-0.00403565 0.0672608 8.07379E-11
0.000344239 0.00573732 8.06172E-11
-0.0200318 0.333863 8.09249E-11
0.0247484 0.412474 8.07972E-11
0.0132933 0.221556 8.09338E-11
0.0227124 0.37854 8.22419E-11
0.00785888 0.130981 7.9546E-11
-0.000915527 0.0152588 8.07253E-11
0.00198486 0.0330811 8.11449E-11
-0.000593263 0.00988771 8.11194E-11
0.00207276 0.0345461 8.1147E-11
0.00793213 0.132202 8.03556E-11
-0.00106201 0.0177003 8.1089E-11
-0.00979248 0.163208 8.0768E-11
0.00418213 0.0697022 7.96267E-11
-0.0167066 0.278443 8.12366E-11
-0.0249975 0.416625 7.94497E-11
0.0156664 0.261107 8.00878E-11
0.00418213 0.0697022 7.99165E-11
-0.00850342 0.141724 8.08512E-11
0.00576416 0.0960694 7.95707E-11
0.0172924 0.288207 7.94128E-11
-0.00624756 0.104126 8.12287E-11
-0.0114331 0.190552 7.99892E-11
-0.0136303 0.227172 8.10128E-11
-0.00252685 0.0421142 8.01915E-11
0.00443115 0.0738526 8.02741E-11
-0.0022046 0.0367433 7.99337E-11
-0.00216065 0.0360108 7.96921E-11
-0.0149634 0.249389 8.0919E-11
-0.00762452 0.127075 7.96927E-11
-0.000344239 0.00573732 8.18474E-11
-0.0129126 0.21521 8.02928E-11
-0.0118725 0.197875 8.0932E-11
0.0196069 0.326782 7.969E-11
0.00703858 0.11731 8.09468E-11
0.0108617 0.181029 8.00464E-11
-0.00270264 0.0450439 8.0369E-11
0.00156005 0.0260009 8.06752E-11
0.00150147 0.0250244 8.08372E-11
0.00630615 0.105103 7.96909E-11
0.00293702 0.0489503 7.98688E-11
0.0156518 0.260863 7.95729E-11
-0.0115796 0.192993 8.01342E-11
0.000109864 0.00183106 7.9239E-11
0.00627685 0.104614 7.95627E-11
0.0236499 0.394165 8.08483E-11
-0.00639406 0.106568 8.0296E-11
-0.0103783 0.172972 8.00431E-11
0.00693604 0.115601 8.05595E-11
-0.00630615 0.105103 8.03596E-11
-0.0199732 0.332887 8.17478E-11
-0.00448975 0.0748292 7.95268E-11
0.00226319 0.0377198 7.94197E-11
-0.0184643 0.307738 8.07092E-11
0.00708252 0.118042 7.99349E-11
0.006438 0.1073 8.29373E-11
-0.0175268 0.292113 8.09926E-11
-0.0179808 0.299681 8.07004E-11
0.0113598 0.189331 8.02802E-11
0.0163403 0.272338 8.08895E-11
0.0026001 0.0433349 7.95614E-11
0.00454836 0.0758059 8.2484E-11
