0.00985107 0.164185 1.84474E-10
0.0150659 0.251098 1.80771E-10
0.0125756 0.209593 1.82902E-10
0.0260375 0.433959 1.8377E-10
-0.000651857 0.0108643 1.84528E-10
-0.0184057 0.306762 1.84587E-10
-0.00989501 0.164917 1.83325E-10
0.0116528 0.194214 1.77294E-10
-0.0122387 0.203979 1.81917E-10
0.00232177 0.0386963 1.76771E-10
-0.0288207 0.480346 1.75305E-10
0.00873779 0.14563 1.75806E-10
0.00328858 0.0548096 1.83098E-10
0.00985107 0.164185 1.76338E-10
0.00649659 0.108276 1.7698E-10
0.0143334 0.23889 1.76833E-10
0.000900879 0.0150147 1.82578E-10
0.017307 0.288451 1.88262E-10
-0.0142455 0.237425 1.82532E-10
-0.0081079 0.135132 1.75629E-10
0.00448975 0.0748292 1.82921E-10
0.000886231 0.0147705 1.76567E-10
-0.0045337 0.0755617 1.82903E-10
0.00128173 0.0213622 1.84189E-10
-0.0103051 0.171753 1.77348E-10
-2.19728E-05 0.000366213 1.81368E-10
-0.00671631 0.111938 1.76534E-10
-0.00280518 0.0467529 1.77078E-10
0.00126709 0.0211181 1.82981E-10
0.00755127 0.125855 1.7657E-10
-0.00557372 0.0928954 1.77241E-10
0.0036255 0.060425 1.8219E-10
-0.00882567 0.147095 1.75529E-10
0.000637208 0.0106201 1.79781E-10
-0.00123779 0.0206298 1.8398E-10
0.0153295 0.255492 1.77024E-10
-0.00523682 0.0872803 1.73831E-10
0.0045337 0.0755617 1.78233E-10
-0.00853271 0.142212 1.82504E-10
-0.00636475 0.106079 1.78073E-10
-0.00465089 0.0775148 1.83136E-10
0.0026001 0.0433349 1.78607E-10
-0.0175122 0.29187 1.82481E-10
-0.00243897 0.0406496 1.78721E-10
-0.00753662 0.12561 1.76878E-10
0.00240968 0.0401613 1.75451E-10
-0.00708252 0.118042 1.83836E-10
0.004021 0.0670166 1.74942E-10
0.0122241 0.203735 1.83818E-10
0.00157471 0.0262451 1.76627E-10
-0.00324463 0.0540772 1.83197E-10
-0.004021 0.0670166 1.78754E-10
-0.0119457 0.199096 1.77185E-10
-0.00472413 0.0787354 1.80021E-10
0.0110376 0.183959 1.83036E-10
-0.0136156 0.226928 1.74776E-10
-0.00958741 0.15979 1.8317E-10
-0.00163329 0.0272216 1.77429E-10
0.0101294 0.168823 1.77849E-10
-0.00122315 0.0203858 1.7597E-10
0.00752198 0.125366 1.75656E-10
-0.00157471 0.0262451 1.82298E-10
-0.00550049 0.0916748 1.83408E-10
0.00312745 0.0521241 1.78509E-10
6.59183E-05 0.00109864 1.84122E-10
-0.00312745 0.0521241 1.83211E-10
-0.00617431 0.102905 1.82356E-10
0.00235108 0.0391846 1.76999E-10
0.0103637 0.172728 1.76874E-10
-0.000153809 0.00256348 1.83199E-10
0.00709717 0.118286 1.83712E-10
0.0022046 0.0367433 1.83645E-10
0.00135498 0.0225831 1.74955E-10
0.0030542 0.0509034 1.76374E-10
0.00328858 0.0548096 1.73613E-10
0.0067749 0.112915 1.7746E-10
-0.000666505 0.0111084 1.80472E-10
-0.00850342 0.141724 1.79281E-10
-0.00463623 0.0772706 1.76395E-10
-0.0171313 0.285521 1.74972E-10
0.00128173 0.0213622 1.83076E-10
-0.00733155 0.122193 1.75946E-10
0.0087085 0.145142 1.77077E-10
0.000417481 0.00695803 1.81992E-10
0.00652589 0.108765 1.75499E-10
-0.00960205 0.160034 1.7615E-10
0.000900879 0.0150147 1.84224E-10
-0.0169409 0.282348 1.83597E-10
0.0132201 0.220335 1.75265E-10
0.00585206 0.0975343 1.8213E-10
0.000827638 0.013794 1.82208E-10
0.00289307 0.0482178 1.76224E-10
0.0178198 0.296997 1.82745E-10
0.00320068 0.0533448 1.77411E-10
0.00695068 0.115845 1.77928E-10
-0.0074048 0.123413 1.75025E-10
-0.0136156 0.226928 1.75705E-10
-0.00700929 0.116821 1.82134E-10
-0.0174096 0.290161 1.82681E-10
0.0105395 0.175658 1.77829E-10
-0.00799073 0.133179 1.82841E-10
-0.00566162 0.0943603 1.75999E-10
-0.00930907 0.155151 1.84357E-10
-0.00429931 0.0716553 1.76824E-10
0.00202881 0.0338136 1.83651E-10
0.00604249 0.100708 1.76596E-10
0.0156957 0.261596 1.81479E-10
-0.00598389 0.0997314 1.76802E-10
0.00475343 0.0792238 1.76504E-10
0.000417481 0.00695803 1.75825E-10
-0.00993895 0.165649 1.82646E-10
-0.00303956 0.0506593 1.85301E-10
0.00268799 0.0447998 1.83036E-10
0.00596923 0.0994872 1.74586E-10
0.00112061 0.0186768 1.8373E-10
0.00194092 0.0323486 1.84228E-10
0.00999755 0.166626 1.83307E-10
-0.00637941 0.106323 1.76389E-10
-0.00610108 0.101685 1.83191E-10
-0.00971924 0.161987 1.75387E-10
-0.00126709 0.0211181 1.78349E-10
-0.013059 0.217651 1.78228E-10
-0.00134034 0.0223389 1.83772E-10
-0.00845946 0.140991 1.78598E-10
0.012268 0.204467 1.77767E-10
0.00191162 0.0318603 1.82555E-10
0.000856934 0.0142822 1.83275E-10
-0.010144 0.169067 1.76464E-10
-0.0058667 0.0977783 1.80784E-10
0.00654053 0.109009 1.82271E-10
0.00722901 0.120484 1.78774E-10
0.00381592 0.0635987 1.77728E-10
0.0129272 0.215453 1.77619E-10
0.000153809 0.00256348 1.77838E-10
0.000900879 0.0150147 1.83444E-10
-0.00481202 0.0802003 1.83331E-10
0.0140698 0.234497 1.86429E-10
0.0115503 0.192505 1.80011E-10
0.00831299 0.13855 1.75814E-10
-0.0119604 0.19934 1.83378E-10
0.0086206 0.143677 1.7696E-10
0.000871582 0.0145264 1.76191E-10
0.000739747 0.0123291 1.84373E-10
0.00154541 0.0257568 1.83215E-10
-0.00306886 0.0511476 1.84183E-10
-0.00175048 0.0291747 1.84789E-10
0.00481202 0.0802003 1.75827E-10
0.00920655 0.153442 1.77705E-10
0.000197755 0.00329592 1.77974E-10
-0.00699463 0.116577 1.83103E-10
-0.0100707 0.167846 1.79047E-10
-0.00473877 0.0789796 1.83282E-10
0.0127807 0.213012 1.82839E-10
0.000183106 0.00305178 1.75276E-10
-0.00952881 0.158813 1.82703E-10
-0.0101879 0.169799 1.7634E-10
-0.00343507 0.0572511 1.83266E-10
0.00558837 0.0931396 1.84304E-10
-0.0121508 0.202514 1.83227E-10
-0.00134034 0.0223389 1.82604E-10
-0.00175048 0.0291747 1.82996E-10
0.00450441 0.0750734 1.82589E-10
-0.0114624 0.19104 1.8172E-10
-0.0050464 0.0841066 1.76454E-10
0.00331788 0.0552979 1.76765E-10
0.009646 0.160767 1.85497E-10
-0.016809 0.280151 1.84394E-10
0.0169262 0.282103 1.81836E-10
-0.00312745 0.0521241 1.83011E-10
-0.0104369 0.173948 1.82377E-10
-0.00715576 0.119263 1.76102E-10
0.000183106 0.00305178 1.85196E-10
-0.0035083 0.0584717 1.77534E-10
-0.00900147 0.150024 1.84005E-10
-0.0122534 0.204223 1.8473E-10
0.0103051 0.171753 1.75273E-10
-0.0211156 0.351928 1.83203E-10
-0.00385987 0.0643311 1.76874E-10
-0.00192626 0.0321044 1.84723E-10
0.00331788 0.0552979 1.75549E-10
0.00427003 0.0711671 1.84102E-10
-0.00229249 0.0382081 1.8389E-10
-0.00552979 0.0921631 1.81143E-10
0.0114331 0.190552 1.84147E-10
-0.0142308 0.237181 1.75227E-10
-0.0062622 0.10437 1.76329E-10
0.00542725 0.0904541 1.85211E-10
0.00944092 0.157349 1.76899E-10
-0.00661377 0.110229 1.82704E-10
-0.0115943 0.193238 1.73434E-10
-0.0128393 0.213988 1.82618E-10
-0.0030542 0.0509034 1.83239E-10
0.00147217 0.0245361 1.77945E-10
-0.0039917 0.0665283 1.76182E-10
-0.0206909 0.344849 1.73603E-10
0.00845946 0.140991 1.74618E-10
0.00450441 0.0750734 1.77159E-10
0.00993895 0.165649 1.78143E-10
-0.00151612 0.0252686 1.84484E-10
-6.59183E-05 0.00109864 1.81267E-10
