-0.0196508 0.327514 7.67681E-10
0.00437257 0.0728761 7.13489E-10
-0.00451906 0.0753176 7.14789E-10
-0.00889893 0.148315 7.25201E-10
-0.00317139 0.0528564 7.28966E-10
-0.00183839 0.0306398 7.08493E-10
9.5215E-05 0.00158692 7.16786E-10
-0.00797607 0.132935 7.47004E-10
0.00238038 0.0396729 7.14648E-10
0.00591064 0.0985108 6.96485E-10
0.00258545 0.0430908 6.96115E-10
-0.000373536 0.0062256 7.35479E-10
-0.000212403 0.00354005 6.87066E-10
-0.00522216 0.0870361 6.98181E-10
0.0166625 0.277709 6.86775E-10
0.00421142 0.0701904 7.10601E-10
-0.00343507 0.0572511 7.26644E-10
-0.00649659 0.108276 7.32127E-10
0.00355225 0.0592042 7.25865E-10
-0.000974122 0.0162354 7.3554E-10
-0.0035962 0.0599367 6.84574E-10
0.00656982 0.109497 7.16159E-10
0.00520752 0.0867919 7.06165E-10
-0.011228 0.187134 6.76181E-10
0.0049292 0.0821534 7.13878E-10
0.0119018 0.198364 6.97253E-10
0.00355225 0.0592042 7.04107E-10
-0.00177978 0.0296631 6.83399E-10
-0.00403565 0.0672608 6.86618E-10
-0.00388916 0.0648194 6.97712E-10
0.0126342 0.21057 6.98105E-10
0.0016919 0.0281983 7.5219E-10
-0.00580811 0.0968019 6.99731E-10
0.000915527 0.0152588 6.96157E-10
0.00926514 0.154419 7.2625E-10
-0.013103 0.218383 6.86989E-10
-0.00208742 0.0347903 7.71116E-10
0.0116089 0.193482 7.41798E-10
0.00113525 0.0189209 7.27467E-10
-0.0039917 0.0665283 6.95005E-10
0.00686278 0.11438 7.07479E-10
0.0129272 0.215453 6.85888E-10
0.0116235 0.193726 7.61256E-10
-0.0110668 0.184447 6.88788E-10
-0.0053247 0.0887451 7.04503E-10
0.00517822 0.0863037 7.58144E-10
0.0108617 0.181029 7.14736E-10
-0.0114477 0.190796 7.15344E-10
0.00163329 0.0272216 7.19814E-10
-0.0181713 0.302855 7.16675E-10
0.0157104 0.26184 7.07204E-10
0.00361086 0.0601809 6.9606E-10
-0.00680419 0.113403 7.36708E-10
-0.00239503 0.0399171 7.09823E-10
-0.00148682 0.0247803 6.85628E-10
-0.00785888 0.130981 7.04375E-10
0.00318604 0.0531006 7.39359E-10
0.00204347 0.0340578 6.75878E-10
-0.00993895 0.165649 7.01017E-10
0.00372804 0.0621339 6.86771E-10
0.0247777 0.412962 7.13567E-10
0.00494386 0.0823976 6.93199E-10
-0.00561767 0.0936279 7.2554E-10
0.00574952 0.0958253 7.00254E-10
-0.00853271 0.142212 6.98407E-10
-0.00850342 0.141724 7.15883E-10
0.0146117 0.243529 7.02151E-10
0.0170141 0.283568 7.25363E-10
-0.0026294 0.0438233 7.07809E-10
-0.00189697 0.0316162 7.03997E-10
-0.00378663 0.0631104 6.69724E-10
0.00711183 0.11853 6.75278E-10
-0.000373536 0.0062256 7.13284E-10
-0.000593263 0.00988771 6.91484E-10
0.00344971 0.0574952 7.03157E-10
-0.0104076 0.17346 6.98674E-10
-0.000783692 0.0130615 6.73403E-10
0.00727296 0.121216 7.43047E-10
-0.00976319 0.16272 7.18149E-10
0.00331788 0.0552979 6.71507E-10
0.000563965 0.00939942 7.15746E-10
-0.00462159 0.0770264 6.97679E-10
0.000886231 0.0147705 7.06786E-10
0.00309815 0.0516358 7.11231E-10
0.0022046 0.0367433 7.12952E-10
-0.00605713 0.100952 6.98016E-10
-0.00788818 0.13147 7.50697E-10
0.0104662 0.174437 6.81468E-10
0.0113159 0.188598 6.74927E-10
-0.00368409 0.0614015 7.25917E-10
0.0133812 0.223021 6.93054E-10
-0.00249756 0.0416259 7.021E-10
-0.00690674 0.115112 7.15522E-10
-0.00574952 0.0958253 6.92665E-10
-0.0122827 0.204712 7.25623E-10
0.00945556 0.157593 6.76033E-10
0.00481202 0.0802003 7.03963E-10
-0.0107592 0.17932 7.11372E-10
-0.00699463 0.116577 6.97369E-10
0.00443115 0.0738526 7.47581E-10
-0.00661377 0.110229 6.9792E-10
-0.00349366 0.0582276 6.93812E-10
7.32425E-06 0.000122071 6.9167E-10
0.00569092 0.0948486 7.15877E-10
-0.00071045 0.0118408 6.85691E-10
-0.0125463 0.209105 6.99002E-10
0.00409423 0.0682372 7.31758E-10
0.0134985 0.224975 6.88689E-10
0.000534668 0.00891113 7.17022E-10
0.00678955 0.113159 7.38906E-10
-0.00301026 0.0501711 6.76002E-10
0.0160766 0.267944 7.37242E-10
-0.012473 0.207884 7.02122E-10
0.00164795 0.0274658 6.96113E-10
0.00567626 0.0946044 7.19168E-10
0.0115649 0.192749 6.86352E-10
0.0138354 0.23059 6.56634E-10
0.00302491 0.0504153 6.7594E-10
0.00161865 0.0269775 6.8578E-10
0.00101806 0.0169677 7.12871E-10
0.00141357 0.0235596 7.25724E-10
0.010144 0.169067 6.95993E-10
0.00290771 0.0484619 7.31111E-10
0.0185522 0.309204 7.29086E-10
-0.00484132 0.0806886 7.59389E-10
-0.00120849 0.0201416 6.75803E-10
-0.00620361 0.103394 7.37081E-10
0.0237816 0.396361 7.06979E-10
-0.000637208 0.0106201 7.22715E-10
-0.00692139 0.115356 7.52312E-10
-0.0185083 0.308472 7.37771E-10
0.0016626 0.0277099 7.2714E-10
-0.00554444 0.0924073 7.56066E-10
0.00267333 0.0445556 7.18606E-10
0.00582277 0.0970461 8.12556E-10
0.00983642 0.16394 7.00308E-10
-0.0100561 0.167602 7.42474E-10
-0.0198559 0.330932 6.864E-10
0.00488525 0.0814209 7.02806E-10
0.00743409 0.123901 7.17571E-10
0.0010913 0.0181884 7.08304E-10
0.00303956 0.0506593 7.0429E-10
-0.00620361 0.103394 6.9845E-10
-0.000886231 0.0147705 7.61645E-10
-0.00321533 0.0535889 7.1731E-10
0.000402833 0.00671388 7.06841E-10
0.00157471 0.0262451 7.26197E-10
-0.011975 0.199584 7.38702E-10
-0.00197021 0.0328369 7.05899E-10
-0.000900879 0.0150147 7.07108E-10
0.00144287 0.0240478 7.09058E-10
-0.00216065 0.0360108 6.99436E-10
0.00465089 0.0775148 7.38634E-10
0.00917725 0.152954 7.10421E-10
0.00468018 0.078003 6.90705E-10
0.00947022 0.157837 6.74929E-10
0.00491456 0.0819093 6.75545E-10
-0.00906006 0.151001 7.36174E-10
-0.017307 0.288451 6.61058E-10
0.00358156 0.0596926 7.30539E-10
-0.00632081 0.105347 6.98269E-10
-0.0130151 0.216918 7.08038E-10
0.0159009 0.265014 7.21512E-10
0.00756592 0.126099 7.19115E-10
-0.00322999 0.0538331 6.92444E-10
0.0053247 0.0887451 7.04253E-10
-0.000197755 0.00329592 7.01131E-10
-0.0115796 0.192993 7.11378E-10
-0.0126196 0.210326 6.63983E-10
-0.0066577 0.110962 7.2708E-10
-0.00462159 0.0770264 6.75865E-10
0.00419677 0.0699463 6.88238E-10
0.0230639 0.384399 6.7114E-10
-0.00465089 0.0775148 6.96202E-10
-0.00706787 0.117798 7.0792E-10
0.0048999 0.0816651 6.97981E-10
-0.01656 0.276001 7.14814E-10
-0.00974853 0.162476 6.96927E-10
0.0117114 0.195191 6.95204E-10
0.00873779 0.14563 6.75065E-10
-0.00963134 0.160522 6.97483E-10
-0.00550049 0.0916748 7.11029E-10
0.00567626 0.0946044 7.35754E-10
0.00334717 0.0557863 7.06203E-10
0.00951416 0.158569 7.12983E-10
0.0100707 0.167846 7.17131E-10
-0.00500245 0.0833741 7.38596E-10
-0.00497315 0.0828858 7.43877E-10
-0.00122315 0.0203858 7.22824E-10
0.00791749 0.131958 6.98454E-10
0.00495851 0.0826417 7.06238E-10
0.00221924 0.0369873 6.99189E-10
-0.00366945 0.0611574 6.96896E-10
0.00983642 0.16394 6.76947E-10
0.00913329 0.152222 6.71176E-10
-0.0104369 0.173948 6.67261E-10
-0.00957275 0.159546 7.37775E-10
0.00847412 0.141235 7.28436E-10
0.0074048 0.123413 7.4656E-10
0.0002417 0.00402833 7.0742E-10
