-0.0111987 0.186645 8.60011E-11
0.00525147 0.0875244 8.62798E-11
-0.00686278 0.11438 8.65517E-11
-0.00112061 0.0186768 8.54774E-11
-0.00343507 0.0572511 8.5411E-11
-0.0150805 0.251343 8.56809E-11
0.00894287 0.149048 8.67976E-11
0.00226319 0.0377198 8.55784E-11
0.0124145 0.206908 8.61514E-11
-0.00472413 0.0787354 8.66415E-11
0.0161207 0.268678 8.71879E-11
-0.00963134 0.160522 8.63343E-11
0.00944092 0.157349 8.63347E-11
-0.001604 0.0267334 8.56866E-11
0.00766846 0.127808 8.43152E-11
6.59183E-05 0.00109864 8.68344E-11
-0.0164574 0.274291 8.55945E-11
0.00585206 0.0975343 8.5995E-11
0.0174976 0.291626 8.53815E-11
-0.016355 0.272583 8.52702E-11
-0.00507569 0.0845948 8.56329E-11
-0.0129272 0.215453 8.43612E-11
-0.0126781 0.211303 8.57673E-11
-0.00610108 0.101685 8.66482E-11
0.0100854 0.16809 8.5655E-11
0.0059253 0.0987549 8.6673E-11
-0.00766846 0.127808 8.50906E-11
-0.00554444 0.0924073 8.54768E-11
0.00668701 0.11145 8.55898E-11
0.00396242 0.0660403 8.41571E-11
-0.00352296 0.0587159 8.52133E-11
-0.00567626 0.0946044 8.4674E-11
-0.0072583 0.120972 8.55465E-11
0.0163696 0.272827 8.68186E-11
0.0103198 0.171997 8.5686E-11
0.00888428 0.148071 8.56341E-11
0.00409423 0.0682372 8.53403E-11
-0.0080786 0.134643 8.7583E-11
-0.00649659 0.108276 8.67251E-11
-0.0256859 0.428099 8.57434E-11
0.0212768 0.354614 8.6221E-11
0.0123412 0.205687 8.57923E-11
0.0110668 0.184447 8.43759E-11
0.0074048 0.123413 8.584E-11
-0.0124584 0.20764 8.41993E-11
-0.0110815 0.184692 8.64972E-11
-0.0123851 0.206419 8.72819E-11
-0.00510499 0.0850831 8.62999E-11
-0.00463623 0.0772706 8.57299E-11
0.0181567 0.302612 8.56907E-11
0.0157397 0.262328 8.42688E-11
-0.00280518 0.0467529 8.5742E-11
0.00224854 0.0374756 8.45856E-11
0.0206763 0.344604 8.69574E-11
0.000153809 0.00256348 8.64736E-11
-0.0104369 0.173948 8.58786E-11
-0.00936767 0.156128 8.5867E-11
-0.00700929 0.116821 8.67396E-11
-0.0117699 0.196166 8.56941E-11
0.00321533 0.0535889 8.57762E-11
0.00916259 0.15271 8.64117E-11
0.000827638 0.013794 8.57399E-11
-0.00158936 0.0264893 8.5709E-11
-0.0129858 0.21643 8.72507E-11
0.0050171 0.0836183 8.44661E-11
0.00614503 0.102417 8.5672E-11
-0.0153295 0.255492 8.53944E-11
-0.00473877 0.0789796 8.60574E-11
0.00661377 0.110229 8.57174E-11
-0.00355225 0.0592042 8.56675E-11
-0.0213647 0.356078 8.65068E-11
6.59183E-05 0.00109864 8.64861E-11
-0.00627685 0.104614 8.46877E-11
0.00497315 0.0828858 8.5471E-11
-0.00736085 0.122681 8.7404E-11
0.000974122 0.0162354 8.55817E-11
-0.00766846 0.127808 8.56415E-11
0.0232104 0.38684 8.55564E-11
0.00131103 0.0218506 8.57608E-11
-0.0125902 0.209837 8.56249E-11
-0.00573487 0.0955811 8.65318E-11
0.00705322 0.117554 8.5379E-11
-0.010642 0.177367 8.61531E-11
-0.00664306 0.110718 8.54547E-11
0.017146 0.285766 8.63216E-11
0.00132569 0.0220948 8.62387E-11
0.00583742 0.0972903 8.52629E-11
0.00270264 0.0450439 8.60149E-11
-0.0307543 0.512572 8.52542E-11
0.0128979 0.214966 8.53447E-11
0.00179444 0.0299073 8.52635E-11
-0.014392 0.239867 8.47008E-11
-0.00079834 0.0133057 8.53526E-11
0.00741945 0.123657 8.53344E-11
-0.00623292 0.103882 8.54832E-11
0.0073755 0.122925 8.63288E-11
0.0186988 0.311646 8.54018E-11
-0.00648194 0.108032 8.66869E-11
-0.00561767 0.0936279 8.42458E-11
-0.0160766 0.267944 8.71294E-11
0.00328858 0.0548096 8.50163E-11
0.0130151 0.216918 8.60331E-11
-0.00318604 0.0531006 8.46208E-11
-0.0211596 0.35266 8.56119E-11
0.00195557 0.0325928 8.6524E-11
0.0266381 0.443969 8.6573E-11
-0.00179444 0.0299073 8.60997E-11
-0.0106713 0.177855 8.73013E-11
-0.000417481 0.00695803 8.45796E-11
-0.00281982 0.0469971 8.72167E-11
-0.0202808 0.338012 8.53706E-11
0.00980712 0.163452 8.56304E-11
-0.00869384 0.144897 8.82397E-11
0.0142895 0.238158 8.70007E-11
0.0134985 0.224975 8.51645E-11
0.0101879 0.169799 8.42755E-11
0.00448975 0.0748292 8.62858E-11
-0.0108325 0.180541 8.46207E-11
-0.00951416 0.158569 8.57591E-11
0.0167944 0.279907 8.54636E-11
0.0193579 0.322632 8.58613E-11
-0.0154027 0.256713 8.39438E-11
-0.0125023 0.208372 8.61698E-11
-0.0189038 0.315064 8.6757E-11
0.000974122 0.0162354 8.50047E-11
-0.0110229 0.183715 8.4716E-11
0.00561767 0.0936279 8.55507E-11
0.018391 0.306517 8.65656E-11
-0.00834228 0.139038 8.53008E-11
0.0159302 0.265503 8.55608E-11
0.0127514 0.212523 8.41261E-11
-0.00145751 0.0242919 8.74047E-11
-0.00678955 0.113159 8.64456E-11
-0.0222437 0.370729 8.52312E-11
0.00340576 0.0567628 8.6709E-11
0.000651857 0.0108643 8.63777E-11
-0.00655517 0.109253 8.53526E-11
0.00232177 0.0386963 8.64567E-11
-0.0178929 0.298216 8.65518E-11
0.00176514 0.0294189 8.60465E-11
0.00120849 0.0201416 8.68712E-11
0.000490723 0.00817872 8.5562E-11
0.00687744 0.114624 8.70785E-11
-0.00290771 0.0484619 8.64719E-11
-0.0191967 0.319946 8.64263E-11
-0.018142 0.302368 8.49952E-11
0.00427003 0.0711671 8.60914E-11
0.000358888 0.00598146 8.58939E-11
0.000915527 0.0152588 8.53403E-11
-0.00898681 0.14978 8.63096E-11
-0.00793213 0.132202 8.63673E-11
-0.00393312 0.0655519 8.62609E-11
0.00774169 0.129028 8.70827E-11
0.0121655 0.202758 8.64955E-11
0.00448975 0.0748292 8.70836E-11
-0.00945556 0.157593 8.64304E-11
0.0119018 0.198364 8.68549E-11
0.0127954 0.213256 8.62085E-11
0.0147436 0.245727 8.66488E-11
0.0186108 0.31018 8.73453E-11
-0.0115356 0.192261 8.65902E-11
0.0134838 0.224731 8.68306E-11
0.00424072 0.0706787 8.62689E-11
0.0108325 0.180541 8.68375E-11
0.00287842 0.0479736 8.51288E-11
-0.028264 0.471067 8.55477E-11
0.0050171 0.0836183 8.67552E-11
-0.0145825 0.243041 8.57642E-11
0.0045337 0.0755617 8.45411E-11
0.0180248 0.300413 8.505E-11
-0.00232177 0.0386963 8.5051E-11
-0.00440185 0.0733642 8.566E-11
-0.0168823 0.281372 8.65642E-11
0.00692139 0.115356 8.53119E-11
-0.0100854 0.16809 8.71909E-11
0.00183839 0.0306398 8.56182E-11
-0.00289307 0.0482178 8.79365E-11
0.00172119 0.0286864 8.67823E-11
0.0161353 0.268922 8.51113E-11
-0.0136742 0.227904 8.69745E-11
-0.00572021 0.0953369 8.41711E-11
0.0049292 0.0821534 8.42786E-11
0.00353761 0.0589601 8.5186E-11
-0.0169115 0.281858 8.76802E-11
-0.00941162 0.15686 8.62653E-11
-0.0158423 0.264038 8.53117E-11
0.0197973 0.329956 8.65104E-11
-0.00443115 0.0738526 8.5588E-11
-0.00463623 0.0772706 8.57121E-11
0.00980712 0.163452 8.57905E-11
0.00198486 0.0330811 8.51323E-11
0.00856201 0.1427 8.58203E-11
-0.00873779 0.14563 8.49119E-11
-0.00558837 0.0931396 8.56312E-11
-2.19728E-05 0.000366213 8.58573E-11
-0.00079834 0.0133057 8.68783E-11
-0.00963134 0.160522 8.57096E-11
0.00917725 0.152954 8.55791E-11
0.00886962 0.147827 8.37758E-11
-0.00624756 0.104126 8.55044E-11
