0.00428467 0.0714112 1.16692E-10
0.00214601 0.0357668 1.17049E-10
0.00112061 0.0186768 1.15882E-10
0.00791749 0.131958 1.15515E-10
0.0116822 0.194703 1.14324E-10
0.00135498 0.0225831 1.13332E-10
-0.00706787 0.117798 1.14646E-10
-0.00481202 0.0802003 1.16335E-10
0.00270264 0.0450439 1.16779E-10
-0.0132787 0.221312 1.16634E-10
-0.00321533 0.0535889 1.15034E-10
-0.0002417 0.00402833 1.16729E-10
-0.00538329 0.0897216 1.16057E-10
-0.011228 0.187134 1.1505E-10
-0.00654053 0.109009 1.13709E-10
-0.00242432 0.0404054 1.14991E-10
-0.0127367 0.212279 1.16296E-10
0.00150147 0.0250244 1.15774E-10
-0.00233642 0.0389404 1.13617E-10
0.00898681 0.14978 1.15679E-10
-0.00906006 0.151001 1.15598E-10
-0.00580811 0.0968019 1.14226E-10
-0.0140405 0.234008 1.13701E-10
0.00949952 0.158325 1.1333E-10
-0.00104737 0.0174561 1.15892E-10
-0.00416749 0.0694581 1.14114E-10
-0.00116455 0.0194092 1.1409E-10
0.00548583 0.0914306 1.1333E-10
0.00908936 0.151489 1.1427E-10
0.00790284 0.131714 1.15113E-10
-0.0025122 0.0418701 1.14939E-10
-0.00368409 0.0614015 1.15807E-10
0.0128832 0.214721 1.1346E-10
-0.000593263 0.00988771 1.17533E-10
-0.00988037 0.164673 1.17278E-10
-0.000930176 0.0155029 1.14855E-10
-0.00364015 0.0606691 1.14656E-10
0.012517 0.208617 1.14848E-10
0.00427003 0.0711671 1.15123E-10
-0.0031421 0.0523683 1.15531E-10
-0.00573487 0.0955811 1.15046E-10
-0.00213135 0.0355226 1.15265E-10
-0.00167724 0.0279541 1.15055E-10
0.0102612 0.17102 1.14586E-10
-0.0086792 0.144653 1.15479E-10
0.0155346 0.25891 1.14891E-10
-0.0176586 0.294311 1.14654E-10
-0.00613038 0.102173 1.15972E-10
0.00233642 0.0389404 1.15338E-10
-0.00299562 0.0499269 1.16415E-10
-0.000168458 0.00280763 1.1643E-10
0.00138428 0.0230713 1.16029E-10
-0.00192626 0.0321044 1.15585E-10
0.0035083 0.0584717 1.14231E-10
-0.00424072 0.0706787 1.1454E-10
-0.00951416 0.158569 1.15239E-10
0.000388184 0.00646973 1.15489E-10
-0.00123779 0.0206298 1.14797E-10
-0.00468018 0.078003 1.14904E-10
-0.0185229 0.308715 1.16605E-10
0.012019 0.200317 1.16103E-10
0.00119385 0.0198974 1.14712E-10
-0.00513429 0.0855714 1.17268E-10
-0.00998289 0.166381 1.14986E-10
0.00712648 0.118775 1.13742E-10
0.000109864 0.00183106 1.14929E-10
0.00410888 0.0684814 1.18239E-10
0.00295167 0.0491944 1.17007E-10
-0.00681885 0.113647 1.14519E-10
0.0011792 0.0196533 1.15097E-10
0.00699463 0.116577 1.14422E-10
-0.00459228 0.0765381 1.16116E-10
-0.00755127 0.125855 1.16765E-10
-0.0201782 0.336303 1.16908E-10
-7.32425E-06 0.000122071 1.14753E-10
0.00306886 0.0511476 1.14952E-10
0.00428467 0.0714112 1.17258E-10
-0.000578614 0.00964357 1.15866E-10
0.0128539 0.214232 1.15154E-10
-0.014641 0.244017 1.15254E-10
0.000959473 0.0159912 1.17104E-10
0.0188012 0.313354 1.1309E-10
0.0148168 0.246947 1.14476E-10
-0.0138207 0.230346 1.15626E-10
0.00188233 0.0313721 1.15476E-10
0.00985107 0.164185 1.13843E-10
-0.00331788 0.0552979 1.14461E-10
0.00593995 0.0989991 1.16552E-10
0.00829834 0.138306 1.13558E-10
0.00110596 0.0184326 1.1405E-10
0.000212403 0.00354005 1.15066E-10
0.00213135 0.0355226 1.1376E-10
0.0139526 0.232543 1.1604E-10
0.0087085 0.145142 1.15101E-10
-0.00204347 0.0340578 1.14759E-10
-0.006438 0.1073 1.13537E-10
-0.00596923 0.0994872 1.15422E-10
0.00136964 0.0228273 1.13979E-10
-0.00548583 0.0914306 1.14634E-10
0.0072876 0.12146 1.13234E-10
0.0010913 0.0181884 1.15347E-10
-0.00491456 0.0819093 1.16903E-10
-0.0286596 0.47766 1.16954E-10
-0.00947022 0.157837 1.14711E-10
-0.00151612 0.0252686 1.16509E-10
-0.0109204 0.182007 1.14566E-10
0.0053247 0.0887451 1.14432E-10
-0.00973389 0.162231 1.16975E-10
0.00809326 0.134888 1.15365E-10
0.00613038 0.102173 1.14778E-10
0.00938233 0.156372 1.15174E-10
0.0138061 0.230102 1.14427E-10
-0.000812989 0.0135498 1.15211E-10
0.000285645 0.00476075 1.14396E-10
-0.0126342 0.21057 1.17001E-10
0.000109864 0.00183106 1.1576E-10
0.00942626 0.157104 1.16026E-10
-0.00103272 0.0172119 1.13384E-10
0.00580811 0.0968019 1.15819E-10
-0.00513429 0.0855714 1.15723E-10
0.00815185 0.135864 1.16861E-10
-0.00321533 0.0535889 1.14153E-10
0.00131103 0.0218506 1.15056E-10
0.00216065 0.0360108 1.15128E-10
0.00224854 0.0374756 1.14926E-10
0.00145751 0.0242919 1.15244E-10
0.00574952 0.0958253 1.1357E-10
-0.00498779 0.0831299 1.14382E-10
0.013103 0.218383 1.14042E-10
0.0107446 0.179077 1.14851E-10
-0.00372804 0.0621339 1.15445E-10
-0.00550049 0.0916748 1.12525E-10
0.00101806 0.0169677 1.15231E-10
-0.00525147 0.0875244 1.13183E-10
0.00542725 0.0904541 1.14784E-10
-0.0106713 0.177855 1.15294E-10
-0.00246826 0.0411377 1.15663E-10
-0.00916259 0.15271 1.1355E-10
0.00564698 0.0941163 1.15789E-10
-0.00255615 0.0426025 1.1566E-10
0.00844482 0.140747 1.14236E-10
-0.00156005 0.0260009 1.15498E-10
0.000974122 0.0162354 1.15289E-10
0.0171752 0.286253 1.13197E-10
-0.00630615 0.105103 1.14874E-10
-0.00320068 0.0533448 1.1715E-10
-0.00302491 0.0504153 1.14716E-10
0.00303956 0.0506593 1.14156E-10
-0.0140991 0.234985 1.14981E-10
0.00161865 0.0269775 1.14342E-10
0.00312745 0.0521241 1.17353E-10
-0.0138061 0.230102 1.15244E-10
-0.00800537 0.133423 1.17024E-10
0.00280518 0.0467529 1.14751E-10
-0.0178344 0.29724 1.14199E-10
0.00547119 0.0911865 1.14761E-10
-0.00126709 0.0211181 1.14151E-10
-0.00491456 0.0819093 1.16683E-10
0.00191162 0.0318603 1.15677E-10
0.00966064 0.161011 1.14848E-10
-0.00346436 0.0577393 1.16942E-10
-0.00290771 0.0484619 1.15938E-10
0.00829834 0.138306 1.15244E-10
-0.0177759 0.296265 1.15349E-10
0.00709717 0.118286 1.16167E-10
0.00440185 0.0733642 1.14651E-10
-0.00570557 0.0950928 1.14124E-10
-0.00216065 0.0360108 1.15168E-10
0.00617431 0.102905 1.16077E-10
-0.000417481 0.00695803 1.15742E-10
-0.00322999 0.0538331 1.16422E-10
-0.00547119 0.0911865 1.14942E-10
-0.00424072 0.0706787 1.15553E-10
-0.00267333 0.0445556 1.13879E-10
-0.00126709 0.0211181 1.1266E-10
-0.00982178 0.163696 1.15582E-10
0.0072876 0.12146 1.17188E-10
0.00123779 0.0206298 1.13405E-10
-0.00347901 0.0579834 1.15287E-10
-0.000988771 0.0164795 1.15816E-10
0.000476075 0.00793458 1.15926E-10
0.0016919 0.0281983 1.14717E-10
-0.0068335 0.113892 1.1421E-10
-0.00444581 0.0740968 1.16576E-10
0.00528075 0.0880126 1.17471E-10
0.00116455 0.0194092 1.15369E-10
0.00141357 0.0235596 1.15928E-10
0.00207276 0.0345461 1.16473E-10
-0.00485597 0.0809328 1.15909E-10
0.00771241 0.12854 1.14848E-10
0.000534668 0.00891113 1.16954E-10
-0.0025122 0.0418701 1.1506E-10
0.00859131 0.143188 1.13496E-10
0.000725098 0.012085 1.15642E-10
-0.0159888 0.26648 1.16142E-10
0.00555908 0.0926513 1.15228E-10
0.00188233 0.0313721 1.15194E-10
-0.00230713 0.0384522 1.13769E-10
-0.0160327 0.267212 1.17106E-10
0.00514893 0.0858155 1.14992E-10
