0.0230346 0.38391 7.73918E-11
-0.0261254 0.435424 7.70405E-11
-0.0172045 0.286743 7.49398E-11
0.010232 0.170533 7.74914E-11
0.00428467 0.0714112 7.71163E-11
0.0101733 0.169555 7.63639E-11
-0.012312 0.2052 7.7573E-11
0.00561767 0.0936279 7.68895E-11
0.00290771 0.0484619 7.65072E-11
-0.012268 0.204467 7.57932E-11
-0.0307397 0.512328 7.65898E-11
0.00388916 0.0648194 7.75063E-11
0.0107299 0.178832 7.48419E-11
0.000563965 0.00939942 7.92928E-11
0.0129418 0.215697 7.67386E-11
0.0322925 0.538208 7.47695E-11
-0.0126928 0.211547 7.55641E-11
-0.00157471 0.0262451 7.66496E-11
0.006438 0.1073 7.70926E-11
0.0174389 0.290648 7.50759E-11
-0.00136964 0.0228273 7.7534E-11
-0.0133666 0.222777 7.65172E-11
-0.00491456 0.0819093 7.63343E-11
-0.0124877 0.208128 7.70281E-11
-0.00281982 0.0469971 7.7183E-11
0.0131761 0.219603 7.44249E-11
-0.0118432 0.197387 7.40756E-11
-0.0114917 0.191529 7.55853E-11
0.0186401 0.310668 7.51591E-11
-0.00330322 0.0550537 7.64309E-11
-0.00598389 0.0997314 7.66652E-11
0.00112061 0.0186768 7.49348E-11
0.0289233 0.482055 7.40261E-11
-0.00454836 0.0758059 7.44254E-11
0.00822509 0.137085 7.64443E-11
-0.0333178 0.555297 7.79369E-11
0.0189771 0.316285 7.47601E-11
-0.0053247 0.0887451 7.62276E-11
0.0378735 0.631225 7.41458E-11
-0.00229249 0.0382081 7.66965E-11
0.00296631 0.0494386 7.65709E-11
-0.0140698 0.234497 7.61147E-11
0.0113598 0.189331 7.70459E-11
-0.00539795 0.0899658 7.78398E-11
-0.0245141 0.408568 7.79031E-11
-0.00697999 0.116333 7.55464E-11
-0.0316479 0.527465 7.81258E-11
-0.0275171 0.458618 7.68063E-11
0.00356691 0.0594484 7.64743E-11
-0.0451977 0.753296 7.85489E-11
-0.00113525 0.0189209 7.70854E-11
-0.0139819 0.233032 7.58855E-11
-0.0269311 0.448852 7.72795E-11
-0.0323365 0.538942 7.6779E-11
0.0275465 0.459108 7.63497E-11
-0.00199952 0.0333253 7.67842E-11
-0.0232983 0.388305 7.83603E-11
0.000842286 0.0140381 7.70582E-11
0.0340063 0.566772 7.5069E-11
-0.00570557 0.0950928 7.68352E-11
0.0183178 0.305297 7.64183E-11
0.00366945 0.0611574 7.62114E-11
0.0274146 0.45691 7.66325E-11
-0.00459228 0.0765381 7.6735E-11
-0.0305493 0.509154 7.68639E-11
-0.0067456 0.112427 7.61296E-11
-0.00460694 0.0767823 7.60086E-11
0.0312231 0.520385 7.44537E-11
0.0434106 0.723511 7.61024E-11
-0.0114185 0.190308 7.60482E-11
0.016355 0.272583 7.67004E-11
0.00218994 0.0364991 7.6265E-11
-0.00695068 0.115845 7.78199E-11
0.0103491 0.172485 7.55697E-11
0.0360717 0.601196 7.61326E-11
-0.00106201 0.0177003 7.62949E-11
-0.0311645 0.519408 7.75254E-11
-0.00279053 0.0465088 7.72682E-11
0.0251 0.418334 7.46005E-11
0.00844482 0.140747 7.44368E-11
0.00705322 0.117554 7.58454E-11
0.00519286 0.0865477 7.48963E-11
0.00429931 0.0716553 7.64538E-11
0.0130297 0.217163 7.78404E-11
-0.0307837 0.513062 7.73449E-11
0.0196215 0.327026 7.44984E-11
0.0119311 0.198852 7.74685E-11
-0.00410888 0.0684814 7.66261E-11
0.0233862 0.38977 7.63174E-11
-0.0288207 0.480346 7.81747E-11
-0.0112573 0.187622 7.74868E-11
-0.0308276 0.513793 7.76726E-11
0.00787354 0.131226 7.62875E-11
-0.0212475 0.354125 7.66545E-11
0.0110376 0.183959 7.63492E-11
-0.0242212 0.403687 7.77806E-11
0.00419677 0.0699463 7.72436E-11
0.00325927 0.0543213 7.62496E-11
0.0212915 0.354858 7.54745E-11
0.0231225 0.385376 7.58695E-11
0.0300805 0.501343 7.67032E-11
-0.00286376 0.0477294 7.60991E-11
0.00287842 0.0479736 7.63222E-11
0.0320727 0.534546 7.54685E-11
0.0196508 0.327514 7.62237E-11
0.00303956 0.0506593 7.66607E-11
0.0213207 0.355346 7.52666E-11
0.00309815 0.0516358 7.66019E-11
0.00419677 0.0699463 7.73688E-11
-0.00755127 0.125855 7.65573E-11
0.0090747 0.151245 7.56436E-11
0.0446264 0.743773 7.53956E-11
-0.0182153 0.303588 7.63501E-11
-0.0121801 0.203003 7.50947E-11
0.0239721 0.399535 7.39917E-11
-0.0291576 0.48596 7.64069E-11
-0.0199878 0.33313 7.52576E-11
-0.00973389 0.162231 7.66282E-11
-0.0403344 0.672241 7.72773E-11
-0.0250854 0.41809 7.77406E-11
0.0159156 0.265259 7.65004E-11
0.0377123 0.628538 7.53935E-11
0.0243676 0.406127 7.65615E-11
-0.0287622 0.479369 7.78521E-11
-0.000402833 0.00671388 7.81916E-11
0.00440185 0.0733642 7.6752E-11
0.0298608 0.49768 7.43163E-11
-0.0157837 0.263062 7.53374E-11
0.00702393 0.117066 7.52812E-11
0.00413818 0.0689697 7.73959E-11
0.0415063 0.691773 7.45593E-11
0.00889893 0.148315 7.54577E-11
-0.0177173 0.295288 7.75226E-11
-0.00583742 0.0972903 7.5849E-11
-0.0194898 0.324829 7.6809E-11
-0.0150219 0.250366 7.64519E-11
-0.0110522 0.184203 7.60979E-11
0.00989501 0.164917 7.67805E-11
0.0153441 0.255736 7.62853E-11
-0.00774169 0.129028 7.77842E-11
0.0063501 0.105835 7.59965E-11
0.00257079 0.0428466 7.51287E-11
-0.00390382 0.0650636 7.56688E-11
0.0106567 0.177611 7.71582E-11
0.0248803 0.414672 7.69562E-11
-0.009104 0.151733 7.55366E-11
-0.0063501 0.105835 7.65029E-11
-0.0156078 0.260131 7.64846E-11
0.00245362 0.0408937 7.74995E-11
0.00766846 0.127808 7.54482E-11
-0.0162816 0.271361 7.72947E-11
0.0358226 0.597044 7.48733E-11
0.0231372 0.38562 7.51645E-11
-0.0188892 0.314819 7.65049E-11
-0.0267847 0.446411 7.76682E-11
-0.018391 0.306517 7.5679E-11
0.00384522 0.064087 7.50072E-11
-0.0260961 0.434936 7.77633E-11
0.0140258 0.233764 7.61207E-11
0.0230199 0.383666 7.65428E-11
-0.00450441 0.0750734 7.68448E-11
-0.0072876 0.12146 7.45016E-11
0.000666505 0.0111084 7.57521E-11
-0.00724365 0.120728 7.59004E-11
0.00331788 0.0552979 7.67613E-11
-0.00906006 0.151001 7.67972E-11
-0.0259203 0.432006 7.76898E-11
0.0109936 0.183227 7.65213E-11
0.00441651 0.0736084 7.56217E-11
0.00180909 0.0301514 7.57006E-11
0.00951416 0.158569 7.75021E-11
-0.00223389 0.0372314 7.61664E-11
0.0054126 0.0902099 7.58787E-11
0.0362768 0.604614 7.64037E-11
0.0104076 0.17346 7.52739E-11
-0.00114991 0.0191651 7.68214E-11
0.000124513 0.00207521 7.78322E-11
0.0323071 0.538452 7.3961E-11
0.00201417 0.0335694 7.59985E-11
-0.0206616 0.34436 7.80343E-11
0.0158862 0.26477 7.69264E-11
-0.0143627 0.239378 7.64854E-11
0.0148022 0.246703 7.63114E-11
0.0287182 0.478637 7.50287E-11
0.0175415 0.292357 7.60805E-11
0.00422608 0.0704346 7.79083E-11
-0.0317651 0.529418 7.75608E-11
-0.016267 0.271117 7.5882E-11
0.0054126 0.0902099 7.52451E-11
0.0220972 0.368287 7.5629E-11
0.0106127 0.176878 7.73183E-11
0.03531 0.5885 7.47964E-11
0.0120336 0.200561 7.5572E-11
0.0111694 0.186157 7.63536E-11
-0.0188745 0.314575 7.60807E-11
-0.0210424 0.350707 7.80714E-11
-0.0240747 0.401245 7.71634E-11
-0.0246606 0.41101 7.80362E-11
-0.0138061 0.230102 7.59315E-11
0.00443115 0.0738526 7.56217E-11
