0.006438 0.1073 7.66673E-11
0.00281982 0.0469971 7.75751E-11
-0.0195776 0.326293 7.60194E-11
0.00427003 0.0711671 7.75682E-11
0.0247192 0.411987 7.57426E-11
0.0127367 0.212279 7.62275E-11
0.00243897 0.0406496 7.66582E-11
0.00167724 0.0279541 7.74014E-11
0.00494386 0.0823976 7.85687E-11
0.0196362 0.32727 7.74118E-11
-0.0048999 0.0816651 7.71506E-11
-0.00884032 0.147339 7.82408E-11
-0.001604 0.0267334 7.75108E-11
0.0229907 0.383178 7.6317E-11
-0.0314721 0.524535 7.80547E-11
-0.00980712 0.163452 7.77532E-11
0.00796143 0.13269 7.52463E-11
0.00558837 0.0931396 7.56469E-11
0.0442162 0.736938 7.55458E-11
-0.00412354 0.0687256 7.68513E-11
0.00431397 0.0718994 7.54964E-11
0.0288061 0.480102 7.56593E-11
-0.0287328 0.478881 7.84606E-11
0.0153881 0.256468 7.58708E-11
0.0100268 0.167113 7.7638E-11
-0.016516 0.275267 7.91386E-11
0.000959473 0.0159912 7.69307E-11
-0.0081079 0.135132 7.9219E-11
-0.0190355 0.317259 7.79358E-11
-0.00131103 0.0218506 7.66532E-11
-0.0536939 0.894898 7.90331E-11
0.00996824 0.166137 7.55605E-11
-0.00409423 0.0682372 7.7028E-11
0.00856201 0.1427 7.79458E-11
-0.0130297 0.217163 7.90003E-11
-0.0439672 0.732788 7.94297E-11
0.00179444 0.0299073 7.77305E-11
-0.0183178 0.305297 7.8506E-11
0.0206616 0.34436 7.72481E-11
-0.00238038 0.0396729 7.68735E-11
0.0115796 0.192993 7.79989E-11
0.00491456 0.0819093 7.62275E-11
0.0228003 0.380005 7.78358E-11
0.0118286 0.197142 7.65297E-11
0.0035962 0.0599367 7.7578E-11
-0.00722901 0.120484 7.66705E-11
-0.0285131 0.475218 7.64269E-11
0.0271362 0.45227 7.44354E-11
-0.0117846 0.19641 7.90718E-11
-0.00230713 0.0384522 7.77669E-11
-0.019563 0.32605 7.91293E-11
0.017146 0.285766 7.64468E-11
0.000388184 0.00646973 7.90967E-11
0.0074048 0.123413 7.75527E-11
-0.00526611 0.0877685 7.76815E-11
-0.00988037 0.164673 7.85224E-11
0.009104 0.151733 7.7251E-11
-0.000402833 0.00671388 7.7363E-11
0.000476075 0.00793458 7.76516E-11
0.0132494 0.220823 7.81162E-11
0.0154614 0.25769 7.75008E-11
0.00230713 0.0384522 7.50966E-11
0.0115796 0.192993 7.66641E-11
0.00179444 0.0299073 7.75022E-11
-0.0224488 0.374148 7.84797E-11
0.0205737 0.342895 7.61174E-11
-0.0212915 0.354858 7.80278E-11
-0.0260815 0.434692 7.84235E-11
0.00923584 0.153931 7.91826E-11
0.00936767 0.156128 7.78042E-11
0.00552979 0.0921631 7.68819E-11
-0.0182885 0.304808 7.83456E-11
-0.00960205 0.160034 7.65765E-11
0.0132494 0.220823 7.73645E-11
0.004563 0.07605 7.91409E-11
0.00183839 0.0306398 7.73617E-11
-0.000329591 0.00549318 7.76778E-11
-0.00158936 0.0264893 7.66722E-11
0.0149487 0.249145 7.7322E-11
-0.0125463 0.209105 7.7982E-11
-0.0259496 0.432494 7.73945E-11
-0.00210206 0.0350343 7.95025E-11
-0.00418213 0.0697022 7.70788E-11
0.000930176 0.0155029 7.65545E-11
-0.0165893 0.276488 7.7948E-11
-0.0202808 0.338012 7.95934E-11
-0.000139161 0.00231935 7.88578E-11
0.00564698 0.0941163 7.68054E-11
2.19728E-05 0.000366213 7.8619E-11
-0.00318604 0.0531006 7.73492E-11
-0.0101733 0.169555 7.63662E-11
-0.00437257 0.0728761 7.76341E-11
0.0146557 0.244262 7.84387E-11
0.0167066 0.278443 7.77193E-11
0.00911865 0.151977 7.67063E-11
-0.00450441 0.0750734 7.84565E-11
-0.0126635 0.211058 7.8621E-11
-0.00366945 0.0611574 7.66316E-11
-0.00235108 0.0391846 7.76627E-11
0.00122315 0.0203858 7.84781E-11
-0.0178051 0.296752 7.77726E-11
0.000549317 0.00915528 7.82943E-11
-0.00394777 0.0657961 7.75791E-11
-0.00977783 0.162964 7.86383E-11
0.0260375 0.433959 7.65251E-11
0.00648194 0.108032 7.68211E-11
0.0016626 0.0277099 7.87807E-11
0.0150805 0.251343 7.56089E-11
-0.00270264 0.0450439 7.91964E-11
0.0202808 0.338012 7.69977E-11
-0.00856201 0.1427 7.86218E-11
0.0183764 0.306273 7.75633E-11
-0.00167724 0.0279541 7.8254E-11
-0.0112866 0.188111 7.89615E-11
-0.0026294 0.0438233 7.68403E-11
-0.0155786 0.259642 7.86255E-11
-0.00192626 0.0321044 7.82369E-11
-0.0176294 0.293823 7.69693E-11
0.00255615 0.0426025 7.71426E-11
0.0016919 0.0281983 7.72105E-11
-0.00342042 0.0570069 7.74877E-11
-0.0130737 0.217896 7.90612E-11
0.014348 0.239134 7.62266E-11
-0.00892822 0.148804 7.81527E-11
-0.00771241 0.12854 7.72649E-11
0.00750733 0.125122 7.68516E-11
0.0232397 0.387328 7.73424E-11
0.00325927 0.0543213 7.81248E-11
0.00337647 0.0562746 7.70446E-11
-0.0158276 0.263794 7.82592E-11
2.19728E-05 0.000366213 7.88122E-11
0.00254151 0.0423584 7.76428E-11
-0.0229029 0.381715 7.62352E-11
-0.0155492 0.259154 7.8211E-11
-0.0228443 0.380738 7.92199E-11
-0.0162816 0.271361 7.77153E-11
0.00986572 0.164429 7.62401E-11
0.0272241 0.453735 7.81448E-11
-0.000637208 0.0106201 7.67258E-11
-0.00607177 0.101196 7.88119E-11
-0.00648194 0.108032 7.7429E-11
0.0254223 0.423704 7.54884E-11
0.0107152 0.178587 7.61608E-11
-0.0240307 0.400512 7.85174E-11
0.0144506 0.240843 7.63155E-11
0.0114185 0.190308 7.73145E-11
0.0231372 0.38562 7.81743E-11
-0.0228443 0.380738 7.97508E-11
-0.00229249 0.0382081 7.79942E-11
-0.0125317 0.208862 7.90906E-11
0.00331788 0.0552979 7.78566E-11
-0.0210718 0.351196 7.90117E-11
0.0132933 0.221556 7.57901E-11
0.0190502 0.317503 7.65115E-11
-0.00369873 0.0616456 7.8242E-11
-0.00873779 0.14563 7.86898E-11
0.0359546 0.599243 7.52148E-11
0.0260669 0.434448 7.66099E-11
-0.00368409 0.0614015 7.8485E-11
-0.0150366 0.250611 7.89282E-11
-0.0073755 0.122925 7.71152E-11
0.0228589 0.380982 7.70212E-11
0.0274292 0.457153 7.82138E-11
0.0136156 0.226928 7.78721E-11
-0.0202075 0.336792 8.03358E-11
-0.00500245 0.0833741 7.63912E-11
0.0342553 0.570922 7.57698E-11
-0.00676024 0.112671 7.65597E-11
0.0214379 0.357299 7.78047E-11
-0.00593995 0.0989991 7.98891E-11
-0.0301978 0.503297 7.88891E-11
-0.0118871 0.198119 7.97006E-11
0.00514893 0.0858155 7.80498E-11
0.0141722 0.236204 7.55556E-11
0.0081079 0.135132 7.56431E-11
-0.0120336 0.200561 7.70542E-11
-0.00588134 0.0980224 7.80752E-11
0.0141869 0.236448 7.58445E-11
-0.0122827 0.204712 7.96967E-11
0.00552979 0.0921631 7.89914E-11
0.032644 0.544067 7.64556E-11
0.0171166 0.285277 7.56093E-11
0.00621827 0.103638 7.92736E-11
0.0336401 0.560668 7.7108E-11
0.0120483 0.200805 7.81951E-11
-0.00298097 0.0496828 7.78748E-11
-0.00141357 0.0235596 7.75816E-11
0.00642336 0.107056 7.7516E-11
0.0162231 0.270386 7.774E-11
0.0378881 0.631468 7.65354E-11
0.0133373 0.222288 7.68999E-11
-0.0194898 0.324829 7.66886E-11
0.0333178 0.555297 7.70736E-11
-0.0262134 0.43689 7.97398E-11
-0.00383058 0.0638429 7.73261E-11
0.00325927 0.0543213 7.63887E-11
0.0108031 0.180053 7.62954E-11
-0.00580811 0.0968019 7.77464E-11
-0.00756592 0.126099 7.82167E-11
0.00339112 0.0565187 7.77321E-11
