-0.00700929 0.116821 2.77477E-10
0.00141357 0.0235596 2.70895E-10
-0.00384522 0.064087 2.79373E-10
-0.0050464 0.0841066 2.77199E-10
0.00533936 0.0889893 2.78592E-10
0.00296631 0.0494386 2.7086E-10
0.0073755 0.122925 2.7213E-10
0.00618897 0.103149 2.77398E-10
-0.00812255 0.135376 2.72153E-10
-0.00519286 0.0865477 2.74411E-10
-0.00889893 0.148315 2.78211E-10
0.00328858 0.0548096 2.76008E-10
0.0116675 0.194459 2.79429E-10
0.00172119 0.0286864 2.75242E-10
0.00470948 0.0784913 2.75763E-10
-0.0039917 0.0665283 2.63865E-10
0.000314942 0.00524903 2.78746E-10
0.00722901 0.120484 2.73486E-10
-0.00528075 0.0880126 2.725E-10
-0.000300294 0.00500489 2.70622E-10
-0.00281982 0.0469971 2.67554E-10
-0.00182373 0.0303956 2.71049E-10
0.00148682 0.0247803 2.76174E-10
-0.00343507 0.0572511 2.71624E-10
0.00429931 0.0716553 2.69482E-10
0.00639406 0.106568 2.69675E-10
0.00990965 0.165161 2.85432E-10
0.00413818 0.0689697 2.69019E-10
0.00709717 0.118286 2.76981E-10
0.0100415 0.167358 2.71271E-10
0.0101147 0.168579 2.77668E-10
0.00180909 0.0301514 2.699E-10
-0.00265869 0.0443115 2.75857E-10
0.00365479 0.0609132 2.73283E-10
0.00154541 0.0257568 2.76495E-10
-0.0160474 0.267457 2.71322E-10
-0.00393312 0.0655519 2.70516E-10
-0.0002417 0.00402833 2.7103E-10
-0.0177612 0.296021 2.71642E-10
-0.00100342 0.0167236 2.77158E-10
0.0030542 0.0509034 2.76173E-10
-0.00358156 0.0596926 2.81748E-10
0.00277588 0.0462646 2.79974E-10
0.00595459 0.0992432 2.71922E-10
-0.00979248 0.163208 2.78662E-10
-0.00147217 0.0245361 2.68701E-10
-0.00482666 0.0804444 2.74183E-10
-0.00202881 0.0338136 2.74301E-10
0.000856934 0.0142822 2.69752E-10
-0.00702393 0.117066 2.77712E-10
-0.00292237 0.0487061 2.70133E-10
0.00153076 0.0255128 2.77108E-10
-0.00353761 0.0589601 2.75423E-10
-0.00816649 0.136108 2.80013E-10
-0.00400634 0.0667724 2.77698E-10
-0.00520752 0.0867919 2.72803E-10
-0.00258545 0.0430908 2.81353E-10
0.00337647 0.0562746 2.79303E-10
-0.00692139 0.115356 2.77345E-10
0.00498779 0.0831299 2.7057E-10
0.00346436 0.0577393 2.77631E-10
-0.00296631 0.0494386 2.71413E-10
-0.00374268 0.062378 2.77995E-10
0.000563965 0.00939942 2.69456E-10
0.00498779 0.0831299 2.68389E-10
0.0147143 0.245238 2.76229E-10
-0.00101806 0.0169677 2.76691E-10
0.00525147 0.0875244 2.77779E-10
-0.00539795 0.0899658 2.79351E-10
0.00875243 0.145874 2.7178E-10
0.0111694 0.186157 2.78767E-10
0.00580811 0.0968019 2.71181E-10
0.00394777 0.0657961 2.85191E-10
-0.00384522 0.064087 2.76566E-10
0.00826904 0.137817 2.85055E-10
0.00734619 0.122437 2.73015E-10
-0.00043213 0.00720217 2.7144E-10
-0.000593263 0.00988771 2.72849E-10
0.00299562 0.0499269 2.76511E-10
-0.0035083 0.0584717 2.77401E-10
-0.00245362 0.0408937 2.78005E-10
0.0101879 0.169799 2.76628E-10
-0.00334717 0.0557863 2.70611E-10
-0.00993895 0.165649 2.78936E-10
0.00438721 0.0731202 2.73013E-10
-0.00043213 0.00720217 2.76788E-10
0.0048999 0.0816651 2.70845E-10
-0.00494386 0.0823976 2.75381E-10
-0.000944824 0.0157471 2.70917E-10
-0.00312745 0.0521241 2.71673E-10
0.00621827 0.103638 2.78696E-10
0.000197755 0.00329592 2.76194E-10
-0.000139161 0.00231935 2.77304E-10
-0.000256348 0.00427247 2.71386E-10
0.00161865 0.0269775 2.79389E-10
-0.00177978 0.0296631 2.76006E-10
0.0086792 0.144653 2.69321E-10
0.00317139 0.0528564 2.72518E-10
-0.000344239 0.00573732 2.7861E-10
0.0035083 0.0584717 2.72062E-10
0.00380127 0.0633546 2.77317E-10
-0.00390382 0.0650636 2.7715E-10
-0.00832763 0.138794 2.74767E-10
-0.00339112 0.0565187 2.75058E-10
-0.00120849 0.0201416 2.77191E-10
0.00327392 0.0545654 2.77818E-10
-0.0136449 0.227416 2.78102E-10
-0.0035962 0.0599367 2.75548E-10
0.00230713 0.0384522 2.73828E-10
0.0103783 0.172972 2.69263E-10
-0.00951416 0.158569 2.69233E-10
0.00835693 0.139282 2.76704E-10
-0.00522216 0.0870361 2.76406E-10
-0.00429931 0.0716553 2.71628E-10
0.00388916 0.0648194 2.76299E-10
-0.000329591 0.00549318 2.70879E-10
-0.00460694 0.0767823 2.77968E-10
-0.00409423 0.0682372 2.77176E-10
0.0035083 0.0584717 2.71759E-10
-0.00633546 0.105591 2.77926E-10
0.00163329 0.0272216 2.70704E-10
-0.000666505 0.0111084 2.7035E-10
0.00774169 0.129028 2.67502E-10
0.00116455 0.0194092 2.77527E-10
-0.00759522 0.126587 2.6982E-10
0.00375733 0.0626221 2.71572E-10
0.00432862 0.0721436 2.70611E-10
0.00812255 0.135376 2.77981E-10
-0.00804931 0.134155 2.78982E-10
-0.00900147 0.150024 2.70033E-10
-0.00265869 0.0443115 2.76876E-10
-0.00570557 0.0950928 2.77126E-10
0.00141357 0.0235596 2.75742E-10
0.00494386 0.0823976 2.69884E-10
-0.00703858 0.11731 2.7738E-10
-0.00188233 0.0313721 2.74473E-10
0.00957275 0.159546 2.7118E-10
0.00195557 0.0325928 2.74999E-10
-0.00929443 0.154907 2.77312E-10
-0.00856201 0.1427 2.76616E-10
0.00302491 0.0504153 2.77041E-10
-0.00528075 0.0880126 2.7746E-10
0.00238038 0.0396729 2.7183E-10
0.00116455 0.0194092 2.7729E-10
-0.0103051 0.171753 2.73373E-10
-0.0117553 0.195922 2.76208E-10
-0.0135277 0.225463 2.70943E-10
0.00491456 0.0819093 2.77853E-10
-0.00270264 0.0450439 2.70674E-10
0.00114991 0.0191651 2.78153E-10
-0.000651857 0.0108643 2.77261E-10
0.00150147 0.0250244 2.71805E-10
0.00447511 0.0745851 2.8463E-10
-0.00576416 0.0960694 2.77651E-10
-0.00699463 0.116577 2.72004E-10
0.0152856 0.25476 2.71921E-10
0.00227783 0.0379639 2.76354E-10
0.00654053 0.109009 2.78303E-10
0.00264405 0.0440674 2.68446E-10
-0.00794677 0.132446 2.79958E-10
7.32425E-06 0.000122071 2.78087E-10
-0.00889893 0.148315 2.76774E-10
0.00459228 0.0765381 2.72778E-10
0.0130884 0.21814 2.71445E-10
-0.00358156 0.0596926 2.78418E-10
0.00150147 0.0250244 2.75318E-10
-0.00309815 0.0516358 2.7631E-10
0.00717042 0.119507 2.71305E-10
-0.00268799 0.0447998 2.71448E-10
-0.00828368 0.138061 2.69858E-10
-0.000637208 0.0106201 2.80352E-10
0.00550049 0.0916748 2.76562E-10
-0.0081079 0.135132 2.7736E-10
-0.00183839 0.0306398 2.68028E-10
0.010144 0.169067 2.81191E-10
0.00334717 0.0557863 2.78813E-10
0.00218994 0.0364991 2.75822E-10
0.0105101 0.175169 2.71901E-10
0.000270996 0.00451661 2.75213E-10
-0.00183839 0.0306398 2.77188E-10
-0.00289307 0.0482178 2.77642E-10
-0.00863525 0.143921 2.77046E-10
0.00837157 0.139526 2.76606E-10
-0.00573487 0.0955811 2.7383E-10
-0.00110596 0.0184326 2.74567E-10
-0.0025122 0.0418701 2.853E-10
0.0102758 0.171264 2.73149E-10
-0.00500245 0.0833741 2.77E-10
-0.00806396 0.134399 2.78034E-10
-0.00629151 0.104858 2.77874E-10
-0.0107446 0.179077 2.80408E-10
-0.00806396 0.134399 2.72422E-10
-0.00422608 0.0704346 2.75009E-10
0.00620361 0.103394 2.70658E-10
0.00126709 0.0211181 2.72389E-10
0.00180909 0.0301514 2.77735E-10
0.00158936 0.0264893 2.72179E-10
0.00733155 0.122193 2.77122E-10
-0.00838623 0.13977 2.78097E-10
-0.00347901 0.0579834 2.79024E-10
