-0.00712648 0.118775 8.2748E-11
0.00872314 0.145386 8.31116E-11
-0.0117699 0.196166 8.44013E-11
-0.00582277 0.0970461 8.51819E-11
0.00255615 0.0426025 8.34707E-11
-0.0026001 0.0433349 8.4396E-11
-0.00188233 0.0313721 8.34912E-11
0.00826904 0.137817 8.31523E-11
0.00342042 0.0570069 8.38725E-11
-0.00555908 0.0926513 8.43935E-11
0.00126709 0.0211181 8.33921E-11
-0.0156225 0.260376 8.43965E-11
0.00591064 0.0985108 8.37383E-11
-0.0202075 0.336792 8.42538E-11
0.00582277 0.0970461 8.57061E-11
-0.0063501 0.105835 8.46657E-11
-0.00334717 0.0557863 8.42771E-11
0.000827638 0.013794 8.29151E-11
0.0110082 0.183471 8.41E-11
0.00383058 0.0638429 8.28136E-11
0.00336182 0.0560304 8.32376E-11
0.00487061 0.0811768 8.40109E-11
0.00366945 0.0611574 8.43495E-11
0.00951416 0.158569 8.346E-11
-0.00052002 0.008667 8.22574E-11
0.000607911 0.0101319 8.38449E-11
0.0218774 0.364624 8.30753E-11
0.00788818 0.13147 8.33366E-11
-0.00885498 0.147583 8.40224E-11
0.0107592 0.17932 8.31412E-11
0.0112427 0.187378 8.29391E-11
-0.00213135 0.0355226 8.34227E-11
0.0178637 0.297728 8.34857E-11
0.00856201 0.1427 8.27189E-11
-0.0122534 0.204223 8.46601E-11
-0.0078003 0.130005 8.31456E-11
0.000417481 0.00695803 8.32676E-11
0.0149926 0.249878 8.3832E-11
-0.00652589 0.108765 8.28708E-11
-0.0116822 0.194703 8.42127E-11
-0.00646728 0.107788 8.5944E-11
0.0109204 0.182007 8.48268E-11
0.00164795 0.0274658 8.58474E-11
0.00949952 0.158325 8.35157E-11
0.0052954 0.0882567 8.23186E-11
0.006438 0.1073 8.29986E-11
0.014978 0.249633 8.33322E-11
-0.00270264 0.0450439 8.37246E-11
0.0156811 0.261352 8.42539E-11
-0.0155492 0.259154 8.39059E-11
-0.0127367 0.212279 8.4771E-11
-0.00661377 0.110229 8.35193E-11
0.00718507 0.119751 8.32132E-11
0.00771241 0.12854 8.36637E-11
0.011477 0.191284 8.29178E-11
-0.0179955 0.299926 8.53165E-11
0.001604 0.0267334 8.31507E-11
0.0123851 0.206419 8.49318E-11
0.00591064 0.0985108 8.42957E-11
-0.00841553 0.140259 8.4033E-11
-0.00517822 0.0863037 8.32492E-11
-0.00648194 0.108032 8.41622E-11
-0.000256348 0.00427247 8.41398E-11
-0.0100707 0.167846 8.3763E-11
0.0191967 0.319946 8.23536E-11
-0.012107 0.201783 8.4498E-11
0.0308862 0.51477 8.36774E-11
-0.0155786 0.259642 8.46438E-11
-0.00308351 0.0513918 8.44403E-11
-0.0156078 0.260131 8.40767E-11
0.00485597 0.0809328 8.3481E-11
-0.00542725 0.0904541 8.4476E-11
0.00988037 0.164673 8.33379E-11
0.00374268 0.062378 8.3172E-11
0.00185303 0.0308838 8.29502E-11
0.00551514 0.0919189 8.35885E-11
-0.00498779 0.0831299 8.43045E-11
-0.0178051 0.296752 8.41539E-11
-0.00853271 0.142212 8.46515E-11
-0.00721437 0.120239 8.50195E-11
-0.00400634 0.0667724 8.34144E-11
-0.0252465 0.420776 8.41156E-11
-0.0139086 0.231811 8.35563E-11
0.0115356 0.192261 8.28524E-11
-0.000812989 0.0135498 8.34406E-11
-0.0190648 0.317747 8.46731E-11
-0.0175561 0.292602 8.61342E-11
0.00973389 0.162231 8.39505E-11
-0.00221924 0.0369873 8.18759E-11
0.00204347 0.0340578 8.41923E-11
-0.00252685 0.0421142 8.47899E-11
-0.0067456 0.112427 8.35715E-11
0.019519 0.325317 8.24874E-11
0.00264405 0.0440674 8.3634E-11
-0.00850342 0.141724 8.57636E-11
-0.00655517 0.109253 8.44346E-11
0.00242432 0.0404054 8.39684E-11
0.0050464 0.0841066 8.31244E-11
0.022024 0.367066 8.35623E-11
0.00154541 0.0257568 8.40336E-11
-0.0052954 0.0882567 8.47046E-11
-0.0124291 0.207152 8.39917E-11
0.0103198 0.171997 8.42312E-11
-0.0133812 0.223021 8.28019E-11
-0.00963134 0.160522 8.52688E-11
-0.0147582 0.245971 8.36137E-11
-0.0173364 0.288939 8.45376E-11
-0.00295167 0.0491944 8.4403E-11
-0.00772705 0.128784 8.50946E-11
-0.001604 0.0267334 8.17743E-11
0.00888428 0.148071 8.31629E-11
-0.00774169 0.129028 8.38738E-11
-0.00167724 0.0279541 8.31764E-11
0.0026001 0.0433349 8.23977E-11
-0.00432862 0.0721436 8.3872E-11
-0.00154541 0.0257568 8.34421E-11
0.00264405 0.0440674 8.4059E-11
-0.00315674 0.0526123 8.43924E-11
-0.00511963 0.0853273 8.43034E-11
-0.00607177 0.101196 8.53807E-11
0.0117846 0.19641 8.38147E-11
0.0171313 0.285521 8.20172E-11
-0.0250268 0.417113 8.43306E-11
-0.012766 0.212767 8.42688E-11
-0.0299487 0.499145 8.3988E-11
-0.00869384 0.144897 8.31363E-11
-0.0136303 0.227172 8.39492E-11
-0.00378663 0.0631104 8.4042E-11
0.00974853 0.162476 8.14802E-11
-0.00714112 0.119019 8.41391E-11
-0.00191162 0.0318603 8.45325E-11
-0.00283447 0.0472412 8.42046E-11
-0.00104737 0.0174561 8.38769E-11
0.00596923 0.0994872 8.38488E-11
0.00697999 0.116333 8.36746E-11
0.00249756 0.0416259 8.46072E-11
0.0103929 0.173216 8.36502E-11
0.00248291 0.0413818 8.48729E-11
-0.0107006 0.178343 8.45075E-11
-0.00648194 0.108032 8.39321E-11
-0.0152564 0.254273 8.57861E-11
-3.66213E-05 0.000610354 8.29781E-11
0.00952881 0.158813 8.45503E-11
-0.00457764 0.076294 8.44712E-11
-0.0234009 0.390014 8.43416E-11
-0.009104 0.151733 8.36679E-11
-0.00302491 0.0504153 8.41653E-11
-0.010642 0.177367 8.60008E-11
0.00523682 0.0872803 8.4299E-11
0.00758057 0.126343 8.38782E-11
0.00722901 0.120484 8.27114E-11
-0.00608642 0.10144 8.4621E-11
0.0155199 0.258666 8.41469E-11
-0.0234009 0.390014 8.28339E-11
0.0143334 0.23889 8.205E-11
0.0164574 0.274291 8.36539E-11
0.00119385 0.0198974 8.32669E-11
0.00119385 0.0198974 8.29482E-11
0.000358888 0.00598146 8.36867E-11
-0.00254151 0.0423584 8.45323E-11
-0.0115064 0.191773 8.43896E-11
0.00963134 0.160522 8.5001E-11
-0.0152417 0.254029 8.44568E-11
-0.0145092 0.24182 8.41584E-11
0.00980712 0.163452 8.38208E-11
-0.00655517 0.109253 8.44267E-11
-0.0035083 0.0584717 8.42602E-11
-0.0142308 0.237181 8.55258E-11
-0.0155639 0.259398 8.40004E-11
0.00714112 0.119019 8.42515E-11
-0.00156005 0.0260009 8.36769E-11
-0.0210424 0.350707 8.43583E-11
0.0110961 0.184936 8.30913E-11
0.0127367 0.212279 8.34449E-11
-0.0225659 0.376098 8.34906E-11
-0.00112061 0.0186768 8.31223E-11
-0.00189697 0.0316162 8.40605E-11
0.0072876 0.12146 8.32618E-11
-0.011477 0.191284 8.32728E-11
-0.0141576 0.23596 8.48796E-11
-0.0311937 0.519896 8.66664E-11
0.00440185 0.0733642 8.3145E-11
-0.00457764 0.076294 8.42056E-11
-0.0096753 0.161255 8.44789E-11
-0.00157471 0.0262451 8.39382E-11
-0.0113891 0.189819 8.40909E-11
0.00210206 0.0350343 8.29085E-11
-0.0126928 0.211547 8.41606E-11
0.00336182 0.0560304 8.33885E-11
0.00428467 0.0714112 8.42109E-11
-0.0235034 0.391723 8.43669E-11
-0.028894 0.481567 8.39129E-11
-0.00942626 0.157104 8.49659E-11
-0.0187134 0.31189 8.58628E-11
-0.00954345 0.159058 8.43501E-11
0.0062622 0.10437 8.42736E-11
0.0124291 0.207152 8.30041E-11
0.00920655 0.153442 8.327E-11
-6.59183E-05 0.00109864 8.24857E-11
0.0127367 0.212279 8.24932E-11
