0.0126562 0.210938 8.11753E-11
-0.00234375 0.0390625 7.96393E-11
-0.0107812 0.179688 8.08955E-11
0.0145312 0.242188 8.07065E-11
-0.00140625 0.0234375 7.9564E-11
0.0201563 0.335938 8.03557E-11
-0.0154687 0.257812 8.1733E-11
-0.0210937 0.351562 8.22652E-11
-0.00234375 0.0390625 8.13414E-11
-0.0257812 0.429688 8.01913E-11
-0.00328125 0.0546875 7.85723E-11
-0.00703125 0.117188 8.1269E-11
0.00984375 0.164062 8.08924E-11
0.00984375 0.164062 8.15606E-11
-0.00609375 0.101563 7.96884E-11
-0.00328125 0.0546875 7.99087E-11
0.0135937 0.226562 8.16548E-11
0.0164062 0.273437 7.98739E-11
-0.00515625 0.0859375 8.15366E-11
-0.00046875 0.0078125 8.17502E-11
-0.0192187 0.320312 8.10662E-11
-0.00703125 0.117188 8.30541E-11
-0.00609375 0.101563 8.15596E-11
0.00890625 0.148438 8.17127E-11
0.0117188 0.195312 7.97057E-11
-0.0323438 0.539063 8.13803E-11
0.0107812 0.179688 7.92143E-11
-0.0117188 0.195312 8.11876E-11
0.00984375 0.164062 8.16465E-11
-0.0107812 0.179688 7.97321E-11
-0.0210937 0.351562 8.18328E-11
-0.00515625 0.0859375 8.13356E-11
-0.00421875 0.0703125 8.04543E-11
-0.00140625 0.0234375 8.11606E-11
-0.0182812 0.304688 7.9961E-11
0.0107812 0.179688 8.02861E-11
0.00234375 0.0390625 7.87395E-11
-0.00890625 0.148438 8.1064E-11
0.0220313 0.367188 8.0333E-11
-0.0107812 0.179688 8.19227E-11
0.0210937 0.351562 8.10463E-11
-0.0117188 0.195312 8.18038E-11
-0.0117188 0.195312 7.97089E-11
0.0126562 0.210938 7.99986E-11
0.00421875 0.0703125 8.1446E-11
0.00140625 0.0234375 8.00874E-11
0.0117188 0.195312 7.99498E-11
0.00796875 0.132812 7.93761E-11
-0.00421875 0.0703125 8.10417E-11
-0.00515625 0.0859375 8.23757E-11
-0.0126562 0.210938 8.15247E-11
-0.0117188 0.195312 8.02114E-11
-0.00421875 0.0703125 8.2407E-11
0.00890625 0.148438 8.08256E-11
0.0182812 0.304688 8.12871E-11
0.00515625 0.0859375 8.15744E-11
-0.00328125 0.0546875 7.84357E-11
-0.0267187 0.445312 8.30495E-11
0.0229688 0.382813 7.77967E-11
0.00890625 0.148438 8.21021E-11
-0.00703125 0.117188 8.18638E-11
0.00046875 0.0078125 8.08543E-11
-0.00046875 0.0078125 8.11014E-11
-0.00796875 0.132812 7.88454E-11
0.00796875 0.132812 8.07991E-11
-0.0126562 0.210938 8.01768E-11
-0.00984375 0.164062 8.02559E-11
-0.00515625 0.0859375 8.02377E-11
-0.00140625 0.0234375 8.1406E-11
0.00421875 0.0703125 7.9827E-11
0.00984375 0.164062 8.01737E-11
-0.00515625 0.0859375 8.03235E-11
-0.0154687 0.257812 8.08016E-11
-0.0107812 0.179688 8.23218E-11
-0.00046875 0.0078125 8.0743E-11
0.0154687 0.257812 8.00447E-11
0.00046875 0.0078125 8.2974E-11
-0.0117188 0.195312 8.16818E-11
-0.0220313 0.367188 8.41159E-11
-0.00609375 0.101563 7.9739E-11
-0.00234375 0.0390625 7.97206E-11
0.00609375 0.101563 8.13473E-11
-0.00140625 0.0234375 7.98348E-11
0.0154687 0.257812 8.07936E-11
-0.00984375 0.164062 8.02249E-11
-0.0126562 0.210938 7.92277E-11
0.0117188 0.195312 8.19695E-11
0.0229688 0.382813 8.27152E-11
-0.0192187 0.320312 8.00716E-11
-0.00703125 0.117188 8.30211E-11
0.00890625 0.148438 8.05846E-11
-0.00421875 0.0703125 8.02224E-11
-0.0117188 0.195312 8.15242E-11
-0.00984375 0.164062 8.10537E-11
-0.0267187 0.445312 8.13185E-11
-0.00328125 0.0546875 8.24723E-11
0.00703125 0.117188 8.01736E-11
0.0332812 0.554688 8.07598E-11
0.00796875 0.132812 8.16142E-11
0.00046875 0.0078125 8.03948E-11
0.0210937 0.351562 8.07011E-11
0.00890625 0.148438 8.16119E-11
-0.0229688 0.382813 8.20653E-11
0.0210937 0.351562 8.07228E-11
-0.00984375 0.164062 8.09764E-11
0.0192187 0.320312 7.91725E-11
-0.0135937 0.226562 8.22034E-11
0.0201563 0.335938 7.97044E-11
-0.0126562 0.210938 8.11724E-11
-0.0210937 0.351562 8.04531E-11
-0.00796875 0.132812 7.85991E-11
0.0154687 0.257812 8.13411E-11
-0.00984375 0.164062 8.24267E-11
0.00796875 0.132812 8.067E-11
-0.00890625 0.148438 8.02521E-11
0.0332812 0.554688 7.97927E-11
0.00328125 0.0546875 8.12474E-11
-0.0267187 0.445312 8.03673E-11
0.00703125 0.117188 8.02308E-11
-0.00703125 0.117188 8.06161E-11
0.0135937 0.226562 7.99985E-11
-0.00046875 0.0078125 7.97776E-11
0.0192187 0.320312 8.16159E-11
-0.0135937 0.226562 8.03944E-11
0.0173437 0.289062 8.02954E-11
0.00515625 0.0859375 8.00765E-11
0.00234375 0.0390625 7.88532E-11
0.00234375 0.0390625 7.99746E-11
0.00703125 0.117188 8.05268E-11
0.00515625 0.0859375 8.01058E-11
0.00328125 0.0546875 8.09174E-11
-0.00703125 0.117188 8.12021E-11
0.0173437 0.289062 8.23332E-11
-0.0126562 0.210938 8.06686E-11
-0.00890625 0.148438 8.01095E-11
-0.0173437 0.289062 8.18533E-11
0.0257812 0.429688 8.05586E-11
0.0107812 0.179688 8.15138E-11
0.0182812 0.304688 8.22514E-11
0.00984375 0.164062 8.00812E-11
0.00703125 0.117188 8.13636E-11
-0.00421875 0.0703125 8.16404E-11
0.00046875 0.0078125 8.07535E-11
0.00890625 0.148438 8.07274E-11
-0.00984375 0.164062 8.16131E-11
-0.0145312 0.242188 8.09545E-11
0.00328125 0.0546875 8.07473E-11
0.0117188 0.195312 8.10704E-11
-0.00046875 0.0078125 7.95064E-11
-0.0145312 0.242188 8.02129E-11
0.00515625 0.0859375 7.95439E-11
-0.0126562 0.210938 7.87137E-11
-0.00421875 0.0703125 8.0002E-11
0.0126562 0.210938 8.07724E-11
-0.00328125 0.0546875 8.25663E-11
0.00140625 0.0234375 8.21958E-11
-0.00796875 0.132812 8.08549E-11
0.00703125 0.117188 8.02365E-11
0.0107812 0.179688 8.00241E-11
-0.0107812 0.179688 7.998E-11
0.00046875 0.0078125 7.92512E-11
0.0239062 0.398437 8.12967E-11
-0.00421875 0.0703125 7.93013E-11
-0.00046875 0.0078125 7.86852E-11
0.00234375 0.0390625 8.07363E-11
-0.00421875 0.0703125 7.9934E-11
-0.0126562 0.210938 8.21417E-11
0.00703125 0.117188 8.00859E-11
-0.00515625 0.0859375 8.02885E-11
-0.00515625 0.0859375 7.94756E-11
0.00890625 0.148438 8.06677E-11
-0.0154687 0.257812 7.96273E-11
-0.00421875 0.0703125 8.14878E-11
-0.00140625 0.0234375 7.97905E-11
-0.0117188 0.195312 8.11361E-11
-0.00140625 0.0234375 7.90225E-11
-0.0201563 0.335938 8.21177E-11
0.0145312 0.242188 8.08744E-11
-0.00421875 0.0703125 8.04218E-11
-0.0145312 0.242188 8.03379E-11
-0.00984375 0.164062 8.11064E-11
-0.0145312 0.242188 8.11188E-11
0.0126562 0.210938 7.96762E-11
0.00140625 0.0234375 8.08087E-11
0.00796875 0.132812 7.99367E-11
-0.00703125 0.117188 8.1287E-11
-0.00421875 0.0703125 8.06196E-11
0.00234375 0.0390625 8.01331E-11
-0.00328125 0.0546875 7.96048E-11
-0.0314062 0.523438 8.09784E-11
0.00609375 0.101563 8.10518E-11
0.00328125 0.0546875 8.06957E-11
0.0145312 0.242188 8.02594E-11
0.00140625 0.0234375 7.97261E-11
0.0201563 0.335938 8.11574E-11
-0.00609375 0.101563 8.03327E-11
0.0117188 0.195312 8.12246E-11
0.00796875 0.132812 8.10217E-11
0.0126562 0.210938 8.1931E-11
0.00609375 0.101563 8.10074E-11
