0.00140625 0.0234375 9.1772E-11
0.00140625 0.0234375 9.08957E-11
0.00046875 0.0078125 9.35422E-11
0.00515625 0.0859375 9.13717E-11
-0.00421875 0.0703125 9.13995E-11
0.00234375 0.0390625 9.27735E-11
0.00609375 0.101563 9.09625E-11
-0.00046875 0.0078125 9.05596E-11
0.0164062 0.273437 9.17889E-11
-0.0257812 0.429688 9.16109E-11
0.00515625 0.0859375 9.20882E-11
0.00140625 0.0234375 9.2411E-11
0.00515625 0.0859375 9.14786E-11
0.00609375 0.101563 9.18427E-11
-0.00328125 0.0546875 9.14702E-11
-0.0210937 0.351562 9.16742E-11
-0.00984375 0.164062 9.16793E-11
-0.0107812 0.179688 9.1089E-11
0.0135937 0.226562 9.10249E-11
-0.0145312 0.242188 9.09973E-11
-0.0276563 0.460938 9.22898E-11
-0.00046875 0.0078125 9.13046E-11
0.0229688 0.382813 9.28631E-11
-0.0117188 0.195312 9.11925E-11
-0.00140625 0.0234375 9.10383E-11
-0.00328125 0.0546875 9.43065E-11
-0.0107812 0.179688 9.22007E-11
0.00515625 0.0859375 9.1799E-11
0.0107812 0.179688 9.15724E-11
-0.0126562 0.210938 9.13176E-11
-0.00609375 0.101563 9.2717E-11
-0.00890625 0.148438 9.13477E-11
0.00515625 0.0859375 9.11158E-11
-0.0164062 0.273437 9.18836E-11
-0.00046875 0.0078125 9.28423E-11
-0.00046875 0.0078125 9.16222E-11
-0.00609375 0.101563 9.4047E-11
0.0164062 0.273437 9.12175E-11
0.00234375 0.0390625 9.13546E-11
0.0239062 0.398437 9.05825E-11
-0.00609375 0.101563 9.15015E-11
0.00234375 0.0390625 9.08001E-11
0.00234375 0.0390625 9.31626E-11
-0.0135937 0.226562 9.13999E-11
-0.0117188 0.195312 9.10192E-11
-0.00140625 0.0234375 9.41082E-11
-0.0117188 0.195312 9.34707E-11
0.00796875 0.132812 9.18313E-11
0.00421875 0.0703125 9.14078E-11
-0.0135937 0.226562 9.3181E-11
0.0201563 0.335938 9.1264E-11
-0.0164062 0.273437 9.44469E-11
-0.00890625 0.148438 9.15652E-11
-0.00234375 0.0390625 9.14088E-11
-0.0201563 0.335938 9.09217E-11
-0.0135937 0.226562 9.11013E-11
0.0126562 0.210938 9.07003E-11
0.00609375 0.101563 9.2714E-11
-0.00984375 0.164062 9.21525E-11
-0.0107812 0.179688 9.16668E-11
0.00609375 0.101563 9.36368E-11
-0.0182812 0.304688 9.41091E-11
0.0164062 0.273437 9.10172E-11
-0.00796875 0.132812 9.13163E-11
-0.0107812 0.179688 9.36854E-11
-0.0135937 0.226562 9.14278E-11
0.00046875 0.0078125 9.12019E-11
-0.00328125 0.0546875 9.11811E-11
-0.00515625 0.0859375 9.16841E-11
0.00421875 0.0703125 9.01398E-11
0.00421875 0.0703125 9.14247E-11
0.00890625 0.148438 9.19803E-11
0.00703125 0.117188 9.1315E-11
-0.00421875 0.0703125 9.17717E-11
0.0210937 0.351562 8.90615E-11
-0.0135937 0.226562 9.25399E-11
0.00046875 0.0078125 9.16823E-11
-0.00421875 0.0703125 9.12473E-11
-0.00046875 0.0078125 9.15996E-11
0.0164062 0.273437 9.0143E-11
0.0145312 0.242188 9.16991E-11
0.00421875 0.0703125 9.09601E-11
-0.00046875 0.0078125 9.08304E-11
0.00703125 0.117188 9.38431E-11
-0.0201563 0.335938 9.0823E-11
-0.00234375 0.0390625 9.08322E-11
-0.00234375 0.0390625 9.38781E-11
0.0107812 0.179688 9.3661E-11
0.00703125 0.117188 9.13559E-11
0.00703125 0.117188 9.08546E-11
0.0107812 0.179688 9.01354E-11
-0.00703125 0.117188 9.26959E-11
0.0229688 0.382813 9.20943E-11
-0.0107812 0.179688 9.13773E-11
0.00515625 0.0859375 9.43266E-11
-0.0210937 0.351562 9.09237E-11
-0.00703125 0.117188 9.36788E-11
-0.0210937 0.351562 9.37933E-11
0.00234375 0.0390625 9.16171E-11
0.0126562 0.210938 9.15961E-11
-0.00140625 0.0234375 9.20976E-11
0.0107812 0.179688 9.12463E-11
-0.00140625 0.0234375 9.25596E-11
-0.00328125 0.0546875 9.11268E-11
-0.00328125 0.0546875 9.14082E-11
0.00234375 0.0390625 9.15907E-11
0.00796875 0.132812 9.09058E-11
-0.00046875 0.0078125 9.31492E-11
0.00046875 0.0078125 9.41938E-11
0.0117188 0.195312 9.24158E-11
0.00609375 0.101563 9.07753E-11
0.00796875 0.132812 9.07412E-11
0.00890625 0.148438 9.23805E-11
0.0117188 0.195312 9.18595E-11
0.00234375 0.0390625 9.12022E-11
0.0107812 0.179688 9.34806E-11
0.00328125 0.0546875 9.42177E-11
-0.00609375 0.101563 9.35733E-11
-0.00234375 0.0390625 9.23232E-11
0.00046875 0.0078125 9.1249E-11
-0.00046875 0.0078125 9.4077E-11
0.00328125 0.0546875 9.02664E-11
-0.00234375 0.0390625 9.31717E-11
-0.00140625 0.0234375 9.34863E-11
-0.00890625 0.148438 9.14642E-11
-0.0154687 0.257812 9.15252E-11
0.0117188 0.195312 9.07563E-11
0.0126562 0.210938 9.05631E-11
-0.00515625 0.0859375 9.15985E-11
-0.00328125 0.0546875 9.27401E-11
0.00328125 0.0546875 9.1297E-11
0.0145312 0.242188 9.18967E-11
0.00328125 0.0546875 9.30654E-11
-0.00046875 0.0078125 9.05194E-11
0.00421875 0.0703125 9.12469E-11
-0.0117188 0.195312 9.37547E-11
-0.00421875 0.0703125 9.28577E-11
0.00796875 0.132812 9.35651E-11
0.00421875 0.0703125 9.11867E-11
-0.0117188 0.195312 9.31378E-11
0.00046875 0.0078125 9.10605E-11
0.00140625 0.0234375 9.08449E-11
0.00328125 0.0546875 9.18174E-11
-0.00328125 0.0546875 9.1177E-11
0.00515625 0.0859375 9.17437E-11
0.0173437 0.289062 9.18462E-11
-0.0182812 0.304688 9.41062E-11
-0.00234375 0.0390625 9.31506E-11
-0.00234375 0.0390625 9.08165E-11
0.00421875 0.0703125 9.20938E-11
0.0154687 0.257812 9.14224E-11
0.00984375 0.164062 9.23902E-11
-0.00609375 0.101563 9.15349E-11
-0.00328125 0.0546875 9.35122E-11
-0.00609375 0.101563 9.17054E-11
-0.00984375 0.164062 9.07336E-11
-0.00234375 0.0390625 9.14567E-11
-0.00046875 0.0078125 9.38795E-11
0.00890625 0.148438 9.16814E-11
0.00234375 0.0390625 9.11649E-11
0.00515625 0.0859375 9.38302E-11
-0.00515625 0.0859375 9.11225E-11
0.00234375 0.0390625 9.18315E-11
-0.0182812 0.304688 9.08918E-11
0.00421875 0.0703125 9.24188E-11
0.00234375 0.0390625 9.15652E-11
0.0145312 0.242188 9.16458E-11
-0.00703125 0.117188 9.21458E-11
-0.00140625 0.0234375 9.23043E-11
0.0135937 0.226562 9.35034E-11
-0.0267187 0.445312 9.18671E-11
-0.00703125 0.117188 9.13228E-11
0.0126562 0.210938 9.16221E-11
-0.00796875 0.132812 9.3345E-11
-0.00421875 0.0703125 9.32335E-11
-0.0117188 0.195312 9.37225E-11
-0.00609375 0.101563 9.13429E-11
0.00046875 0.0078125 9.14078E-11
-0.00796875 0.132812 9.12007E-11
0.00796875 0.132812 9.15612E-11
-0.00046875 0.0078125 9.15887E-11
-0.0117188 0.195312 9.11377E-11
-0.00140625 0.0234375 9.12418E-11
-0.00234375 0.0390625 9.05875E-11
0.00984375 0.164062 9.19817E-11
-0.00703125 0.117188 9.14399E-11
-0.00515625 0.0859375 9.10288E-11
-0.0145312 0.242188 9.05566E-11
0.00609375 0.101563 9.13919E-11
-0.00140625 0.0234375 9.15537E-11
-0.00515625 0.0859375 9.08278E-11
-0.00609375 0.101563 9.32393E-11
-0.00984375 0.164062 9.22339E-11
0.0229688 0.382813 9.13508E-11
-0.00984375 0.164062 9.14297E-11
-0.00234375 0.0390625 9.3302E-11
-0.00890625 0.148438 9.05925E-11
-0.00046875 0.0078125 9.33973E-11
0.00515625 0.0859375 9.12532E-11
-0.00796875 0.132812 9.10342E-11
