-0.00210206 0.0350343 8.64392E-11
0.00560302 0.0933837 9.00412E-11
0.0174535 0.290892 8.90762E-11
-0.00506105 0.0843508 8.64382E-11
-0.00145751 0.0242919 8.96768E-11
0.00661377 0.110229 8.93546E-11
-0.00267333 0.0445556 8.79136E-11
-0.00101806 0.0169677 8.69061E-11
0.00680419 0.113403 8.79821E-11
-0.00163329 0.0272216 8.82838E-11
0.0142308 0.237181 8.76897E-11
0.00552979 0.0921631 8.99448E-11
0.00175048 0.0291747 8.95323E-11
0.00620361 0.103394 9.01906E-11
-0.0141137 0.235228 8.67972E-11
0.00284912 0.0474853 8.95797E-11
0.0268432 0.447387 8.73218E-11
0.00825438 0.137573 8.5402E-11
0.0167066 0.278443 8.77859E-11
0.00602784 0.100464 8.72426E-11
-0.0211742 0.352904 8.68969E-11
0.00346436 0.0577393 8.82472E-11
-0.000607911 0.0101319 8.93748E-11
0.00446046 0.0743409 8.85045E-11
0.015769 0.262817 8.76287E-11
0.0113305 0.188842 8.86402E-11
-0.00427003 0.0711671 8.79273E-11
-0.00497315 0.0828858 8.80147E-11
0.0186988 0.311646 8.70398E-11
0.000461426 0.00769043 8.67512E-11
-0.00763916 0.127319 8.8039E-11
-0.00167724 0.0279541 8.7847E-11
-0.000871582 0.0145264 8.67985E-11
0.0208373 0.347288 8.80013E-11
0.0140991 0.234985 8.78889E-11
0.00599854 0.0999756 8.67272E-11
-0.00409423 0.0682372 8.65827E-11
-0.0211596 0.35266 8.71502E-11
0.0242944 0.404907 8.70877E-11
0.00632081 0.105347 8.82949E-11
-0.0156957 0.261596 8.62407E-11
-0.0142895 0.238158 8.52757E-11
0.00459228 0.0765381 8.75671E-11
0.00831299 0.13855 9.0489E-11
0.00816649 0.136108 8.77023E-11
0.00557372 0.0928954 8.92116E-11
0.00321533 0.0535889 8.64036E-11
-7.32425E-06 0.000122071 8.67939E-11
0.00185303 0.0308838 8.51812E-11
0.000476075 0.00793458 8.92993E-11
-0.0134398 0.223998 8.70407E-11
0.017644 0.294067 8.94182E-11
-0.00623292 0.103882 9.0459E-11
0.0226684 0.377808 8.73591E-11
0.000959473 0.0159912 8.65482E-11
0.00444581 0.0740968 9.03831E-11
-0.0107152 0.178587 8.93411E-11
0.00138428 0.0230713 8.83607E-11
0.00596923 0.0994872 8.75006E-11
-0.00303956 0.0506593 8.85209E-11
0.0213647 0.356078 8.79193E-11
-0.00469482 0.0782471 8.81257E-11
-0.0101586 0.169311 8.9972E-11
0.000900879 0.0150147 8.56461E-11
0.0105395 0.175658 8.64104E-11
0.0174976 0.291626 8.72563E-11
-0.0147143 0.245238 8.59943E-11
0.00113525 0.0189209 8.87279E-11
-0.00520752 0.0867919 8.68764E-11
0.0129126 0.21521 8.77391E-11
0.00633546 0.105591 8.92037E-11
0.00741945 0.123657 8.6554E-11
0.0138354 0.23059 8.76928E-11
-0.0123266 0.205443 8.80345E-11
0.011272 0.187867 8.73967E-11
-0.0141722 0.236204 8.68647E-11
-0.0264477 0.440796 8.77846E-11
-0.000300294 0.00500489 8.5447E-11
-0.00705322 0.117554 8.73342E-11
0.0101 0.168334 8.66201E-11
-0.00854735 0.142456 8.96894E-11
-0.0116528 0.194214 8.80263E-11
-0.00873779 0.14563 8.78928E-11
-0.0192114 0.32019 8.72326E-11
0.0101147 0.168579 8.89951E-11
-0.000168458 0.00280763 8.79626E-11
0.00514893 0.0858155 8.73001E-11
-0.0152417 0.254029 8.94564E-11
-0.00531006 0.0885009 8.73803E-11
0.0179955 0.299926 8.79165E-11
-0.0102173 0.170288 8.70304E-11
-0.0221265 0.368775 8.92009E-11
-0.0104222 0.173704 8.66211E-11
-0.00979248 0.163208 8.58472E-11
-0.00397706 0.0662843 8.60185E-11
0.00079834 0.0133057 8.61938E-11
-0.0025122 0.0418701 8.80057E-11
-0.00377197 0.0628662 8.81635E-11
-0.00397706 0.0662843 8.71988E-11
0.00545655 0.0909424 8.77072E-11
0.00176514 0.0294189 8.79679E-11
-0.0122974 0.204957 8.5821E-11
-0.00188233 0.0313721 8.75099E-11
0.015271 0.254517 8.99665E-11
-0.00523682 0.0872803 8.71512E-11
0.0162816 0.271361 8.73889E-11
0.0135277 0.225463 8.75753E-11
0.00573487 0.0955811 8.77326E-11
-0.0120044 0.200073 8.84626E-11
-0.00223389 0.0372314 8.60345E-11
-0.0145238 0.242064 8.72401E-11
0.00715576 0.119263 8.76884E-11
-0.000402833 0.00671388 8.73355E-11
0.0177759 0.296265 8.661E-11
0.0147289 0.245482 8.98507E-11
0.0105834 0.17639 8.78336E-11
0.0113305 0.188842 8.62594E-11
-0.00457764 0.076294 8.76693E-11
0.0129126 0.21521 8.82346E-11
0.00377197 0.0628662 8.83275E-11
0.00566162 0.0943603 8.73333E-11
-0.00315674 0.0526123 8.83841E-11
-0.0251586 0.419311 8.76806E-11
-0.0016919 0.0281983 8.86745E-11
0.00125244 0.0208739 8.82866E-11
-0.0269604 0.44934 8.73486E-11
0.000461426 0.00769043 8.97485E-11
0.00832763 0.138794 8.78509E-11
0.000227051 0.00378418 8.87059E-11
0.0096167 0.160278 8.80836E-11
0.0253783 0.422972 8.45317E-11
0.0207348 0.345581 8.66328E-11
-0.0111401 0.185668 8.74439E-11
0.0144652 0.241087 8.45668E-11
-3.66213E-05 0.000610354 8.79234E-11
0.0250121 0.416869 8.67051E-11
-0.0031421 0.0523683 8.97805E-11
-0.0294652 0.491088 8.92212E-11
0.000314942 0.00524903 8.60326E-11
0.00903076 0.150513 8.76825E-11
0.00525147 0.0875244 8.58654E-11
0.015432 0.257201 8.71031E-11
-0.0172924 0.288207 8.96974E-11
-0.0133519 0.222532 8.83285E-11
-0.0147143 0.245238 8.81691E-11
0.00903076 0.150513 8.67149E-11
0.0200757 0.334595 8.48883E-11
-0.0188745 0.314575 8.72553E-11
-0.00739014 0.123169 8.65307E-11
-0.0154906 0.258178 8.89807E-11
0.00696533 0.116089 8.69514E-11
0.00071045 0.0118408 8.75607E-11
-0.0294213 0.490356 8.62896E-11
-0.000974122 0.0162354 8.72159E-11
0.0204565 0.340942 9.00999E-11
0.00141357 0.0235596 8.58737E-11
0.0135864 0.226439 8.68093E-11
0.0272095 0.453492 8.76153E-11
0.0135277 0.225463 8.88594E-11
-0.00936767 0.156128 8.83417E-11
0.00788818 0.13147 8.87476E-11
0.0121216 0.202027 8.98386E-11
0.00566162 0.0943603 8.90267E-11
-0.0067456 0.112427 8.79888E-11
-0.0122827 0.204712 8.93131E-11
0.000856934 0.0142822 8.77132E-11
0.0142601 0.237669 8.72731E-11
-0.0111401 0.185668 8.77013E-11
-0.0125756 0.209593 8.4961E-11
-0.0295238 0.492064 8.73687E-11
0.00157471 0.0262451 8.71565E-11
-0.00639406 0.106568 8.84987E-11
0.00132569 0.0220948 8.69091E-11
-0.0101733 0.169555 8.78593E-11
0.000930176 0.0155029 8.93956E-11
0.00690674 0.115112 8.90657E-11
0.0163403 0.272338 8.80022E-11
-0.00535401 0.0892334 8.7358E-11
0.00610108 0.101685 8.81549E-11
0.00484132 0.0806886 8.69364E-11
0.0254955 0.424926 8.64776E-11
-0.00255615 0.0426025 8.78899E-11
-0.00150147 0.0250244 8.76739E-11
0.0139379 0.232299 8.70078E-11
0.00454836 0.0758059 8.96384E-11
-0.027605 0.460084 8.76767E-11
-0.000139161 0.00231935 8.75393E-11
-0.00659912 0.109985 8.74048E-11
0.020105 0.335084 8.68362E-11
-0.0275024 0.458374 8.81907E-11
-0.00292237 0.0487061 8.82289E-11
-0.0183325 0.305541 8.77525E-11
-0.0157544 0.262573 8.68187E-11
0.010598 0.176634 9.00644E-11
0.0119018 0.198364 8.6392E-11
-0.0225659 0.376098 8.64613E-11
0.00425537 0.0709229 8.57732E-11
0.00715576 0.119263 8.68921E-11
-0.000109864 0.00183106 8.76347E-11
-0.00709717 0.118286 8.97796E-11
