0.00192626 0.0321044 8.20952E-11
-0.0112427 0.187378 7.92508E-11
0.00727296 0.121216 8.09435E-11
-0.0318237 0.530395 8.02796E-11
0.017102 0.285033 8.00845E-11
0.0247631 0.412718 8.07098E-11
-0.0142895 0.238158 8.14609E-11
-0.0118578 0.197631 8.07679E-11
-0.00208742 0.0347903 7.91343E-11
-0.000270996 0.00451661 8.07945E-11
0.0199146 0.33191 8.07212E-11
-0.0167944 0.279907 8.13524E-11
-0.0145238 0.242064 7.9053E-11
0.0279125 0.465209 7.99439E-11
0.00180909 0.0301514 8.17712E-11
-0.00246826 0.0411377 7.7086E-11
0.0078003 0.130005 7.95278E-11
0.0376391 0.627318 7.94E-11
-0.00226319 0.0377198 7.86346E-11
-0.0323071 0.538452 7.90715E-11
0.0030542 0.0509034 8.06789E-11
0.0229321 0.382203 8.01451E-11
-0.00432862 0.0721436 7.93709E-11
-0.00479736 0.0799561 8.00079E-11
0.0053247 0.0887451 7.86911E-11
-0.0183471 0.305786 8.07039E-11
-0.0345044 0.575073 7.87931E-11
0.00202881 0.0338136 7.92185E-11
0.025935 0.43225 8.0614E-11
-0.0194751 0.324584 8.14273E-11
0.0256859 0.428099 8.077E-11
-0.0109936 0.183227 7.85581E-11
-0.0205005 0.341675 7.87918E-11
-0.0090454 0.150757 8.12615E-11
0.0129858 0.21643 7.77682E-11
-0.0048999 0.0816651 8.34481E-11
-0.00583742 0.0972903 7.82727E-11
-0.0036255 0.060425 8.2819E-11
0.0108471 0.180785 7.87214E-11
-0.0227563 0.379272 8.10685E-11
0.0416235 0.693725 7.8763E-11
-0.00621827 0.103638 8.03291E-11
0.0135424 0.225707 8.1798E-11
0.012766 0.212767 7.75928E-11
-0.00249756 0.0416259 8.1357E-11
-0.0424291 0.707152 7.93585E-11
0.0249096 0.415161 7.84364E-11
0.0107152 0.178587 7.85249E-11
0.0214819 0.358033 8.09945E-11
-0.0207495 0.345825 7.84037E-11
-0.00289307 0.0482178 8.22299E-11
-0.0170874 0.284789 8.06456E-11
0.000256348 0.00427247 8.15184E-11
0.00232177 0.0386963 8.07597E-11
-0.00823974 0.137329 8.05303E-11
0.0226246 0.377076 8.01993E-11
0.0267406 0.445678 8.21233E-11
-0.0325269 0.542116 8.08426E-11
0.0025122 0.0418701 7.99249E-11
-0.0139086 0.231811 8.1876E-11
0.00825438 0.137573 8.16664E-11
0.0179516 0.299193 7.81991E-11
0.000930176 0.0155029 8.07418E-11
0.01281 0.2135 8.05522E-11
0.00498779 0.0831299 8.0561E-11
0.00715576 0.119263 7.93734E-11
0.00739014 0.123169 8.08437E-11
-0.0356909 0.594849 7.96684E-11
-0.0330688 0.551148 8.11336E-11
0.0283373 0.472288 8.0269E-11
0.015769 0.262817 8.07695E-11
-0.0248949 0.414916 8.14045E-11
-0.0226831 0.378053 8.03419E-11
-0.000637208 0.0106201 8.12688E-11
-0.013601 0.226683 8.0528E-11
0.0302563 0.504272 7.94587E-11
0.0255687 0.426146 8.06977E-11
-0.00340576 0.0567628 7.85977E-11
-0.0105541 0.175903 7.87334E-11
0.000886231 0.0147705 7.96027E-11
0.000886231 0.0147705 8.11343E-11
0.0117553 0.195922 8.01129E-11
-0.0339476 0.565794 8.01428E-11
-0.0322339 0.537232 8.02516E-11
-0.00352296 0.0587159 8.17601E-11
0.0203832 0.339721 8.02774E-11
0.028103 0.468383 7.84218E-11
-0.00999755 0.166626 8.16217E-11
-0.0276928 0.461547 8.25174E-11
-0.01927 0.321166 7.87411E-11
0.00878173 0.146362 8.25828E-11
0.000227051 0.00378418 8.11248E-11
-0.0197827 0.329712 8.13205E-11
-0.0281908 0.469847 8.0421E-11
0.00971924 0.161987 8.0006E-11
-0.000695801 0.0115967 8.21653E-11
-0.00114991 0.0191651 8.16164E-11
-0.000109864 0.00183106 8.20594E-11
-0.00983642 0.16394 7.9839E-11
0.00900147 0.150024 8.11522E-11
0.000256348 0.00427247 7.8511E-11
0.0161645 0.269409 8.04239E-11
0.000607911 0.0101319 8.12211E-11
-0.021145 0.352417 8.16372E-11
-0.0168676 0.281127 7.93228E-11
-0.000651857 0.0108643 8.21204E-11
-0.00176514 0.0294189 7.89791E-11
0.0164574 0.274291 7.89323E-11
0.005896 0.0982666 7.87228E-11
-0.0166919 0.278198 8.10167E-11
-0.000168458 0.00280763 8.08529E-11
-0.0103929 0.173216 8.13521E-11
-0.00703858 0.11731 7.99883E-11
0.009104 0.151733 8.11282E-11
-0.00391847 0.0653078 8.11157E-11
-0.00175048 0.0291747 7.99887E-11
-0.0123412 0.205687 8.09515E-11
-0.02781 0.4635 8.23131E-11
0.00273194 0.0455323 8.0927E-11
-0.00802002 0.133667 8.05351E-11
0.00507569 0.0845948 8.04848E-11
-0.00727296 0.121216 8.10887E-11
0.0196069 0.326782 8.0382E-11
0.000681153 0.0113526 8.01554E-11
0.0125756 0.209593 8.17071E-11
-0.022727 0.378784 7.8553E-11
-0.0127367 0.212279 8.12033E-11
-0.0414771 0.691284 8.10094E-11
0.0145092 0.24182 8.12453E-11
0.0256127 0.426878 7.92098E-11
0.00372804 0.0621339 7.99977E-11
0.0248803 0.414672 8.07473E-11
0.00963134 0.160522 7.82257E-11
-0.0105248 0.175414 7.99647E-11
0.00448975 0.0748292 8.06065E-11
-0.0340502 0.567503 8.07781E-11
0.0388257 0.647095 7.99502E-11
0.00920655 0.153442 7.87752E-11
-0.00781495 0.130249 7.93347E-11
-0.0048999 0.0816651 8.07468E-11
0.0117846 0.19641 8.34692E-11
0.0180102 0.30017 7.9844E-11
-0.0137328 0.228881 8.11424E-11
-0.0252612 0.421021 7.8348E-11
0.0172192 0.286987 8.09083E-11
-0.0127954 0.213256 8.1711E-11
-0.00996824 0.166137 8.00529E-11
0.00800537 0.133423 8.34725E-11
-0.0218628 0.36438 8.14317E-11
-0.0076831 0.128052 8.2307E-11
0.000666505 0.0111084 8.05247E-11
0.00572021 0.0953369 8.22408E-11
0.0233862 0.38977 8.08887E-11
0.0134252 0.223753 8.0087E-11
-0.000842286 0.0140381 8.04115E-11
-0.00371339 0.0618898 8.01694E-11
0.0330396 0.550659 8.03761E-11
-0.00358156 0.0596926 8.07596E-11
-0.00079834 0.0133057 8.04905E-11
-0.0279272 0.465453 7.99302E-11
0.0157397 0.262328 8.12395E-11
0.0164721 0.274535 7.89321E-11
0.00538329 0.0897216 7.99738E-11
0.0300659 0.501098 7.7722E-11
0.0148168 0.246947 7.85954E-11
-0.0111255 0.185425 7.94745E-11
0.00906006 0.151001 7.9814E-11
0.0208959 0.348265 7.931E-11
0.0146264 0.243773 7.7866E-11
0.00224854 0.0374756 8.1475E-11
-0.0139819 0.233032 7.935E-11
-0.0144359 0.240599 8.10292E-11
-0.00400634 0.0667724 8.08336E-11
-0.00308351 0.0513918 7.9107E-11
0.0213061 0.355102 7.97131E-11
0.0212915 0.354858 7.77078E-11
-0.0208813 0.348022 8.02882E-11
-0.0252612 0.421021 8.11743E-11
-0.0197095 0.328492 7.77353E-11
-0.00892822 0.148804 8.10738E-11
-0.00509033 0.0848389 8.02802E-11
0.000563965 0.00939942 8.0959E-11
-0.0321606 0.536011 7.92754E-11
-0.0219214 0.365357 8.14544E-11
-0.0210131 0.350218 7.75684E-11
0.0221704 0.369507 7.97869E-11
0.0215698 0.359497 8.13746E-11
-0.0460327 0.767212 7.84704E-11
2.19728E-05 0.000366213 8.04879E-11
0.0162378 0.27063 8.04076E-11
-0.00930907 0.155151 8.12469E-11
-0.0299047 0.498412 7.9937E-11
-0.0182738 0.304564 8.06684E-11
0.00882567 0.147095 8.04503E-11
0.0151245 0.252075 8.00189E-11
-0.0163696 0.272827 7.82811E-11
-0.0118286 0.197142 8.27636E-11
0.00577881 0.0963136 8.22398E-11
0.0230932 0.384887 7.88344E-11
-0.0128539 0.214232 7.91258E-11
