0.0110522 0.184203 3.84807E-10
-0.0145678 0.242797 3.76976E-10
-0.00771241 0.12854 3.73042E-10
0.0036255 0.060425 3.86694E-10
0.00469482 0.0782471 3.82005E-10
-0.0122974 0.204957 3.79605E-10
-0.00775635 0.129272 3.87778E-10
0.00816649 0.136108 3.95925E-10
-0.0117699 0.196166 4.0552E-10
0.00325927 0.0543213 3.81178E-10
0.00601318 0.10022 3.86788E-10
0.014348 0.239134 3.69072E-10
0.0036255 0.060425 3.84543E-10
0.00971924 0.161987 3.76753E-10
0.000417481 0.00695803 3.76583E-10
-0.00843017 0.140503 3.80081E-10
0.00120849 0.0201416 3.84718E-10
-0.0207787 0.346312 3.63913E-10
-0.00873779 0.14563 3.77394E-10
0.00361086 0.0601809 3.84047E-10
0.00400634 0.0667724 3.85243E-10
0.000959473 0.0159912 3.8095E-10
-0.0116675 0.194459 3.77035E-10
-0.0035962 0.0599367 3.81973E-10
0.00863525 0.143921 3.8065E-10
0.00052002 0.008667 3.80214E-10
0.00213135 0.0355226 3.67264E-10
-0.00806396 0.134399 3.84239E-10
-0.00604249 0.100708 3.64583E-10
-0.00750733 0.125122 3.72163E-10
0.0052954 0.0882567 3.79931E-10
-0.00689209 0.114868 3.71674E-10
0.00298097 0.0496828 3.7821E-10
-0.0126635 0.211058 3.84615E-10
0.00214601 0.0357668 3.82101E-10
-0.0114038 0.190063 3.75537E-10
-0.00407959 0.0679932 3.82513E-10
0.0141137 0.235228 3.93331E-10
-0.012107 0.201783 3.79711E-10
-0.0163256 0.272093 3.73773E-10
-0.00114991 0.0191651 3.7316E-10
0.00309815 0.0516358 3.77597E-10
-0.012766 0.212767 3.8648E-10
-0.0146557 0.244262 3.85374E-10
0.00131103 0.0218506 3.95469E-10
-0.00797607 0.132935 3.78635E-10
0.00444581 0.0740968 3.74915E-10
0.0164282 0.273803 3.64351E-10
0.00654053 0.109009 3.81626E-10
0.009104 0.151733 3.93416E-10
0.00366945 0.0611574 3.77774E-10
-0.00569092 0.0948486 3.8075E-10
0.00655517 0.109253 3.80923E-10
-0.00318604 0.0531006 3.69688E-10
-0.00787354 0.131226 3.65457E-10
-0.00570557 0.0950928 3.79239E-10
0.00135498 0.0225831 3.77752E-10
0.00120849 0.0201416 3.8427E-10
-0.00280518 0.0467529 3.80258E-10
-0.00406495 0.0677491 3.71379E-10
-0.0122387 0.203979 3.75749E-10
-0.00548583 0.0914306 3.85333E-10
0.0101147 0.168579 3.86316E-10
-0.00355225 0.0592042 3.84172E-10
0.0111255 0.185425 3.76874E-10
-0.00163329 0.0272216 3.67899E-10
-0.00164795 0.0274658 3.78296E-10
0.0225952 0.376587 3.7666E-10
-0.0178198 0.296997 3.62865E-10
-0.00733155 0.122193 3.80759E-10
-0.00624756 0.104126 3.79606E-10
-0.0132933 0.221556 3.81308E-10
0.00819579 0.136597 3.78915E-10
-0.021394 0.356567 3.89839E-10
-0.00662842 0.110474 3.83259E-10
0.00207276 0.0345461 3.82398E-10
0.00432862 0.0721436 3.77231E-10
0.00731691 0.121948 3.84803E-10
0.00391847 0.0653078 3.90314E-10
0.0113891 0.189819 3.75902E-10
-0.00204347 0.0340578 3.83023E-10
-0.0133812 0.223021 3.69294E-10
-0.00185303 0.0308838 3.83933E-10
-0.00158936 0.0264893 3.69576E-10
0.00416749 0.0694581 3.81159E-10
0.00996824 0.166137 3.77298E-10
-0.000769043 0.0128174 3.67535E-10
-0.0127367 0.212279 3.76224E-10
0.0220825 0.368042 3.84855E-10
0.0114624 0.19104 3.82341E-10
0.0136303 0.227172 3.80903E-10
0.00649659 0.108276 3.84548E-10
0.00528075 0.0880126 3.83921E-10
0.0143334 0.23889 3.78217E-10
-0.0067456 0.112427 3.81117E-10
-0.0109789 0.182982 3.79753E-10
-0.00857665 0.142944 3.7738E-10
-0.00831299 0.13855 3.76103E-10
0.00257079 0.0428466 3.73636E-10
-0.00649659 0.108276 3.85187E-10
0.00611573 0.101929 3.81838E-10
0.0126342 0.21057 3.81894E-10
-0.00416749 0.0694581 3.67559E-10
-0.0111108 0.185181 3.85341E-10
-7.32425E-06 0.000122071 3.82297E-10
-0.000827638 0.013794 3.80383E-10
-0.00447511 0.0745851 3.95818E-10
-0.0102466 0.170777 3.95726E-10
-0.000476075 0.00793458 3.84838E-10
0.0115356 0.192261 3.74701E-10
-0.00400634 0.0667724 3.65283E-10
0.000856934 0.0142822 3.92129E-10
-0.00238038 0.0396729 3.83121E-10
-0.00154541 0.0257568 3.96088E-10
-0.0173217 0.288695 3.95015E-10
-0.00850342 0.141724 3.89101E-10
0.00443115 0.0738526 3.931E-10
0.00479736 0.0799561 3.7636E-10
-0.00153076 0.0255128 3.95593E-10
-0.0111108 0.185181 3.79179E-10
0.00873779 0.14563 3.81764E-10
-0.00712648 0.118775 3.89142E-10
0.00845946 0.140991 3.96684E-10
-0.0117992 0.196654 3.82044E-10
0.00132569 0.0220948 3.83091E-10
0.0050464 0.0841066 3.83099E-10
0.00878173 0.146362 3.652E-10
0.00205812 0.0343019 3.76336E-10
0.00213135 0.0355226 3.80006E-10
-0.0174243 0.290405 3.64984E-10
0.0183471 0.305786 3.68018E-10
-0.000769043 0.0128174 3.76302E-10
-0.00355225 0.0592042 3.79756E-10
0.00249756 0.0416259 3.66947E-10
-0.000402833 0.00671388 3.73215E-10
-0.000754395 0.0125733 3.6832E-10
0.00207276 0.0345461 3.71451E-10
0.00516358 0.0860596 3.78502E-10
-0.0132933 0.221556 3.83324E-10
-0.0104076 0.17346 3.82707E-10
-0.0188892 0.314819 3.68025E-10
0.0134398 0.223998 3.89186E-10
0.00126709 0.0211181 3.67581E-10
0.00585206 0.0975343 3.77666E-10
0.0016919 0.0281983 3.67697E-10
0.00506105 0.0843508 3.78225E-10
0.00550049 0.0916748 3.7984E-10
0.0104955 0.174925 3.83806E-10
-0.00705322 0.117554 3.81755E-10
0.00712648 0.118775 3.76372E-10
0.00608642 0.10144 3.85999E-10
0.0121216 0.202027 4.01613E-10
0.00246826 0.0411377 3.83353E-10
0.0026294 0.0438233 3.68907E-10
-0.00254151 0.0423584 3.80958E-10
-0.000344239 0.00573732 3.8116E-10
0.000593263 0.00988771 3.78186E-10
0.0078003 0.130005 3.76358E-10
0.0035083 0.0584717 3.76654E-10
-0.0126781 0.211303 3.65452E-10
0.00261474 0.0435791 3.68813E-10
-0.00727296 0.121216 3.9539E-10
-0.0155786 0.259642 3.84779E-10
-0.00900147 0.150024 3.69216E-10
0.00158936 0.0264893 3.78915E-10
0.0115503 0.192505 3.82599E-10
0.000285645 0.00476075 3.84925E-10
0.000578614 0.00964357 3.67997E-10
0.0106127 0.176878 3.69095E-10
-0.00136964 0.0228273 3.87487E-10
-0.00283447 0.0472412 3.78417E-10
0.000578614 0.00964357 3.87231E-10
0.0153881 0.256468 3.8037E-10
0.00216065 0.0360108 3.69651E-10
-0.00654053 0.109009 3.65618E-10
-0.00702393 0.117066 3.84439E-10
0.00577881 0.0963136 3.81581E-10
-0.0050464 0.0841066 3.83902E-10
0.00223389 0.0372314 3.6485E-10
-0.00460694 0.0767823 3.62825E-10
-0.00693604 0.115601 3.77963E-10
-0.0158423 0.264038 3.64821E-10
0.0153002 0.255003 3.67989E-10
0.00434326 0.0723878 3.89097E-10
-0.00416749 0.0694581 3.85051E-10
0.00299562 0.0499269 3.73021E-10
-0.00214601 0.0357668 3.76784E-10
-0.00296631 0.0494386 3.87949E-10
0.00750733 0.125122 3.67018E-10
0.00478271 0.0797119 3.81077E-10
0.00101806 0.0169677 3.76126E-10
0.001604 0.0267334 3.84806E-10
0.0035083 0.0584717 3.69101E-10
0.00831299 0.13855 3.81179E-10
-0.00897217 0.149536 3.82634E-10
-0.00381592 0.0635987 3.79762E-10
-0.00787354 0.131226 3.61771E-10
-0.00161865 0.0269775 3.76283E-10
0.0035083 0.0584717 3.77772E-10
0.0076831 0.128052 3.7547E-10
