-0.00595459 0.0992432 7.93234E-11
0.0413599 0.689332 7.86886E-11
-0.0194604 0.32434 7.81855E-11
0.00438721 0.0731202 7.85113E-11
0.00889893 0.148315 7.9302E-11
-0.0105248 0.175414 7.92951E-11
0.014978 0.249633 7.92271E-11
0.0236353 0.393922 7.85804E-11
-0.00897217 0.149536 7.79427E-11
0.00248291 0.0413818 7.89754E-11
0.0533129 0.888549 7.75163E-11
-0.00227783 0.0379639 7.90399E-11
0.0072876 0.12146 7.89807E-11
-0.00697999 0.116333 7.96291E-11
-0.00828368 0.138061 7.66116E-11
-0.00733155 0.122193 7.90948E-11
0.00941162 0.15686 7.90872E-11
0.0295825 0.493042 7.89707E-11
0.00478271 0.0797119 7.89522E-11
0.0126928 0.211547 7.8233E-11
0.0238988 0.398314 7.92791E-11
-0.0367017 0.611695 7.88508E-11
0.0111401 0.185668 7.88069E-11
-0.0130444 0.217407 7.87893E-11
-0.00120849 0.0201416 7.69436E-11
0.0155199 0.258666 7.67459E-11
0.0212475 0.354125 7.6332E-11
0.00132569 0.0220948 7.78636E-11
0.0113745 0.189575 7.82198E-11
-0.047395 0.789917 7.80171E-11
0.0190648 0.317747 7.66257E-11
-0.0132347 0.220579 7.984E-11
0.00147217 0.0245361 7.7173E-11
-0.00648194 0.108032 7.96744E-11
-0.0172777 0.287962 7.87779E-11
0.00352296 0.0587159 7.88628E-11
0.035559 0.592651 7.83114E-11
0.0108764 0.181273 7.93586E-11
-0.0344604 0.57434 7.87494E-11
0.0331567 0.552612 7.87366E-11
0.0338158 0.563597 7.59436E-11
0.0273999 0.456666 7.86657E-11
0.00257079 0.0428466 7.85994E-11
0.00407959 0.0679932 7.86934E-11
0.011184 0.186401 7.65485E-11
-0.0367896 0.61316 7.73152E-11
-0.0414038 0.690063 7.71278E-11
-0.00769776 0.128296 7.97592E-11
-0.0072583 0.120972 7.92027E-11
0.000754395 0.0125733 7.68378E-11
-0.0136889 0.228149 7.86549E-11
0.00526611 0.0877685 7.91584E-11
0.0191088 0.31848 7.93362E-11
-0.0127075 0.211792 7.95343E-11
-0.00485597 0.0809328 7.95719E-11
0.0166186 0.276977 7.8655E-11
0.0291429 0.485716 7.95733E-11
0.00325927 0.0543213 7.75463E-11
0.0169555 0.282592 7.82295E-11
0.00101806 0.0169677 7.97721E-11
0.00506105 0.0843508 7.80485E-11
-0.0458569 0.764282 7.62589E-11
-0.00478271 0.0797119 7.93761E-11
0.0140405 0.234008 7.70973E-11
-0.012312 0.2052 7.97563E-11
0.0266528 0.444213 7.61716E-11
0.00604249 0.100708 8.03239E-11
-0.0308276 0.513793 7.87748E-11
0.0206616 0.34436 7.96464E-11
-0.0132201 0.220335 7.65217E-11
0.00610108 0.101685 7.85724E-11
0.0234448 0.390747 7.90344E-11
-0.00995359 0.165893 8.00594E-11
0.0189917 0.316528 7.86051E-11
-0.0312964 0.521606 7.60742E-11
0.00800537 0.133423 7.65108E-11
0.00264405 0.0440674 7.79357E-11
-0.01281 0.2135 7.93952E-11
0.0448901 0.748168 7.78816E-11
0.0177905 0.296508 7.97113E-11
-0.00977783 0.162964 8.09182E-11
0.0160766 0.267944 7.89413E-11
-0.00331788 0.0552979 7.61375E-11
-0.00847412 0.141235 7.73446E-11
-0.0127954 0.213256 7.88782E-11
0.00733155 0.122193 7.94078E-11
-0.0271948 0.453248 7.90203E-11
-0.0392358 0.65393 7.87978E-11
0.0139673 0.232788 7.78949E-11
0.012312 0.2052 7.93315E-11
0.0296703 0.494506 7.92959E-11
0.019519 0.325317 7.85853E-11
0.0408619 0.681032 7.84756E-11
0.0108471 0.180785 7.96144E-11
0.0141869 0.236448 7.64078E-11
0.00522216 0.0870361 7.85945E-11
-0.0234741 0.391236 7.9351E-11
-0.00302491 0.0504153 7.92699E-11
0.0215405 0.359009 7.97037E-11
-0.0035962 0.0599367 7.72239E-11
-0.0103198 0.171997 7.69066E-11
0.0119604 0.19934 7.93156E-11
0.025349 0.422483 7.86545E-11
-0.00481202 0.0802003 7.96486E-11
-0.00224854 0.0374756 7.87052E-11
0.000812989 0.0135498 7.99083E-11
-0.0116822 0.194703 7.90028E-11
-0.028601 0.476683 7.85787E-11
-0.00233642 0.0389404 7.66623E-11
0.0374927 0.624878 7.82375E-11
0.00585206 0.0975343 7.68019E-11
-0.0151831 0.253052 7.94952E-11
-0.0313988 0.523314 7.89312E-11
0.0317945 0.529908 7.90801E-11
0.00803466 0.133911 8.03902E-11
-0.00320068 0.0533448 7.89943E-11
0.0210131 0.350218 8.13673E-11
0.00186768 0.0311279 7.91213E-11
0.00204347 0.0340578 7.83803E-11
0.0036255 0.060425 7.89043E-11
-0.00977783 0.162964 7.9498E-11
-0.0145825 0.243041 7.85488E-11
-0.0100707 0.167846 7.95125E-11
-0.0366284 0.610473 7.60376E-11
-0.013308 0.221801 7.95215E-11
0.0313695 0.522826 7.95997E-11
0.00120849 0.0201416 7.83946E-11
-0.00551514 0.0919189 7.95236E-11
-0.0386792 0.644654 7.74738E-11
0.0118286 0.197142 7.98233E-11
0.0146264 0.243773 7.94685E-11
-0.0138647 0.231079 7.91492E-11
-0.00917725 0.152954 8.11268E-11
0.0327026 0.545044 7.88757E-11
-0.00333253 0.0555421 7.88196E-11
-0.0258618 0.43103 7.90593E-11
-0.0132787 0.221312 7.87991E-11
-0.0432495 0.720825 7.69252E-11
0.00651124 0.108521 7.92239E-11
-0.00916259 0.15271 7.9051E-11
-0.00289307 0.0482178 7.83166E-11
-0.0347095 0.578492 7.69179E-11
0.00834228 0.139038 7.93843E-11
0.0165307 0.275512 7.84277E-11
0.00791749 0.131958 7.87754E-11
0.00629151 0.104858 7.68083E-11
0.0087085 0.145142 8.01771E-11
0.0207641 0.346068 7.72747E-11
0.0158276 0.263794 7.63386E-11
0.00884032 0.147339 7.935E-11
0.0182299 0.303832 7.89413E-11
0.0396606 0.66101 7.72494E-11
0.009104 0.151733 7.90475E-11
0.0164574 0.274291 7.97434E-11
0.000578614 0.00964357 7.72507E-11
0.00785888 0.130981 7.91912E-11
0.0245141 0.408568 7.94253E-11
-0.0116968 0.194947 7.79758E-11
-0.0114477 0.190796 7.9374E-11
0.0122095 0.203491 7.85144E-11
0.00607177 0.101196 7.98302E-11
-0.0133519 0.222532 7.79793E-11
-0.00863525 0.143921 7.85964E-11
0.000754395 0.0125733 7.94222E-11
-0.0263305 0.438842 7.95597E-11
0.0253636 0.422727 7.95079E-11
0.00618897 0.103149 7.97731E-11
0.00509033 0.0848389 7.85685E-11
0.0310619 0.517698 7.87602E-11
-0.00264405 0.0440674 7.87871E-11
0.0229029 0.381715 7.79757E-11
-0.022815 0.380249 7.70426E-11
0.00610108 0.101685 7.97719E-11
-0.00248291 0.0413818 7.87801E-11
-0.0234888 0.39148 7.7469E-11
-0.0048999 0.0816651 7.95424E-11
0.0230053 0.383422 7.7903E-11
-0.0140551 0.234253 7.62035E-11
-0.00999755 0.166626 7.86823E-11
0.00276123 0.0460205 7.93907E-11
0.0364819 0.608032 7.95715E-11
-0.00718507 0.119751 7.91433E-11
-0.00563233 0.0938721 7.83106E-11
-0.000461426 0.00769043 7.81125E-11
-0.0250854 0.41809 7.8438E-11
0.0320142 0.53357 7.85051E-11
-0.0178929 0.298216 7.93004E-11
-0.0284691 0.474486 7.92582E-11
0.0325708 0.542848 7.90016E-11
-0.0230199 0.383666 7.79091E-11
-0.00340576 0.0567628 7.92903E-11
0.00387452 0.0645753 7.66066E-11
-0.0348998 0.581663 7.95213E-11
-0.00232177 0.0386963 7.91225E-11
0.00462159 0.0770264 7.87309E-11
0.0217017 0.361695 7.94578E-11
0.0215698 0.359497 7.87279E-11
0.00427003 0.0711671 7.85263E-11
0.0361156 0.601928 7.67958E-11
-0.0264331 0.440552 7.87038E-11
