-0.0103345 0.172242 1.22771E-10
-0.00270264 0.0450439 1.23655E-10
0.00914795 0.152466 1.25001E-10
-0.0196362 0.32727 1.28178E-10
0.00533936 0.0889893 1.26631E-10
-0.0109936 0.183227 1.25098E-10
-0.00479736 0.0799561 1.25133E-10
0.0127367 0.212279 1.23766E-10
0.0142308 0.237181 1.26396E-10
-0.00356691 0.0594484 1.26463E-10
0.00186768 0.0311279 1.22719E-10
0.0133519 0.222532 1.25779E-10
0.0189185 0.315308 1.24142E-10
-0.00758057 0.126343 1.26349E-10
0.00176514 0.0294189 1.25295E-10
0.00825438 0.137573 1.2588E-10
0.00970459 0.161743 1.24424E-10
0.00142822 0.0238037 1.24444E-10
-0.000651857 0.0108643 1.2541E-10
-0.00180909 0.0301514 1.26286E-10
5.12697E-05 0.000854496 1.25611E-10
0.00325927 0.0543213 1.26448E-10
0.00141357 0.0235596 1.25204E-10
0.00646728 0.107788 1.24245E-10
0.00494386 0.0823976 1.24559E-10
-0.0050464 0.0841066 1.23931E-10
-0.0172777 0.287962 1.27336E-10
-0.00717042 0.119507 1.25695E-10
-0.0139965 0.233276 1.2672E-10
-0.0105541 0.175903 1.23451E-10
-0.0240307 0.400512 1.25991E-10
-0.0103345 0.172242 1.26383E-10
0.00261474 0.0435791 1.2805E-10
0.000139161 0.00231935 1.26884E-10
-0.0143334 0.23889 1.25465E-10
0.00450441 0.0750734 1.24898E-10
-0.011184 0.186401 1.25398E-10
0.00110596 0.0184326 1.25437E-10
-0.00803466 0.133911 1.26443E-10
0.0128246 0.213744 1.25329E-10
0.000124513 0.00207521 1.24474E-10
0.00557372 0.0928954 1.26684E-10
0.00884032 0.147339 1.24788E-10
0.0215991 0.359985 1.27827E-10
-0.00797607 0.132935 1.26274E-10
-0.00243897 0.0406496 1.23419E-10
-0.00708252 0.118042 1.25661E-10
0.00841553 0.140259 1.2303E-10
-0.0096167 0.160278 1.26034E-10
-0.000754395 0.0125733 1.25709E-10
0.00771241 0.12854 1.27185E-10
0.000783692 0.0130615 1.26337E-10
0.0330542 0.550903 1.22294E-10
-0.00416749 0.0694581 1.23613E-10
-0.013308 0.221801 1.24814E-10
0.00662842 0.110474 1.28068E-10
0.0127954 0.213256 1.25605E-10
0.00755127 0.125855 1.24126E-10
-0.000344239 0.00573732 1.26152E-10
5.12697E-05 0.000854496 1.27202E-10
0.00213135 0.0355226 1.23084E-10
-0.00806396 0.134399 1.25563E-10
-0.0144506 0.240843 1.24402E-10
-0.00982178 0.163696 1.27096E-10
-0.0111401 0.185668 1.25906E-10
0.000739747 0.0123291 1.23233E-10
-0.00377197 0.0628662 1.25018E-10
0.0183031 0.305052 1.23716E-10
-0.019182 0.319701 1.24663E-10
0.00640871 0.106812 1.24581E-10
-0.000637208 0.0106201 1.26031E-10
-0.018728 0.312134 1.26257E-10
-0.00721437 0.120239 1.25654E-10
-0.00996824 0.166137 1.25005E-10
0.0103783 0.172972 1.23643E-10
0.000402833 0.00671388 1.27398E-10
-0.0072876 0.12146 1.24472E-10
-0.0128686 0.214477 1.27388E-10
-0.00488525 0.0814209 1.28017E-10
0.0158715 0.264526 1.26334E-10
0.00897217 0.149536 1.25685E-10
-0.00485597 0.0809328 1.26608E-10
0.00654053 0.109009 1.27145E-10
0.0184496 0.307494 1.25193E-10
-0.00936767 0.156128 1.25481E-10
0.0116675 0.194459 1.22024E-10
-0.00431397 0.0718994 1.25762E-10
-0.00233642 0.0389404 1.25964E-10
-0.0100707 0.167846 1.28623E-10
0.000578614 0.00964357 1.22673E-10
-0.0187866 0.31311 1.24175E-10
0.00179444 0.0299073 1.24227E-10
-0.0129711 0.216186 1.21619E-10
-0.00985107 0.164185 1.2516E-10
-0.00695068 0.115845 1.25724E-10
0.00567626 0.0946044 1.27026E-10
0.00604249 0.100708 1.24094E-10
0.012268 0.204467 1.24399E-10
-0.0139673 0.232788 1.24387E-10
-0.00954345 0.159058 1.25218E-10
0.013103 0.218383 1.26444E-10
-0.00236572 0.0394287 1.25014E-10
0.00724365 0.120728 1.27235E-10
-0.00248291 0.0413818 1.25628E-10
-0.00126709 0.0211181 1.25333E-10
-0.00232177 0.0386963 1.25867E-10
0.00561767 0.0936279 1.2853E-10
0.0187427 0.312378 1.24414E-10
-0.00955811 0.159302 1.25377E-10
0.0103345 0.172242 1.22808E-10
-0.00119385 0.0198974 1.2547E-10
0.00198486 0.0330811 1.25775E-10
0.00766846 0.127808 1.22954E-10
0.00466554 0.0777589 1.23703E-10
-0.000446778 0.0074463 1.26634E-10
-0.0123558 0.205931 1.25478E-10
0.0108178 0.180297 1.23829E-10
-0.00743409 0.123901 1.23E-10
0.00979248 0.163208 1.26183E-10
0.000930176 0.0155029 1.22647E-10
-0.00989501 0.164917 1.26467E-10
-0.00572021 0.0953369 1.26056E-10
0.0105101 0.175169 1.25133E-10
0.00582277 0.0970461 1.25148E-10
-0.00998289 0.166381 1.23955E-10
0.012766 0.212767 1.25837E-10
0.0128832 0.214721 1.26446E-10
-0.00248291 0.0413818 1.23144E-10
-0.00343507 0.0572511 1.23609E-10
0.00134034 0.0223389 1.27905E-10
0.00188233 0.0313721 1.25406E-10
-0.00119385 0.0198974 1.26658E-10
-0.00403565 0.0672608 1.24309E-10
-0.000227051 0.00378418 1.26174E-10
-0.0116382 0.19397 1.28071E-10
0.00122315 0.0203858 1.27894E-10
0.00293702 0.0489503 1.25401E-10
-0.000666505 0.0111084 1.23233E-10
-0.00478271 0.0797119 1.27911E-10
0.00243897 0.0406496 1.26767E-10
-0.00327392 0.0545654 1.25838E-10
0.0101733 0.169555 1.26E-10
-0.00400634 0.0667724 1.26173E-10
0.00664306 0.110718 1.24614E-10
-0.00356691 0.0594484 1.27354E-10
-0.0202954 0.338257 1.23958E-10
-0.00941162 0.15686 1.26397E-10
-0.010144 0.169067 1.22762E-10
0.00791749 0.131958 1.25677E-10
-0.0205444 0.342407 1.26678E-10
-0.00993895 0.165649 1.24759E-10
-0.00673096 0.112183 1.26095E-10
-0.00185303 0.0308838 1.24918E-10
-0.00438721 0.0731202 1.22385E-10
0.000446778 0.0074463 1.2376E-10
-0.00435792 0.0726319 1.26203E-10
-0.0136303 0.227172 1.25383E-10
0.00413818 0.0689697 1.23509E-10
-0.020852 0.347533 1.26708E-10
-0.00233642 0.0389404 1.22696E-10
-0.00788818 0.13147 1.25743E-10
-0.0105834 0.17639 1.23981E-10
0.00257079 0.0428466 1.25738E-10
0.0156957 0.261596 1.25219E-10
-0.00248291 0.0413818 1.25873E-10
-0.0039917 0.0665283 1.27535E-10
-0.004563 0.07605 1.25714E-10
0.00265869 0.0443115 1.24588E-10
-0.00951416 0.158569 1.25032E-10
-0.00421142 0.0701904 1.26547E-10
0.00264405 0.0440674 1.25989E-10
0.00381592 0.0635987 1.25134E-10
0.0186841 0.311401 1.25778E-10
-0.00736085 0.122681 1.26171E-10
0.000212403 0.00354005 1.28417E-10
0.006438 0.1073 1.24373E-10
0.00636475 0.106079 1.25607E-10
0.0209399 0.348998 1.26293E-10
0.00588134 0.0980224 1.25643E-10
-0.0140405 0.234008 1.26413E-10
0.0105248 0.175414 1.25868E-10
0.00173584 0.0289306 1.25462E-10
0.0126342 0.21057 1.28845E-10
0.0173803 0.289672 1.2522E-10
0.00364015 0.0606691 1.24749E-10
-0.00182373 0.0303956 1.2341E-10
-0.000256348 0.00427247 1.25065E-10
0.0030542 0.0509034 1.25306E-10
0.00131103 0.0218506 1.25018E-10
0.00923584 0.153931 1.26073E-10
-0.0167358 0.27893 1.2527E-10
-0.00709717 0.118286 1.2574E-10
-0.00781495 0.130249 1.26483E-10
-0.0021167 0.0352784 1.23997E-10
0.00690674 0.115112 1.22543E-10
-0.00110596 0.0184326 1.25333E-10
-0.0125023 0.208372 1.27099E-10
0.00298097 0.0496828 1.24818E-10
-0.00192626 0.0321044 1.2477E-10
0.0110376 0.183959 1.22665E-10
