0.00985107 0.164185 1.7385E-10
0.0150659 0.251098 1.73009E-10
0.0125756 0.209593 1.73674E-10
0.0260375 0.433959 1.74122E-10
-0.000651857 0.0108643 1.75062E-10
-0.0184057 0.306762 1.77227E-10
-0.00989501 0.164917 1.72633E-10
0.0116528 0.194214 1.68365E-10
-0.0122387 0.203979 1.72931E-10
0.00232177 0.0386963 1.67798E-10
-0.0288207 0.480346 1.76252E-10
0.00873779 0.14563 1.71249E-10
0.00328858 0.0548096 1.76424E-10
0.00985107 0.164185 1.76908E-10
0.00649659 0.108276 1.68099E-10
0.0143334 0.23889 1.677E-10
0.000900879 0.0150147 1.73599E-10
0.017307 0.288451 1.77786E-10
-0.0142455 0.237425 1.74884E-10
-0.0081079 0.135132 1.72401E-10
0.00448975 0.0748292 1.74012E-10
0.000886231 0.0147705 1.6754E-10
-0.0045337 0.0755617 1.75828E-10
0.00128173 0.0213622 1.77398E-10
-0.0103051 0.171753 1.68365E-10
-2.19728E-05 0.000366213 1.71957E-10
-0.00671631 0.111938 1.7381E-10
-0.00280518 0.0467529 1.72875E-10
0.00126709 0.0211181 1.74057E-10
0.00755127 0.125855 1.67609E-10
-0.00557372 0.0928954 1.68306E-10
0.0036255 0.060425 1.73094E-10
-0.00882567 0.147095 1.75783E-10
0.000637208 0.0106201 1.72687E-10
-0.00123779 0.0206298 1.73172E-10
0.0153295 0.255492 1.68361E-10
-0.00523682 0.0872803 1.70796E-10
0.0045337 0.0755617 1.66694E-10
-0.00853271 0.142212 1.76598E-10
-0.00636475 0.106079 1.67175E-10
-0.00465089 0.0775148 1.73275E-10
0.0026001 0.0433349 1.69249E-10
-0.0175122 0.29187 1.73533E-10
-0.00243897 0.0406496 1.7344E-10
-0.00753662 0.12561 1.67666E-10
0.00240968 0.0401613 1.76005E-10
-0.00708252 0.118042 1.73207E-10
0.004021 0.0670166 1.76178E-10
0.0122241 0.203735 1.74786E-10
0.00157471 0.0262451 1.67601E-10
-0.00324463 0.0540772 1.73795E-10
-0.004021 0.0670166 1.801E-10
-0.0119457 0.199096 1.68148E-10
-0.00472413 0.0787354 1.72908E-10
0.0110376 0.183959 1.73684E-10
-0.0136156 0.226928 1.75777E-10
-0.00958741 0.15979 1.73727E-10
-0.00163329 0.0272216 1.71104E-10
0.0101294 0.168823 1.6881E-10
-0.00122315 0.0203858 1.67685E-10
0.00752198 0.125366 1.76332E-10
-0.00157471 0.0262451 1.73504E-10
-0.00550049 0.0916748 1.74358E-10
0.00312745 0.0521241 1.74067E-10
6.59183E-05 0.00109864 1.74585E-10
-0.00312745 0.0521241 1.7451E-10
-0.00617431 0.102905 1.73615E-10
0.00235108 0.0391846 1.68579E-10
0.0103637 0.172728 1.65359E-10
-0.000153809 0.00256348 1.72762E-10
0.00709717 0.118286 1.69437E-10
0.0022046 0.0367433 1.73282E-10
0.00135498 0.0225831 1.76267E-10
0.0030542 0.0509034 1.77043E-10
0.00328858 0.0548096 1.76389E-10
0.0067749 0.112915 1.74126E-10
-0.000666505 0.0111084 1.6938E-10
-0.00850342 0.141724 1.73302E-10
-0.00463623 0.0772706 1.76722E-10
-0.0171313 0.285521 1.76597E-10
0.00128173 0.0213622 1.72897E-10
-0.00733155 0.122193 1.66805E-10
0.0087085 0.145142 1.71333E-10
0.000417481 0.00695803 1.72955E-10
0.00652589 0.108765 1.75667E-10
-0.00960205 0.160034 1.67222E-10
0.000900879 0.0150147 1.74871E-10
-0.0169409 0.282348 1.73823E-10
0.0132201 0.220335 1.76269E-10
0.00585206 0.0975343 1.72305E-10
0.000827638 0.013794 1.74308E-10
0.00289307 0.0482178 1.76934E-10
0.0178198 0.296997 1.72959E-10
0.00320068 0.0533448 1.73418E-10
0.00695068 0.115845 1.6843E-10
-0.0074048 0.123413 1.74899E-10
-0.0136156 0.226928 1.73787E-10
-0.00700929 0.116821 1.72717E-10
-0.0174096 0.290161 1.73764E-10
0.0105395 0.175658 1.70327E-10
-0.00799073 0.133179 1.71728E-10
-0.00566162 0.0943603 1.70482E-10
-0.00930907 0.155151 1.73896E-10
-0.00429931 0.0716553 1.77262E-10
0.00202881 0.0338136 1.7311E-10
0.00604249 0.100708 1.71565E-10
0.0156957 0.261596 1.71567E-10
-0.00598389 0.0997314 1.67705E-10
0.00475343 0.0792238 1.77595E-10
0.000417481 0.00695803 1.67235E-10
-0.00993895 0.165649 1.73366E-10
-0.00303956 0.0506593 1.77329E-10
0.00268799 0.0447998 1.73697E-10
0.00596923 0.0994872 1.75575E-10
0.00112061 0.0186768 1.74225E-10
0.00194092 0.0323486 1.72565E-10
0.00999755 0.166626 1.74184E-10
-0.00637941 0.106323 1.67408E-10
-0.00610108 0.101685 1.73184E-10
-0.00971924 0.161987 1.76025E-10
-0.00126709 0.0211181 1.76438E-10
-0.013059 0.217651 1.76301E-10
-0.00134034 0.0223389 1.71458E-10
-0.00845946 0.140991 1.74775E-10
0.012268 0.204467 1.67702E-10
0.00191162 0.0318603 1.75141E-10
0.000856934 0.0142822 1.73798E-10
-0.010144 0.169067 1.70386E-10
-0.0058667 0.0977783 1.70702E-10
0.00654053 0.109009 1.73285E-10
0.00722901 0.120484 1.659E-10
0.00381592 0.0635987 1.68187E-10
0.0129272 0.215453 1.68661E-10
0.000153809 0.00256348 1.76286E-10
0.000900879 0.0150147 1.71762E-10
-0.00481202 0.0802003 1.74837E-10
0.0140698 0.234497 1.74601E-10
0.0115503 0.192505 1.69849E-10
0.00831299 0.13855 1.6671E-10
-0.0119604 0.19934 1.71892E-10
0.0086206 0.143677 1.6795E-10
0.000871582 0.0145264 1.67127E-10
0.000739747 0.0123291 1.75993E-10
0.00154541 0.0257568 1.72692E-10
-0.00306886 0.0511476 1.74795E-10
-0.00175048 0.0291747 1.7441E-10
0.00481202 0.0802003 1.67098E-10
0.00920655 0.153442 1.71285E-10
0.000197755 0.00329592 1.68232E-10
-0.00699463 0.116577 1.77752E-10
-0.0100707 0.167846 1.7861E-10
-0.00473877 0.0789796 1.74274E-10
0.0127807 0.213012 1.73223E-10
0.000183106 0.00305178 1.76274E-10
-0.00952881 0.158813 1.7375E-10
-0.0101879 0.169799 1.77261E-10
-0.00343507 0.0572511 1.73122E-10
0.00558837 0.0931396 1.73815E-10
-0.0121508 0.202514 1.76217E-10
-0.00134034 0.0223389 1.73531E-10
-0.00175048 0.0291747 1.73868E-10
0.00450441 0.0750734 1.73913E-10
-0.0114624 0.19104 1.73197E-10
-0.0050464 0.0841066 1.76757E-10
0.00331788 0.0552979 1.75182E-10
0.009646 0.160767 1.75015E-10
-0.016809 0.280151 1.74466E-10
0.0169262 0.282103 1.72538E-10
-0.00312745 0.0521241 1.72878E-10
-0.0104369 0.173948 1.77652E-10
-0.00715576 0.119263 1.76986E-10
0.000183106 0.00305178 1.73361E-10
-0.0035083 0.0584717 1.76518E-10
-0.00900147 0.150024 1.73074E-10
-0.0122534 0.204223 1.75434E-10
0.0103051 0.171753 1.76644E-10
-0.0211156 0.351928 1.73585E-10
-0.00385987 0.0643311 1.76207E-10
-0.00192626 0.0321044 1.75268E-10
0.00331788 0.0552979 1.76484E-10
0.00427003 0.0711671 1.73478E-10
-0.00229249 0.0382081 1.76286E-10
-0.00552979 0.0921631 1.71833E-10
0.0114331 0.190552 1.77974E-10
-0.0142308 0.237181 1.74253E-10
-0.0062622 0.10437 1.66191E-10
0.00542725 0.0904541 1.74571E-10
0.00944092 0.157349 1.68514E-10
-0.00661377 0.110229 1.76529E-10
-0.0115943 0.193238 1.67536E-10
-0.0128393 0.213988 1.73174E-10
-0.0030542 0.0509034 1.72229E-10
0.00147217 0.0245361 1.67778E-10
-0.0039917 0.0665283 1.76967E-10
-0.0206909 0.344849 1.72802E-10
0.00845946 0.140991 1.75478E-10
0.00450441 0.0750734 1.68001E-10
0.00993895 0.165649 1.67033E-10
-0.00151612 0.0252686 1.75014E-10
-6.59183E-05 0.00109864 1.72287E-10
