-0.0196508 0.327514 5.97556E-10
0.00437257 0.0728761 5.73385E-10
-0.00451906 0.0753176 5.66158E-10
-0.00889893 0.148315 5.75799E-10
-0.00317139 0.0528564 5.78038E-10
-0.00183839 0.0306398 5.67987E-10
9.5215E-05 0.00158692 5.6605E-10
-0.00797607 0.132935 5.78352E-10
0.00238038 0.0396729 5.64284E-10
0.00591064 0.0985108 5.54148E-10
0.00258545 0.0430908 5.56054E-10
-0.000373536 0.0062256 5.74371E-10
-0.000212403 0.00354005 5.56827E-10
-0.00522216 0.0870361 5.55984E-10
0.0166625 0.277709 5.46036E-10
0.00421142 0.0701904 5.71661E-10
-0.00343507 0.0572511 5.77218E-10
-0.00649659 0.108276 5.73674E-10
0.00355225 0.0592042 5.74205E-10
-0.000974122 0.0162354 5.76066E-10
-0.0035962 0.0599367 5.43558E-10
0.00656982 0.109497 5.55775E-10
0.00520752 0.0867919 5.55605E-10
-0.011228 0.187134 5.45091E-10
0.0049292 0.0821534 5.6393E-10
0.0119018 0.198364 5.5771E-10
0.00355225 0.0592042 5.58446E-10
-0.00177978 0.0296631 5.42927E-10
-0.00403565 0.0672608 5.5624E-10
-0.00388916 0.0648194 5.56498E-10
0.0126342 0.21057 5.55485E-10
0.0016919 0.0281983 5.95194E-10
-0.00580811 0.0968019 5.5045E-10
0.000915527 0.0152588 5.55487E-10
0.00926514 0.154419 5.75048E-10
-0.013103 0.218383 5.56485E-10
-0.00208742 0.0347903 6.01074E-10
0.0116089 0.193482 5.82918E-10
0.00113525 0.0189209 5.7743E-10
-0.0039917 0.0665283 5.55011E-10
0.00686278 0.11438 5.66892E-10
0.0129272 0.215453 5.54798E-10
0.0116235 0.193726 5.9639E-10
-0.0110668 0.184447 5.5647E-10
-0.0053247 0.0887451 5.66155E-10
0.00517822 0.0863037 5.97399E-10
0.0108617 0.181029 5.68784E-10
-0.0114477 0.190796 5.65201E-10
0.00163329 0.0272216 5.69419E-10
-0.0181713 0.302855 5.67895E-10
0.0157104 0.26184 5.67115E-10
0.00361086 0.0601809 5.55189E-10
-0.00680419 0.113403 5.78442E-10
-0.00239503 0.0399171 5.62401E-10
-0.00148682 0.0247803 5.44803E-10
-0.00785888 0.130981 5.64445E-10
0.00318604 0.0531006 5.79277E-10
0.00204347 0.0340578 5.45685E-10
-0.00993895 0.165649 5.60038E-10
0.00372804 0.0621339 5.55653E-10
0.0247777 0.412962 5.64677E-10
0.00494386 0.0823976 5.53136E-10
-0.00561767 0.0936279 5.74264E-10
0.00574952 0.0958253 5.58033E-10
-0.00853271 0.142212 5.58579E-10
-0.00850342 0.141724 5.66334E-10
0.0146117 0.243529 5.63248E-10
0.0170141 0.283568 5.68836E-10
-0.0026294 0.0438233 5.67682E-10
-0.00189697 0.0316162 5.66073E-10
-0.00378663 0.0631104 5.38738E-10
0.00711183 0.11853 5.54431E-10
-0.000373536 0.0062256 5.64273E-10
-0.000593263 0.00988771 5.50971E-10
0.00344971 0.0574952 5.55669E-10
-0.0104076 0.17346 5.57453E-10
-0.000783692 0.0130615 5.41418E-10
0.00727296 0.121216 5.91514E-10
-0.00976319 0.16272 5.67324E-10
0.00331788 0.0552979 5.39736E-10
0.000563965 0.00939942 5.75167E-10
-0.00462159 0.0770264 5.54964E-10
0.000886231 0.0147705 5.66906E-10
0.00309815 0.0516358 5.59857E-10
0.0022046 0.0367433 5.6196E-10
-0.00605713 0.100952 5.55204E-10
-0.00788818 0.13147 5.91979E-10
0.0104662 0.174437 5.41086E-10
0.0113159 0.188598 5.53907E-10
-0.00368409 0.0614015 5.74711E-10
0.0133812 0.223021 5.61295E-10
-0.00249756 0.0416259 5.65256E-10
-0.00690674 0.115112 5.7354E-10
-0.00574952 0.0958253 5.52308E-10
-0.0122827 0.204712 5.76279E-10
0.00945556 0.157593 5.45285E-10
0.00481202 0.0802003 5.54608E-10
-0.0107592 0.17932 5.71445E-10
-0.00699463 0.116577 5.56228E-10
0.00443115 0.0738526 5.88754E-10
-0.00661377 0.110229 5.67262E-10
-0.00349366 0.0582276 5.52956E-10
7.32425E-06 0.000122071 5.51704E-10
0.00569092 0.0948486 5.68942E-10
-0.00071045 0.0118408 5.54892E-10
-0.0125463 0.209105 5.57227E-10
0.00409423 0.0682372 5.73836E-10
0.0134985 0.224975 5.56584E-10
0.000534668 0.00891113 5.66897E-10
0.00678955 0.113159 5.79505E-10
-0.00301026 0.0501711 5.46232E-10
0.0160766 0.267944 5.77373E-10
-0.012473 0.207884 5.59741E-10
0.00164795 0.0274658 5.55659E-10
0.00567626 0.0946044 5.68565E-10
0.0115649 0.192749 5.45492E-10
0.0138354 0.23059 5.36342E-10
0.00302491 0.0504153 5.44916E-10
0.00161865 0.0269775 5.55915E-10
0.00101806 0.0169677 5.72297E-10
0.00141357 0.0235596 5.75139E-10
0.010144 0.169067 5.54734E-10
0.00290771 0.0484619 5.717E-10
0.0185522 0.309204 5.79538E-10
-0.00484132 0.0806886 5.89904E-10
-0.00120849 0.0201416 5.45049E-10
-0.00620361 0.103394 5.76183E-10
0.0237816 0.396361 5.67487E-10
-0.000637208 0.0106201 5.71915E-10
-0.00692139 0.115356 5.85421E-10
-0.0185083 0.308472 5.79016E-10
0.0016626 0.0277099 5.70164E-10
-0.00554444 0.0924073 5.96066E-10
0.00267333 0.0445556 5.69191E-10
0.00582277 0.0970461 6.15179E-10
0.00983642 0.16394 5.61757E-10
-0.0100561 0.167602 5.81799E-10
-0.0198559 0.330932 5.5548E-10
0.00488525 0.0814209 5.62371E-10
0.00743409 0.123901 5.67184E-10
0.0010913 0.0181884 5.68309E-10
0.00303956 0.0506593 5.53672E-10
-0.00620361 0.103394 5.58747E-10
-0.000886231 0.0147705 5.94364E-10
-0.00321533 0.0535889 5.6683E-10
0.000402833 0.00671388 5.56609E-10
0.00157471 0.0262451 5.76815E-10
-0.011975 0.199584 5.76182E-10
-0.00197021 0.0328369 5.6584E-10
-0.000900879 0.0150147 5.67114E-10
0.00144287 0.0240478 5.68558E-10
-0.00216065 0.0360108 5.59824E-10
0.00465089 0.0775148 5.80558E-10
0.00917725 0.152954 5.59711E-10
0.00468018 0.078003 5.60554E-10
0.00947022 0.157837 5.4503E-10
0.00491456 0.0819093 5.44565E-10
-0.00906006 0.151001 5.77012E-10
-0.017307 0.288451 5.40015E-10
0.00358156 0.0596926 5.74499E-10
-0.00632081 0.105347 5.55976E-10
-0.0130151 0.216918 5.67657E-10
0.0159009 0.265014 5.7245E-10
0.00756592 0.126099 5.69297E-10
-0.00322999 0.0538331 5.46317E-10
0.0053247 0.0887451 5.64353E-10
-0.000197755 0.00329592 5.69109E-10
-0.0115796 0.192993 5.73024E-10
-0.0126196 0.210326 5.33869E-10
-0.0066577 0.110962 5.77538E-10
-0.00462159 0.0770264 5.43283E-10
0.00419677 0.0699463 5.58953E-10
0.0230639 0.384399 5.4166E-10
-0.00465089 0.0775148 5.55609E-10
-0.00706787 0.117798 5.57173E-10
0.0048999 0.0816651 5.5769E-10
-0.01656 0.276001 5.65548E-10
-0.00974853 0.162476 5.55736E-10
0.0117114 0.195191 5.53917E-10
0.00873779 0.14563 5.43261E-10
-0.00963134 0.160522 5.57844E-10
-0.00550049 0.0916748 5.62838E-10
0.00567626 0.0946044 5.84752E-10
0.00334717 0.0557863 5.5579E-10
0.00951416 0.158569 5.72179E-10
0.0100707 0.167846 5.66975E-10
-0.00500245 0.0833741 5.80507E-10
-0.00497315 0.0828858 5.85275E-10
-0.00122315 0.0203858 5.76972E-10
0.00791749 0.131958 5.55709E-10
0.00495851 0.0826417 5.55956E-10
0.00221924 0.0369873 5.56719E-10
-0.00366945 0.0611574 5.56522E-10
0.00983642 0.16394 5.46588E-10
0.00913329 0.152222 5.40095E-10
-0.0104369 0.173948 5.36329E-10
-0.00957275 0.159546 5.78998E-10
0.00847412 0.141235 5.79513E-10
0.0074048 0.123413 5.89368E-10
0.0002417 0.00402833 5.67926E-10
