-0.0111987 0.186645 8.41051E-11
0.00525147 0.0875244 8.41139E-11
-0.00686278 0.11438 8.37953E-11
-0.00112061 0.0186768 8.33326E-11
-0.00343507 0.0572511 8.37793E-11
-0.0150805 0.251343 8.57235E-11
0.00894287 0.149048 8.42288E-11
0.00226319 0.0377198 8.34935E-11
0.0124145 0.206908 8.33075E-11
-0.00472413 0.0787354 8.56769E-11
0.0161207 0.268678 8.53327E-11
-0.00963134 0.160522 8.58533E-11
0.00944092 0.157349 8.5865E-11
-0.001604 0.0267334 8.38291E-11
0.00766846 0.127808 8.55993E-11
6.59183E-05 0.00109864 8.57062E-11
-0.0164574 0.274291 8.44953E-11
0.00585206 0.0975343 8.5713E-11
0.0174976 0.291626 8.44162E-11
-0.016355 0.272583 8.40358E-11
-0.00507569 0.0845948 8.44618E-11
-0.0129272 0.215453 8.59017E-11
-0.0126781 0.211303 8.54985E-11
-0.00610108 0.101685 8.37182E-11
0.0100854 0.16809 8.60369E-11
0.0059253 0.0987549 8.53444E-11
-0.00766846 0.127808 8.5018E-11
-0.00554444 0.0924073 8.4749E-11
0.00668701 0.11145 8.35089E-11
0.00396242 0.0660403 8.48639E-11
-0.00352296 0.0587159 8.52916E-11
-0.00567626 0.0946044 8.42728E-11
-0.0072583 0.120972 8.58361E-11
0.0163696 0.272827 8.33005E-11
0.0103198 0.171997 8.46955E-11
0.00888428 0.148071 8.52658E-11
0.00409423 0.0682372 8.57095E-11
-0.0080786 0.134643 8.57141E-11
-0.00649659 0.108276 8.58021E-11
-0.0256859 0.428099 8.51655E-11
0.0212768 0.354614 8.31548E-11
0.0123412 0.205687 8.35244E-11
0.0110668 0.184447 8.53324E-11
0.0074048 0.123413 8.5754E-11
-0.0124584 0.20764 8.37503E-11
-0.0110815 0.184692 8.61289E-11
-0.0123851 0.206419 8.57946E-11
-0.00510499 0.0850831 8.37537E-11
-0.00463623 0.0772706 8.55672E-11
0.0181567 0.302612 8.43324E-11
0.0157397 0.262328 8.39597E-11
-0.00280518 0.0467529 8.55123E-11
0.00224854 0.0374756 8.37011E-11
0.0206763 0.344604 8.32855E-11
0.000153809 0.00256348 8.52531E-11
-0.0104369 0.173948 8.51525E-11
-0.00936767 0.156128 8.35892E-11
-0.00700929 0.116821 8.51243E-11
-0.0117699 0.196166 8.57749E-11
0.00321533 0.0535889 8.56491E-11
0.00916259 0.15271 8.45905E-11
0.000827638 0.013794 8.50255E-11
-0.00158936 0.0264893 8.58015E-11
-0.0129858 0.21643 8.46553E-11
0.0050171 0.0836183 8.36465E-11
0.00614503 0.102417 8.57138E-11
-0.0153295 0.255492 8.54891E-11
-0.00473877 0.0789796 8.57876E-11
0.00661377 0.110229 8.5739E-11
-0.00355225 0.0592042 8.47066E-11
-0.0213647 0.356078 8.58586E-11
6.59183E-05 0.00109864 8.56993E-11
-0.00627685 0.104614 8.31164E-11
0.00497315 0.0828858 8.3776E-11
-0.00736085 0.122681 8.42624E-11
0.000974122 0.0162354 8.47255E-11
-0.00766846 0.127808 8.52897E-11
0.0232104 0.38684 8.51002E-11
0.00131103 0.0218506 8.35064E-11
-0.0125902 0.209837 8.51276E-11
-0.00573487 0.0955811 8.37017E-11
0.00705322 0.117554 8.34477E-11
-0.010642 0.177367 8.54556E-11
-0.00664306 0.110718 8.37038E-11
0.017146 0.285766 8.50703E-11
0.00132569 0.0220948 8.38034E-11
0.00583742 0.0972903 8.59147E-11
0.00270264 0.0450439 8.54746E-11
-0.0307543 0.512572 8.32923E-11
0.0128979 0.214966 8.40468E-11
0.00179444 0.0299073 8.44325E-11
-0.014392 0.239867 8.58532E-11
-0.00079834 0.0133057 8.48563E-11
0.00741945 0.123657 8.52711E-11
-0.00623292 0.103882 8.39508E-11
0.0073755 0.122925 8.51095E-11
0.0186988 0.311646 8.47347E-11
-0.00648194 0.108032 8.37928E-11
-0.00561767 0.0936279 8.58773E-11
-0.0160766 0.267944 8.44908E-11
0.00328858 0.0548096 8.35208E-11
0.0130151 0.216918 8.54925E-11
-0.00318604 0.0531006 8.35624E-11
-0.0211596 0.35266 8.5687E-11
0.00195557 0.0325928 8.53005E-11
0.0266381 0.443969 8.4547E-11
-0.00179444 0.0299073 8.50062E-11
-0.0106713 0.177855 8.35046E-11
-0.000417481 0.00695803 8.36914E-11
-0.00281982 0.0469971 8.40871E-11
-0.0202808 0.338012 8.54198E-11
0.00980712 0.163452 8.56801E-11
-0.00869384 0.144897 8.45571E-11
0.0142895 0.238158 8.56446E-11
0.0134985 0.224975 8.40806E-11
0.0101879 0.169799 8.31906E-11
0.00448975 0.0748292 8.35603E-11
-0.0108325 0.180541 8.58804E-11
-0.00951416 0.158569 8.6035E-11
0.0167944 0.279907 8.35522E-11
0.0193579 0.322632 8.40444E-11
-0.0154027 0.256713 8.39119E-11
-0.0125023 0.208372 8.42862E-11
-0.0189038 0.315064 8.42781E-11
0.000974122 0.0162354 8.38558E-11
-0.0110229 0.183715 8.50642E-11
0.00561767 0.0936279 8.56612E-11
0.018391 0.306517 8.54554E-11
-0.00834228 0.139038 8.43982E-11
0.0159302 0.265503 8.52331E-11
0.0127514 0.212523 8.38906E-11
-0.00145751 0.0242919 8.56786E-11
-0.00678955 0.113159 8.50617E-11
-0.0222437 0.370729 8.53087E-11
0.00340576 0.0567628 8.46829E-11
0.000651857 0.0108643 8.50109E-11
-0.00655517 0.109253 8.43529E-11
0.00232177 0.0386963 8.55483E-11
-0.0178929 0.298216 8.54403E-11
0.00176514 0.0294189 8.4077E-11
0.00120849 0.0201416 8.41371E-11
0.000490723 0.00817872 8.55445E-11
0.00687744 0.114624 8.32179E-11
-0.00290771 0.0484619 8.52516E-11
-0.0191967 0.319946 8.54499E-11
-0.018142 0.302368 8.60282E-11
0.00427003 0.0711671 8.4162E-11
0.000358888 0.00598146 8.57097E-11
0.000915527 0.0152588 8.39366E-11
-0.00898681 0.14978 8.35818E-11
-0.00793213 0.132202 8.55814E-11
-0.00393312 0.0655519 8.4416E-11
0.00774169 0.129028 8.64745E-11
0.0121655 0.202758 8.57233E-11
0.00448975 0.0748292 8.59131E-11
-0.00945556 0.157593 8.38472E-11
0.0119018 0.198364 8.58681E-11
0.0127954 0.213256 8.53192E-11
0.0147436 0.245727 8.40961E-11
0.0186108 0.31018 8.53301E-11
-0.0115356 0.192261 8.59753E-11
0.0134838 0.224731 8.42385E-11
0.00424072 0.0706787 8.55352E-11
0.0108325 0.180541 8.45866E-11
0.00287842 0.0479736 8.55857E-11
-0.028264 0.471067 8.50922E-11
0.0050171 0.0836183 8.54986E-11
-0.0145825 0.243041 8.37317E-11
0.0045337 0.0755617 8.45329E-11
0.0180248 0.300413 8.37628E-11
-0.00232177 0.0386963 8.38575E-11
-0.00440185 0.0733642 8.55466E-11
-0.0168823 0.281372 8.52642E-11
0.00692139 0.115356 8.42956E-11
-0.0100854 0.16809 8.46609E-11
0.00183839 0.0306398 8.56963E-11
-0.00289307 0.0482178 8.45917E-11
0.00172119 0.0286864 8.58335E-11
0.0161353 0.268922 8.49277E-11
-0.0136742 0.227904 8.60193E-11
-0.00572021 0.0953369 8.38937E-11
0.0049292 0.0821534 8.38468E-11
0.00353761 0.0589601 8.42667E-11
-0.0169115 0.281858 8.55169E-11
-0.00941162 0.15686 8.47517E-11
-0.0158423 0.264038 8.3725E-11
0.0197973 0.329956 8.49466E-11
-0.00443115 0.0738526 8.63443E-11
-0.00463623 0.0772706 8.40092E-11
0.00980712 0.163452 8.56969E-11
0.00198486 0.0330811 8.33995E-11
0.00856201 0.1427 8.57382E-11
-0.00873779 0.14563 8.45754E-11
-0.00558837 0.0931396 8.28475E-11
-2.19728E-05 0.000366213 8.55644E-11
-0.00079834 0.0133057 8.48479E-11
-0.00963134 0.160522 8.54733E-11
0.00917725 0.152954 8.38003E-11
0.00886962 0.147827 8.34065E-11
-0.00624756 0.104126 8.5227E-11
