-0.0132933 0.221556 1.01019E-10
0.0113305 0.188842 1.01394E-10
-0.000651857 0.0108643 1.00431E-10
0.00400634 0.0667724 1.02071E-10
0.00182373 0.0303956 1.01205E-10
-0.0174535 0.290892 1.00841E-10
-0.00517822 0.0863037 1.00767E-10
0.016018 0.266967 1.0268E-10
0.00132569 0.0220948 1.00674E-10
0.00213135 0.0355226 1.00061E-10
-0.00334717 0.0557863 1.00617E-10
0.00604249 0.100708 1.02376E-10
-0.024353 0.405883 1.00444E-10
0.0107446 0.179077 1.01163E-10
-0.011477 0.191284 1.02463E-10
0.00249756 0.0416259 1.01666E-10
0.00813719 0.13562 1.00902E-10
-0.0126488 0.210814 1.00662E-10
-0.00344971 0.0574952 1.03368E-10
0.0127807 0.213012 1.02377E-10
0.00809326 0.134888 1.0065E-10
-0.0116675 0.194459 1.02163E-10
0.00120849 0.0201416 1.00886E-10
-0.000344239 0.00573732 1.01036E-10
-0.00286376 0.0477294 9.97395E-11
-0.0145531 0.242553 1.00411E-10
0.00268799 0.0447998 1.00609E-10
-0.00292237 0.0487061 1.0342E-10
-0.00303956 0.0506593 1.03312E-10
-0.0128393 0.213988 1.01061E-10
-0.0120483 0.200805 1.02585E-10
0.00614503 0.102417 1.01992E-10
0.0138647 0.231079 1.01981E-10
-0.00429931 0.0716553 1.01828E-10
0.00658448 0.109741 1.0203E-10
-0.0114624 0.19104 1.01764E-10
-0.00280518 0.0467529 1.00691E-10
0.0101879 0.169799 1.0088E-10
0.00507569 0.0845948 1.00773E-10
0.000754395 0.0125733 1.01203E-10
-0.0214086 0.356811 1.01588E-10
-0.0287035 0.478392 1.01863E-10
-0.0090454 0.150757 1.02538E-10
-0.0087085 0.145142 1.01398E-10
-0.0158276 0.263794 1.0021E-10
0.00976319 0.16272 1.02907E-10
0.0110961 0.184936 1.00366E-10
-0.00113525 0.0189209 1.02162E-10
0.0126635 0.211058 1.01452E-10
-0.00286376 0.0477294 1.03391E-10
0.0185229 0.308715 1.00398E-10
0.00642336 0.107056 1.01359E-10
0.00860596 0.143433 1.02572E-10
0.00995359 0.165893 1.01021E-10
0.00434326 0.0723878 1.01559E-10
-0.0173803 0.289672 1.03413E-10
-0.00608642 0.10144 1.01428E-10
0.00955811 0.159302 1.0018E-10
0.0229907 0.383178 1.02179E-10
-0.0111255 0.185425 1.00525E-10
-0.024309 0.405151 9.96315E-11
-0.0031421 0.0523683 1.0088E-10
0.00686278 0.11438 1.0149E-10
-0.0016626 0.0277099 1.0107E-10
0.00258545 0.0430908 1.01874E-10
0.0136303 0.227172 1.01451E-10
-0.00901611 0.150269 1.02856E-10
0.00993895 0.165649 1.02114E-10
0.0022046 0.0367433 1.02334E-10
0.0103637 0.172728 1.00993E-10
-0.00240968 0.0401613 1.00923E-10
-0.0214086 0.356811 1.02482E-10
0.0149926 0.249878 1.00078E-10
-0.00823974 0.137329 1.00089E-10
-0.00052002 0.008667 1.03032E-10
-0.00416749 0.0694581 9.93683E-11
0.00270264 0.0450439 1.00506E-10
0.00661377 0.110229 1.0078E-10
-0.00998289 0.166381 1.00978E-10
0.0101294 0.168823 1.00996E-10
0.00878173 0.146362 1.01386E-10
-0.00387452 0.0645753 1.00656E-10
0.00249756 0.0416259 1.02304E-10
0.0114624 0.19104 1.01129E-10
0.0100415 0.167358 1.00865E-10
0.0109204 0.182007 1.02175E-10
-0.00822509 0.137085 1.03009E-10
-0.0186108 0.31018 1.01135E-10
0.0120923 0.201538 1.00461E-10
0.00947022 0.157837 1.00794E-10
-0.00873779 0.14563 1.00145E-10
0.00976319 0.16272 1.00775E-10
-0.010144 0.169067 1.00455E-10
0.00173584 0.0289306 1.01164E-10
0.00580811 0.0968019 1.00788E-10
0.0134252 0.223753 1.00189E-10
-0.00346436 0.0577393 1.00432E-10
0.00985107 0.164185 1.0116E-10
-0.00929443 0.154907 1.02777E-10
-0.00614503 0.102417 1.00606E-10
0.00695068 0.115845 1.02216E-10
0.00183839 0.0306398 1.00997E-10
0.018391 0.306517 9.93094E-11
0.0114624 0.19104 1.00268E-10
0.00548583 0.0914306 1.00037E-10
-0.0104369 0.173948 1.01424E-10
0.00403565 0.0672608 1.00597E-10
-0.00175048 0.0291747 1.022E-10
0.00043213 0.00720217 1.02388E-10
0.00709717 0.118286 1.01241E-10
0.0117992 0.196654 1.0215E-10
0.00406495 0.0677491 1.00679E-10
0.00210206 0.0350343 1.00815E-10
0.0204712 0.341186 1.01166E-10
-0.00104737 0.0174561 1.00645E-10
0.00892822 0.148804 1.02135E-10
0.00551514 0.0919189 1.02689E-10
0.00201417 0.0335694 1.02012E-10
0.000769043 0.0128174 1.00944E-10
0.0184643 0.307738 1.00744E-10
0.0103783 0.172972 9.93981E-11
0.00579347 0.0965578 1.00469E-10
-0.00150147 0.0250244 1.00543E-10
-0.0292309 0.487182 1.01447E-10
-0.00327392 0.0545654 1.0064E-10
-0.00670165 0.111694 1.01951E-10
-0.00835693 0.139282 1.01439E-10
-0.00819579 0.136597 1.0106E-10
0.0132787 0.221312 9.90917E-11
0.00876709 0.146118 1.01094E-10
0.00393312 0.0655519 1.01522E-10
0.00343507 0.0572511 9.91757E-11
-0.00170654 0.0284423 1.00344E-10
0.00246826 0.0411377 1.00675E-10
-0.0067749 0.112915 1.02605E-10
-0.0148755 0.247925 1.01686E-10
0.011184 0.186401 1.01743E-10
-0.000842286 0.0140381 1.01678E-10
-0.00365479 0.0609132 1.02185E-10
0.00163329 0.0272216 1.00241E-10
0.00328858 0.0548096 1.03779E-10
-0.0054419 0.0906983 9.97049E-11
-0.0166479 0.277465 1.02497E-10
-0.00371339 0.0618898 1.00808E-10
-0.00463623 0.0772706 1.00288E-10
0.00320068 0.0533448 1.00724E-10
-0.00126709 0.0211181 1.01609E-10
0.00277588 0.0462646 1.00838E-10
-0.0113891 0.189819 1.01355E-10
0.00349366 0.0582276 1.02631E-10
-0.00437257 0.0728761 1.00948E-10
-0.0103637 0.172728 1.01783E-10
-0.016018 0.266967 1.02076E-10
0.00960205 0.160034 1.00975E-10
0.0189477 0.315796 1.00914E-10
-0.0066577 0.110962 1.01713E-10
0.00925048 0.154175 1.02195E-10
0.000124513 0.00207521 1.02285E-10
0.00955811 0.159302 1.01511E-10
-0.000666505 0.0111084 1.00731E-10
0.0269751 0.449584 1.02174E-10
0.0164721 0.274535 1.01685E-10
0.00771241 0.12854 1.01105E-10
-0.00613038 0.102173 1.00552E-10
0.00506105 0.0843508 1.00086E-10
0.0103051 0.171753 1.01245E-10
-0.00642336 0.107056 1.00729E-10
-0.0160327 0.267212 1.00797E-10
-0.000402833 0.00671388 1.01349E-10
-0.00204347 0.0340578 1.00603E-10
-0.00629151 0.104858 1.00742E-10
-0.0146117 0.243529 1.00836E-10
0.00818115 0.136352 1.01165E-10
-0.0126635 0.211058 1.00722E-10
-0.0260229 0.433715 1.00788E-10
-0.00989501 0.164917 1.03193E-10
-0.00598389 0.0997314 1.012E-10
0.0109497 0.182494 1.01428E-10
0.001604 0.0267334 1.00234E-10
-0.0107006 0.178343 1.02337E-10
-0.00929443 0.154907 1.02895E-10
-0.00888428 0.148071 1.01894E-10
0.0113598 0.189331 1.01271E-10
0.00104737 0.0174561 1.00562E-10
-0.00276123 0.0460205 1.01298E-10
-0.00132569 0.0220948 1.0083E-10
-0.00459228 0.0765381 1.01177E-10
-0.0165307 0.275512 1.0187E-10
0.00485597 0.0809328 1.00717E-10
0.0189917 0.316528 1.03017E-10
-0.00700929 0.116821 1.01712E-10
-0.00825438 0.137573 1.01654E-10
-0.00134034 0.0223389 1.01838E-10
-0.0106859 0.178099 1.01317E-10
0.00602784 0.100464 1.0091E-10
-0.00843017 0.140503 1.02191E-10
-0.00134034 0.0223389 1.00207E-10
-0.00491456 0.0819093 1.00414E-10
0.00582277 0.0970461 1.03202E-10
-0.00813719 0.13562 1.00684E-10
