-0.000959473 0.0159912 8.02307E-11
-0.0111547 0.185913 7.996E-11
0.0117114 0.195191 8.06112E-11
-0.0247777 0.412962 8.09826E-11
0.0234888 0.39148 7.9586E-11
-0.0190648 0.317747 8.04884E-11
-0.013601 0.226683 7.85025E-11
0.00982178 0.163696 8.12804E-11
0.00573487 0.0955811 8.05249E-11
0.00894287 0.149048 8.03073E-11
-0.00722901 0.120484 7.96465E-11
-0.00646728 0.107788 8.00672E-11
-0.0102026 0.170043 8.03505E-11
0.0144506 0.240843 7.86647E-11
0.00361086 0.0601809 8.09445E-11
0.000637208 0.0106201 7.97467E-11
0.00753662 0.12561 7.93732E-11
-0.0103929 0.173216 7.99188E-11
0.00416749 0.0694581 7.85827E-11
0.00132569 0.0220948 8.01118E-11
-0.0068335 0.113892 7.94487E-11
0.0121948 0.203247 8.02011E-11
0.00101806 0.0169677 8.04056E-11
0.00629151 0.104858 7.94597E-11
-0.00692139 0.115356 7.97344E-11
-0.00573487 0.0955811 7.79968E-11
0.0151245 0.252075 7.82968E-11
-0.00648194 0.108032 7.88266E-11
-0.00557372 0.0928954 8.00183E-11
-0.0157837 0.263062 7.97534E-11
0.00796143 0.13269 7.99516E-11
-5.12697E-05 0.000854496 7.98441E-11
0.00750733 0.125122 7.93437E-11
-0.00788818 0.13147 8.04915E-11
-0.00615967 0.102661 8.02426E-11
0.00819579 0.136597 7.8247E-11
0.0178929 0.298216 7.78834E-11
-0.0162816 0.271361 8.06411E-11
0.005896 0.0982666 7.99779E-11
0.005896 0.0982666 7.89946E-11
0.000212403 0.00354005 7.86997E-11
-0.00621827 0.103638 8.01319E-11
0.0104516 0.174193 8.05437E-11
-0.0118871 0.198119 7.92287E-11
0.010144 0.169067 7.99583E-11
-0.012268 0.204467 7.98105E-11
-0.00207276 0.0345461 8.04818E-11
-0.00112061 0.0186768 8.07476E-11
0.0178344 0.29724 7.90601E-11
0.00708252 0.118042 8.08057E-11
-0.0128832 0.214721 8.1025E-11
-0.00671631 0.111938 8.06726E-11
0.00528075 0.0880126 8.00433E-11
-0.00901611 0.150269 7.81351E-11
-0.00135498 0.0225831 7.90879E-11
-0.0249096 0.415161 8.11658E-11
-0.00236572 0.0394287 7.8664E-11
-0.00243897 0.0406496 8.07056E-11
-0.00942626 0.157104 8.06495E-11
-0.00476807 0.0794678 7.81205E-11
0.00752198 0.125366 7.98924E-11
-0.00229249 0.0382081 8.08755E-11
0.00296631 0.0494386 8.07459E-11
-0.00974853 0.162476 7.78063E-11
0.0103491 0.172485 8.01695E-11
0.00900147 0.150024 7.96868E-11
-0.0153881 0.256468 7.96852E-11
-0.012312 0.2052 8.06405E-11
-0.00687744 0.114624 8.04603E-11
-0.0218482 0.364137 8.07579E-11
-0.0205005 0.341675 8.01245E-11
0.00487061 0.0811768 7.94143E-11
-0.0016919 0.0281983 7.85575E-11
0.00233642 0.0389404 8.01786E-11
0.0160474 0.267457 7.78932E-11
8.05667E-05 0.00134278 7.94516E-11
0.00695068 0.115845 7.96768E-11
-0.0133227 0.222045 8.07385E-11
0.0170287 0.283812 7.87716E-11
0.00693604 0.115601 8.09419E-11
-0.0016919 0.0281983 7.79175E-11
-0.0174243 0.290405 8.06179E-11
-0.000534668 0.00891113 8.02541E-11
0.00528075 0.0880126 8.05643E-11
-0.00942626 0.157104 7.96246E-11
-0.00566162 0.0943603 8.0032E-11
-0.0125463 0.209105 7.97605E-11
-0.00148682 0.0247803 8.06339E-11
0.00958741 0.15979 7.75796E-11
-0.0210277 0.350462 7.96963E-11
0.0123998 0.206663 7.95855E-11
-0.00900147 0.150024 7.96074E-11
-0.00591064 0.0985108 8.06484E-11
-0.00533936 0.0889893 7.95833E-11
-0.00835693 0.139282 7.96251E-11
-0.00183839 0.0306398 8.01519E-11
0.010891 0.181517 8.00871E-11
-0.00835693 0.139282 8.12436E-11
-0.0096753 0.161255 7.82393E-11
-0.0107299 0.178832 8.01662E-11
0.0392944 0.654907 7.83103E-11
0.0103929 0.173216 7.97387E-11
-0.0100415 0.167358 8.02703E-11
-0.0030542 0.0509034 7.806E-11
0.00079834 0.0133057 7.96561E-11
0.00216065 0.0360108 8.07959E-11
-0.0177027 0.295044 7.81313E-11
0.00785888 0.130981 7.82039E-11
-0.000681153 0.0113526 8.03784E-11
0.0221411 0.369019 7.79627E-11
-0.00941162 0.15686 7.79748E-11
0.00428467 0.0714112 7.7701E-11
-0.0144946 0.241577 7.99403E-11
-0.011975 0.199584 8.15616E-11
0.00799073 0.133179 8.0226E-11
-0.0150073 0.250122 7.97239E-11
0.0118286 0.197142 8.05213E-11
-0.0153588 0.25598 7.98812E-11
0.00724365 0.120728 7.95456E-11
-0.00560302 0.0933837 7.94565E-11
-0.0135717 0.226195 8.00854E-11
0.00826904 0.137817 7.83919E-11
-0.00774169 0.129028 8.00967E-11
-0.00349366 0.0582276 7.97636E-11
0.00542725 0.0904541 8.11627E-11
0.00364015 0.0606691 7.81309E-11
0.0110522 0.184203 8.0187E-11
0.0189331 0.315552 8.16092E-11
-0.0186694 0.311157 8.03263E-11
-0.0112573 0.187622 8.05891E-11
0.012107 0.201783 8.00205E-11
0.00782959 0.130493 7.8216E-11
-0.0145238 0.242064 7.95607E-11
0.0273413 0.455688 8.09793E-11
0.00419677 0.0699463 7.77345E-11
-0.0129711 0.216186 8.08596E-11
-0.00236572 0.0394287 7.95581E-11
-0.00403565 0.0672608 7.93297E-11
0.000344239 0.00573732 7.81533E-11
-0.0200318 0.333863 8.05006E-11
0.0247484 0.412474 8.04511E-11
0.0132933 0.221556 7.90223E-11
0.0227124 0.37854 7.87014E-11
0.00785888 0.130981 7.80893E-11
-0.000915527 0.0152588 7.78801E-11
0.00198486 0.0330811 8.0777E-11
-0.000593263 0.00988771 8.07284E-11
0.00207276 0.0345461 8.05256E-11
0.00793213 0.132202 8.0427E-11
-0.00106201 0.0177003 8.04627E-11
-0.00979248 0.163208 8.02102E-11
0.00418213 0.0697022 7.94778E-11
-0.0167066 0.278443 7.81941E-11
-0.0249975 0.416625 8.09607E-11
0.0156664 0.261107 8.0491E-11
0.00418213 0.0697022 7.93914E-11
-0.00850342 0.141724 7.80836E-11
0.00576416 0.0960694 8.02569E-11
0.0172924 0.288207 8.04666E-11
-0.00624756 0.104126 8.10637E-11
-0.0114331 0.190552 7.79517E-11
-0.0136303 0.227172 7.81183E-11
-0.00252685 0.0421142 7.78759E-11
0.00443115 0.0738526 7.87421E-11
-0.0022046 0.0367433 8.03865E-11
-0.00216065 0.0360108 8.05648E-11
-0.0149634 0.249389 8.01228E-11
-0.00762452 0.127075 7.83487E-11
-0.000344239 0.00573732 8.0198E-11
-0.0129126 0.21521 8.05171E-11
-0.0118725 0.197875 8.10947E-11
0.0196069 0.326782 7.90951E-11
0.00703858 0.11731 7.77666E-11
0.0108617 0.181029 7.98689E-11
-0.00270264 0.0450439 7.92758E-11
0.00156005 0.0260009 8.07022E-11
0.00150147 0.0250244 7.89615E-11
0.00630615 0.105103 7.94063E-11
0.00293702 0.0489503 8.03772E-11
0.0156518 0.260863 7.90003E-11
-0.0115796 0.192993 7.97962E-11
0.000109864 0.00183106 8.00012E-11
0.00627685 0.104614 7.99328E-11
0.0236499 0.394165 7.91381E-11
-0.00639406 0.106568 8.00303E-11
-0.0103783 0.172972 7.90394E-11
0.00693604 0.115601 7.9767E-11
-0.00630615 0.105103 7.96103E-11
-0.0199732 0.332887 7.98917E-11
-0.00448975 0.0748292 8.03942E-11
0.00226319 0.0377198 8.04137E-11
-0.0184643 0.307738 7.91281E-11
0.00708252 0.118042 7.99131E-11
0.006438 0.1073 8.1789E-11
-0.0175268 0.292113 8.06795E-11
-0.0179808 0.299681 8.0023E-11
0.0113598 0.189331 7.96707E-11
0.0163403 0.272338 7.97072E-11
0.0026001 0.0433349 7.98194E-11
0.00454836 0.0758059 7.90893E-11
