-0.0143627 0.239378 7.0546E-11
0.00409423 0.0682372 7.04551E-11
0.0325269 0.542116 7.0924E-11
-0.00218994 0.0364991 7.08588E-11
0.00290771 0.0484619 7.18532E-11
-0.00684814 0.114136 7.12795E-11
0.011272 0.187867 7.06322E-11
-0.0136156 0.226928 7.18321E-11
0.000388184 0.00646973 7.07184E-11
-0.0177465 0.295776 7.19118E-11
0.0208667 0.347778 6.98739E-11
-0.0104076 0.17346 7.2616E-11
0.00365479 0.0609132 7.20853E-11
0.0263745 0.439575 7.03422E-11
0.0127954 0.213256 6.96099E-11
0.00513429 0.0855714 7.0429E-11
0.0161645 0.269409 7.01682E-11
0.00525147 0.0875244 7.0624E-11
-0.0164282 0.273803 7.05503E-11
-0.00267333 0.0445556 7.03249E-11
-0.00308351 0.0513918 7.04485E-11
-0.00157471 0.0262451 7.04982E-11
-0.0109789 0.182982 7.04443E-11
-0.0119018 0.198364 7.09613E-11
0.00845946 0.140991 7.09487E-11
0.0269164 0.448607 7.04585E-11
-0.00273194 0.0455323 7.16178E-11
-0.00879639 0.146606 7.02323E-11
0.000270996 0.00451661 7.03665E-11
0.00697999 0.116333 7.11977E-11
0.004563 0.07605 7.05132E-11
0.0163988 0.273314 7.03436E-11
-0.0171898 0.286498 7.00253E-11
-0.00721437 0.120239 7.01515E-11
-0.00813719 0.13562 7.1779E-11
-0.0107006 0.178343 7.09163E-11
-0.00681885 0.113647 7.22454E-11
-0.000681153 0.0113526 7.232E-11
0.0269751 0.449584 7.0506E-11
0.00853271 0.142212 7.01605E-11
-0.00693604 0.115601 7.17003E-11
-0.0259203 0.432006 6.93825E-11
-0.00787354 0.131226 7.233E-11
0.00684814 0.114136 7.02307E-11
0.00177978 0.0296631 7.10131E-11
0.00271728 0.0452881 7.01634E-11
-0.0110815 0.184692 7.20973E-11
0.010891 0.181517 7.07572E-11
-0.005896 0.0982666 7.13904E-11
-0.00135498 0.0225831 7.20378E-11
-0.020808 0.3468 7.22012E-11
-0.00284912 0.0474853 7.0724E-11
-0.013103 0.218383 7.04271E-11
0.0130737 0.217896 7.00261E-11
0.00204347 0.0340578 7.01104E-11
-0.00218994 0.0364991 7.05885E-11
-0.0169994 0.283324 7.05023E-11
0.00949952 0.158325 7.13504E-11
0.0120776 0.201294 6.98974E-11
-0.000197755 0.00329592 7.04989E-11
0.00632081 0.105347 7.25365E-11
0.0050171 0.0836183 7.19652E-11
0.00217529 0.0362549 7.00996E-11
0.0241186 0.401977 7.04092E-11
-0.00342042 0.0570069 7.09968E-11
-0.0169262 0.282103 7.09878E-11
0.00246826 0.0411377 7.01942E-11
0.00451906 0.0753176 7.05995E-11
0.0350609 0.584349 6.98881E-11
-0.0118725 0.197875 7.06077E-11
-0.000988771 0.0164795 6.97084E-11
0.00627685 0.104614 7.03092E-11
-0.00154541 0.0257568 7.02503E-11
-0.00746339 0.12439 7.01044E-11
0.0159448 0.265747 7.00206E-11
-0.00758057 0.126343 7.18246E-11
0.0194604 0.32434 7.00626E-11
0.000930176 0.0155029 7.01889E-11
-0.0141429 0.235716 7.03827E-11
-0.0176733 0.294555 7.03115E-11
0.00243897 0.0406496 7.04798E-11
0.00287842 0.0479736 7.17132E-11
0.0228443 0.380738 7.00964E-11
0.0025122 0.0418701 7.00359E-11
0.0155346 0.25891 7.05599E-11
-0.00431397 0.0718994 7.10989E-11
-0.00605713 0.100952 7.26244E-11
0.00960205 0.160034 7.01172E-11
0.00101806 0.0169677 7.20783E-11
-0.00971924 0.161987 7.03618E-11
0.021145 0.352417 7.18983E-11
-0.00116455 0.0194092 7.1036E-11
-0.00684814 0.114136 7.06701E-11
0.018391 0.306517 7.13275E-11
0.00542725 0.0904541 7.02955E-11
-0.00535401 0.0892334 7.0197E-11
-0.0264185 0.440308 7.17522E-11
0.00301026 0.0501711 7.25792E-11
0.0169994 0.283324 7.02516E-11
-0.0150952 0.251587 7.20631E-11
-0.0116382 0.19397 7.22148E-11
0.0107446 0.179077 7.05017E-11
0.00828368 0.138061 7.01681E-11
0.00826904 0.137817 7.05543E-11
0.0221851 0.369752 6.92968E-11
-0.020852 0.347533 7.15039E-11
0.0239867 0.399779 7.05309E-11
0.00246826 0.0411377 7.1069E-11
-0.0175415 0.292357 7.02417E-11
0.0104076 0.17346 7.04374E-11
0.00585206 0.0975343 6.96203E-11
-0.00860596 0.143433 7.08252E-11
0.0138061 0.230102 7.06772E-11
0.00277588 0.0462646 7.02456E-11
0.00781495 0.130249 7.02566E-11
-0.0121216 0.202027 7.04802E-11
-0.000534668 0.00891113 7.0456E-11
-0.0039917 0.0665283 7.23089E-11
0.017307 0.288451 7.04517E-11
0.0110668 0.184447 7.06279E-11
0.00468018 0.078003 7.0308E-11
0.00637941 0.106323 7.01949E-11
0.0284691 0.474486 7.07087E-11
-0.00229249 0.0382081 7.06997E-11
0.00519286 0.0865477 7.03089E-11
-0.00390382 0.0650636 7.24478E-11
-0.00284912 0.0474853 6.95782E-11
-0.00913329 0.152222 7.18975E-11
-0.0137475 0.229125 7.09856E-11
0.019812 0.3302 7.05945E-11
0.0109497 0.182494 7.07808E-11
-0.0126342 0.21057 7.11691E-11
0.00860596 0.143433 7.0267E-11
-0.0002417 0.00402833 7.23181E-11
-0.0126342 0.21057 7.05117E-11
0.00236572 0.0394287 7.17973E-11
0.00513429 0.0855714 7.09348E-11
0.00353761 0.0589601 7.04672E-11
0.00148682 0.0247803 7.05073E-11
-0.0123705 0.206175 7.03034E-11
0.00459228 0.0765381 7.01543E-11
0.00043213 0.00720217 6.97468E-11
0.00153076 0.0255128 7.10363E-11
0.0172045 0.286743 7.09361E-11
-0.00103272 0.0172119 7.21464E-11
-0.021394 0.356567 7.0487E-11
0.0100707 0.167846 7.07749E-11
-0.00129639 0.0216064 7.23214E-11
-0.022273 0.371217 7.20466E-11
-0.0151831 0.253052 7.04837E-11
0.0179516 0.299193 7.05023E-11
0.0156664 0.261107 7.09982E-11
0.00743409 0.123901 7.05234E-11
0.000476075 0.00793458 7.08872E-11
-0.0194751 0.324584 7.05778E-11
0.00548583 0.0914306 7.22968E-11
0.00911865 0.151977 7.01375E-11
0.00633546 0.105591 7.0616E-11
-0.0101147 0.168579 7.06246E-11
-0.00516358 0.0860596 7.22453E-11
0.00377197 0.0628662 7.00521E-11
0.00661377 0.110229 7.04864E-11
0.0205005 0.341675 7.02259E-11
0.0151391 0.252319 7.05591E-11
0.00431397 0.0718994 7.08026E-11
0.00941162 0.15686 7.20388E-11
0.00427003 0.0711671 7.02723E-11
0.000344239 0.00573732 7.20495E-11
-0.00673096 0.112183 7.21153E-11
-0.00838623 0.13977 7.08909E-11
-0.00254151 0.0423584 7.06526E-11
0.00191162 0.0318603 7.237E-11
0.0140698 0.234497 7.0104E-11
0.00762452 0.127075 6.90241E-11
-0.0121216 0.202027 7.01848E-11
0.00321533 0.0535889 7.02878E-11
0.0204272 0.340453 7.06771E-11
0.0270044 0.450073 7.07344E-11
0.0021167 0.0352784 7.09133E-11
-0.0236939 0.394898 7.01474E-11
0.0165307 0.275512 7.19592E-11
-0.00368409 0.0614015 7.03402E-11
-0.00317139 0.0528564 7.04257E-11
0.000681153 0.0113526 7.18628E-11
-0.00686278 0.11438 7.05433E-11
0.00257079 0.0428466 7.01295E-11
-0.00368409 0.0614015 7.02949E-11
0.000886231 0.0147705 7.21657E-11
-0.0166333 0.277222 6.98114E-11
0.00139893 0.0233154 7.06412E-11
-0.00522216 0.0870361 7.01168E-11
0.0131615 0.219358 7.05786E-11
0.0114331 0.190552 7.05264E-11
-0.0151831 0.253052 7.01334E-11
-0.0101879 0.169799 7.00101E-11
-0.000153809 0.00256348 7.04721E-11
-0.00403565 0.0672608 7.13425E-11
-0.00719972 0.119995 7.01451E-11
-0.00645264 0.107544 7.03981E-11
0.007771 0.129517 7.05468E-11
