-0.00973389 0.162231 7.90535E-11
-0.00328858 0.0548096 8.03326E-11
0.0154027 0.256713 7.70033E-11
0.0107299 0.178832 7.79482E-11
-0.000871582 0.0145264 7.78819E-11
0.00205812 0.0343019 7.85235E-11
-0.00210206 0.0350343 7.84826E-11
-0.00687744 0.114624 7.87439E-11
0.00655517 0.109253 7.91997E-11
-0.00221924 0.0369873 7.94223E-11
-0.00676024 0.112671 7.86594E-11
0.0158276 0.263794 7.76975E-11
0.0127954 0.213256 7.87827E-11
0.0214233 0.357055 7.7381E-11
-0.0146557 0.244262 7.89781E-11
0.00268799 0.0447998 7.85758E-11
-0.001604 0.0267334 7.92075E-11
-0.000124513 0.00207521 7.87154E-11
0.00446046 0.0743409 7.7433E-11
-8.05667E-05 0.00134278 7.89725E-11
-0.00558837 0.0931396 7.88593E-11
-0.00954345 0.159058 7.804E-11
-0.0124877 0.208128 7.86787E-11
-0.00488525 0.0814209 7.98531E-11
-0.0118871 0.198119 7.95774E-11
0.00459228 0.0765381 7.88618E-11
0.00421142 0.0701904 7.88704E-11
-0.00482666 0.0804444 7.81168E-11
-0.000637208 0.0106201 7.97751E-11
0.000886231 0.0147705 7.86772E-11
-0.00481202 0.0802003 7.84306E-11
-0.0102758 0.171264 7.7937E-11
-0.00621827 0.103638 7.87014E-11
0.00246826 0.0411377 7.88424E-11
-0.00469482 0.0782471 7.9189E-11
-0.0102612 0.17102 7.8337E-11
-0.00175048 0.0291747 7.79385E-11
-0.0156225 0.260376 7.8125E-11
0.00866454 0.144409 7.90302E-11
-0.00448975 0.0748292 7.91134E-11
0.00384522 0.064087 7.85182E-11
-0.0026001 0.0433349 7.93685E-11
0.00139893 0.0233154 7.96558E-11
-0.0122241 0.203735 7.86366E-11
-0.00176514 0.0294189 7.96898E-11
-0.00104737 0.0174561 7.83704E-11
-0.0233862 0.38977 7.88681E-11
-0.00554444 0.0924073 7.88257E-11
-0.00753662 0.12561 7.89358E-11
0.00667235 0.111206 7.77325E-11
-0.00176514 0.0294189 7.75025E-11
0.00763916 0.127319 7.81307E-11
-0.00136964 0.0228273 7.79413E-11
-0.000344239 0.00573732 7.88844E-11
-0.00129639 0.0216064 7.86073E-11
-0.000900879 0.0150147 7.86133E-11
-0.0149926 0.249878 7.80895E-11
0.000900879 0.0150147 8.01923E-11
-0.0103491 0.172485 8.05792E-11
-0.00468018 0.078003 7.8833E-11
-0.00684814 0.114136 7.9256E-11
0.00746339 0.12439 7.951E-11
-0.00287842 0.0479736 7.73818E-11
-0.00974853 0.162476 7.75248E-11
0.00415284 0.0692139 7.90614E-11
-0.0016919 0.0281983 7.96075E-11
0.00588134 0.0980224 7.88713E-11
0.00800537 0.133423 7.96474E-11
-0.00793213 0.132202 7.78021E-11
-0.0157544 0.262573 7.9052E-11
-0.0058667 0.0977783 8.00473E-11
-0.00239503 0.0399171 7.76544E-11
0.00736085 0.122681 7.79052E-11
0.0173657 0.289428 7.9009E-11
-0.00637941 0.106323 7.7561E-11
0.0162085 0.270142 7.86662E-11
-0.00198486 0.0330811 7.90804E-11
0.00990965 0.165161 7.87569E-11
0.00696533 0.116089 7.80915E-11
-0.0175854 0.29309 7.88425E-11
-0.00189697 0.0316162 7.90896E-11
0.00640871 0.106812 7.8769E-11
0.00132569 0.0220948 7.92018E-11
0.00435792 0.0726319 7.92227E-11
0.00860596 0.143433 7.91328E-11
-0.00481202 0.0802003 7.77131E-11
-0.0100415 0.167358 7.7646E-11
-0.00930907 0.155151 7.79118E-11
0.00229249 0.0382081 7.89166E-11
0.00239503 0.0399171 7.86788E-11
0.00303956 0.0506593 7.84969E-11
0.0147289 0.245482 7.9081E-11
0.00968995 0.161499 7.85802E-11
0.00769776 0.128296 7.88798E-11
0.00126709 0.0211181 7.72525E-11
0.00996824 0.166137 7.70069E-11
0.0205737 0.342895 8.00882E-11
0.00315674 0.0526123 7.88998E-11
-0.00289307 0.0482178 8.01501E-11
0.00693604 0.115601 7.90804E-11
-0.00361086 0.0601809 7.88122E-11
-0.00340576 0.0567628 7.89103E-11
0.00428467 0.0714112 7.90653E-11
-0.0101 0.168334 7.8663E-11
0.0182738 0.304564 7.79689E-11
-0.0109936 0.183227 7.99396E-11
-0.000563965 0.00939942 7.8993E-11
-0.00264405 0.0440674 7.85872E-11
0.00337647 0.0562746 7.89728E-11
-0.0161207 0.268678 7.91935E-11
0.0174976 0.291626 7.74487E-11
-0.00374268 0.062378 7.90225E-11
0.00642336 0.107056 7.82528E-11
0.00995359 0.165893 7.84302E-11
0.00131103 0.0218506 7.88236E-11
-0.00114991 0.0191651 7.79752E-11
-0.0139379 0.232299 7.91445E-11
0.0143187 0.238646 7.87999E-11
-0.0128832 0.214721 7.89199E-11
-0.0184204 0.307007 7.88565E-11
-0.00246826 0.0411377 7.81367E-11
-0.0156664 0.261107 7.92508E-11
-0.00145751 0.0242919 7.91685E-11
-0.00173584 0.0289306 7.88807E-11
-0.0119457 0.199096 7.88424E-11
-0.0162816 0.271361 7.76563E-11
0.00106201 0.0177003 7.78445E-11
0.00112061 0.0186768 7.85336E-11
-0.0113745 0.189575 7.87779E-11
-0.00410888 0.0684814 7.89994E-11
-0.000856934 0.0142822 7.84697E-11
-0.00327392 0.0545654 7.80387E-11
0.00134034 0.0223389 7.93374E-11
0.00216065 0.0360108 7.87402E-11
-0.00248291 0.0413818 7.85462E-11
-0.000446778 0.0074463 7.87069E-11
-6.59183E-05 0.00109864 7.84184E-11
-0.00845946 0.140991 7.91915E-11
0.00101806 0.0169677 7.82228E-11
-0.00378663 0.0631104 7.81811E-11
-0.00308351 0.0513918 7.7562E-11
0.00150147 0.0250244 7.93489E-11
-0.00429931 0.0716553 7.92348E-11
0.00450441 0.0750734 7.89957E-11
-0.00916259 0.15271 7.92419E-11
-0.00533936 0.0889893 7.75632E-11
-0.00298097 0.0496828 7.85382E-11
-0.00446046 0.0743409 7.81163E-11
-0.0117992 0.196654 8.00519E-11
0.00522216 0.0870361 7.96269E-11
-0.00519286 0.0865477 7.89416E-11
0.00649659 0.108276 7.78583E-11
-0.00741945 0.123657 7.85519E-11
-0.0121362 0.20227 7.90323E-11
-0.00188233 0.0313721 7.76376E-11
0.00526611 0.0877685 7.8426E-11
0.00547119 0.0911865 7.82161E-11
0.00577881 0.0963136 7.85197E-11
0.000183106 0.00305178 7.85977E-11
-0.00822509 0.137085 7.90679E-11
0.00391847 0.0653078 7.872E-11
-0.00942626 0.157104 7.90439E-11
0.00218994 0.0364991 7.87735E-11
-0.00191162 0.0318603 7.84023E-11
0.000227051 0.00378418 7.85891E-11
-0.00466554 0.0777589 7.84682E-11
0.000930176 0.0155029 7.90487E-11
-0.00387452 0.0645753 7.89087E-11
-0.0114185 0.190308 7.86077E-11
-0.00872314 0.145386 7.91525E-11
0.00845946 0.140991 7.83373E-11
0.00583742 0.0972903 7.89893E-11
-0.00769776 0.128296 7.85358E-11
-0.00197021 0.0328369 7.88997E-11
-0.000593263 0.00988771 7.84607E-11
0.0171898 0.286498 7.8057E-11
0.007771 0.129517 7.9001E-11
0.00834228 0.139038 7.7657E-11
0.00183839 0.0306398 7.91189E-11
0.00566162 0.0943603 7.87697E-11
-0.00371339 0.0618898 7.75927E-11
0.0153881 0.256468 7.81804E-11
0.0110668 0.184447 7.94651E-11
0.00188233 0.0313721 7.90601E-11
-0.000915527 0.0152588 7.91327E-11
0.0059253 0.0987549 7.93178E-11
0.00339112 0.0565187 7.86807E-11
0.00746339 0.12439 7.94123E-11
-0.0153588 0.25598 7.8836E-11
-0.00516358 0.0860596 7.84803E-11
-0.00572021 0.0953369 7.89941E-11
-0.00322999 0.0538331 7.76312E-11
0.000461426 0.00769043 7.91837E-11
0.0134398 0.223998 7.76426E-11
-0.0161353 0.268922 7.92825E-11
-0.000461426 0.00769043 7.8497E-11
0.019563 0.32605 7.75642E-11
0.0026294 0.0438233 7.81512E-11
-0.00114991 0.0191651 7.88246E-11
0.00703858 0.11731 7.76823E-11
