-0.00752198 0.125366 3.40993E-10
0.000256348 0.00427247 3.60866E-10
0.00216065 0.0360108 3.51174E-10
0.00662842 0.110474 3.40978E-10
-0.00217529 0.0362549 3.33187E-10
0.00513429 0.0855714 3.49984E-10
-0.000681153 0.0113526 3.41022E-10
0.00922119 0.153687 3.3293E-10
-0.00213135 0.0355226 3.42261E-10
0.0045337 0.0755617 3.42636E-10
-0.00551514 0.0919189 3.4226E-10
-0.0076538 0.127563 3.4246E-10
-0.0155199 0.258666 3.40651E-10
-0.00173584 0.0289306 3.40751E-10
0.00813719 0.13562 3.50539E-10
0.00655517 0.109253 3.49917E-10
-0.00652589 0.108765 3.49974E-10
-0.00216065 0.0360108 3.42729E-10
0.00693604 0.115601 3.50348E-10
0.00284912 0.0474853 3.43509E-10
-0.00446046 0.0743409 3.4083E-10
0.01385 0.230834 3.30066E-10
-0.00615967 0.102661 3.484E-10
-0.000812989 0.0135498 3.52475E-10
-0.0030542 0.0509034 3.42639E-10
0.0138061 0.230102 3.4792E-10
-0.0016626 0.0277099 3.49854E-10
-0.000563965 0.00939942 3.43208E-10
0.00431397 0.0718994 3.4095E-10
-0.0134691 0.224486 3.34278E-10
0.000944824 0.0157471 3.50108E-10
0.00809326 0.134888 3.41328E-10
0.00284912 0.0474853 3.48906E-10
-0.00192626 0.0321044 3.39484E-10
-0.00198486 0.0330811 3.29476E-10
-0.0026294 0.0438233 3.50369E-10
-0.00446046 0.0743409 3.41142E-10
-0.000314942 0.00524903 3.42629E-10
0.00383058 0.0638429 3.41554E-10
0.00851806 0.141968 3.52613E-10
0.00573487 0.0955811 3.49045E-10
0.00598389 0.0997314 3.3574E-10
0.00129639 0.0216064 3.43456E-10
-0.00769776 0.128296 3.47672E-10
-0.0119604 0.19934 3.39978E-10
0.00284912 0.0474853 3.44088E-10
0.0072583 0.120972 3.41828E-10
-0.00331788 0.0552979 3.30668E-10
0.0168237 0.280396 3.49645E-10
0.0150952 0.251587 3.4184E-10
-0.0026294 0.0438233 3.40343E-10
0.00749268 0.124878 3.44313E-10
0.00416749 0.0694581 3.29362E-10
0.00224854 0.0374756 3.4079E-10
-0.00825438 0.137573 3.42315E-10
0.0054419 0.0906983 3.43335E-10
-0.00353761 0.0589601 3.50445E-10
-0.000563965 0.00939942 3.37033E-10
0.000666505 0.0111084 3.40691E-10
-5.12697E-05 0.000854496 3.49234E-10
0.00194092 0.0323486 3.50214E-10
0.00252685 0.0421142 3.39226E-10
0.00774169 0.129028 3.49671E-10
0.00560302 0.0933837 3.46825E-10
0.00552979 0.0921631 3.43629E-10
0.011272 0.187867 3.43075E-10
0.0163988 0.273314 3.40096E-10
0.0134545 0.224242 3.36638E-10
-0.0116822 0.194703 3.51416E-10
0.00393312 0.0655519 3.46131E-10
-0.00185303 0.0308838 3.40864E-10
0.00476807 0.0794678 3.47484E-10
0.00796143 0.13269 3.50642E-10
0.0124291 0.207152 3.42891E-10
-0.00176514 0.0294189 3.41257E-10
0.0062622 0.10437 3.45944E-10
-0.00853271 0.142212 3.39876E-10
-0.00482666 0.0804444 3.30915E-10
0.00771241 0.12854 3.47749E-10
-0.00494386 0.0823976 3.50995E-10
0.00823974 0.137329 3.40166E-10
-0.00615967 0.102661 3.42822E-10
-0.00364015 0.0606691 3.52725E-10
-0.00939697 0.156616 3.38883E-10
-0.0163988 0.273314 3.39654E-10
-0.00988037 0.164673 3.43752E-10
-0.00886962 0.147827 3.39604E-10
-0.00602784 0.100464 3.40435E-10
0.00258545 0.0430908 3.39872E-10
-0.00782959 0.130493 3.40467E-10
-0.000476075 0.00793458 3.49692E-10
-0.00229249 0.0382081 3.43212E-10
-0.00787354 0.131226 3.38306E-10
0.0101586 0.169311 3.40675E-10
-0.0066577 0.110962 3.48257E-10
0.00311279 0.0518799 3.32634E-10
0.00985107 0.164185 3.42392E-10
0.000505372 0.00842286 3.4239E-10
-0.00878173 0.146362 3.42978E-10
0.000109864 0.00183106 3.48472E-10
0.00517822 0.0863037 3.52191E-10
0.00224854 0.0374756 3.43226E-10
0.0102466 0.170777 3.52591E-10
-0.00317139 0.0528564 3.38692E-10
0.0050171 0.0836183 3.48986E-10
-0.000417481 0.00695803 3.41537E-10
-0.00289307 0.0482178 3.52702E-10
0.0125023 0.208372 3.40952E-10
0.00601318 0.10022 3.42424E-10
-0.0099243 0.165405 3.48165E-10
0.00796143 0.13269 3.49043E-10
0.000549317 0.00915528 3.43359E-10
-0.00299562 0.0499269 3.42547E-10
0.00752198 0.125366 3.4949E-10
-0.00391847 0.0653078 3.48924E-10
-0.00201417 0.0335694 3.51961E-10
0.00860596 0.143433 3.42887E-10
0.00131103 0.0218506 3.46971E-10
-0.00116455 0.0194092 3.39512E-10
0.00331788 0.0552979 3.49157E-10
0.00465089 0.0775148 3.52579E-10
-0.00308351 0.0513918 3.41793E-10
-0.00878173 0.146362 3.44417E-10
-0.00161865 0.0269775 3.35883E-10
0.000212403 0.00354005 3.42494E-10
-0.00925048 0.154175 3.43379E-10
0.0011792 0.0196533 3.39748E-10
-0.00513429 0.0855714 3.41175E-10
0.00756592 0.126099 3.5227E-10
0.00145751 0.0242919 3.43465E-10
-0.00158936 0.0264893 3.39452E-10
-0.00303956 0.0506593 3.44724E-10
0.00176514 0.0294189 3.48538E-10
0.00746339 0.12439 3.52402E-10
0.00418213 0.0697022 3.37697E-10
-0.009104 0.151733 3.49652E-10
0.00825438 0.137573 3.47325E-10
0.00460694 0.0767823 3.45197E-10
-0.00633546 0.105591 3.42668E-10
-0.00796143 0.13269 3.40478E-10
0.000256348 0.00427247 3.48103E-10
-0.00342042 0.0570069 3.52844E-10
0.00812255 0.135376 3.48047E-10
-0.00158936 0.0264893 3.43685E-10
0.0101879 0.169799 3.5331E-10
-0.0072876 0.12146 3.43959E-10
0.00347901 0.0579834 3.4896E-10
-0.00156005 0.0260009 3.42457E-10
0.00135498 0.0225831 3.42844E-10
-0.00560302 0.0933837 3.38158E-10
0.0073755 0.122925 3.53418E-10
0.00582277 0.0970461 3.49387E-10
-0.000446778 0.0074463 3.42043E-10
-0.00687744 0.114624 3.52457E-10
0.0111255 0.185425 3.38463E-10
-0.00457764 0.076294 3.52356E-10
0.00618897 0.103149 3.49085E-10
-0.00749268 0.124878 3.31519E-10
0.0067456 0.112427 3.43076E-10
-0.0021167 0.0352784 3.39918E-10
0.0050464 0.0841066 3.42899E-10
-0.00199952 0.0333253 3.45578E-10
0.00337647 0.0562746 3.50678E-10
-0.00227783 0.0379639 3.48552E-10
0.0081079 0.135132 3.5018E-10
0.0030542 0.0509034 3.41004E-10
-0.00812255 0.135376 3.50032E-10
-0.00293702 0.0489503 3.47882E-10
-0.00727296 0.121216 3.5008E-10
-0.00413818 0.0689697 3.48519E-10
-0.00268799 0.0447998 3.42037E-10
0.00336182 0.0560304 3.44265E-10
-0.00850342 0.141724 3.42814E-10
-0.00167724 0.0279541 3.4023E-10
-0.00788818 0.13147 3.4891E-10
-0.00551514 0.0919189 3.4021E-10
-0.00113525 0.0189209 3.34219E-10
-0.00385987 0.0643311 3.29645E-10
0.0136889 0.228149 3.43804E-10
0.00274659 0.0457764 3.4093E-10
0.000476075 0.00793458 3.32911E-10
-0.00550049 0.0916748 3.50207E-10
0.000930176 0.0155029 3.29187E-10
-0.000124513 0.00207521 3.42415E-10
0.0161792 0.269654 3.42323E-10
0.00503175 0.0838624 3.4842E-10
0.00321533 0.0535889 3.42498E-10
-0.00286376 0.0477294 3.3342E-10
0.00624756 0.104126 3.38742E-10
-0.0142601 0.237669 3.49408E-10
0.00236572 0.0394287 3.40702E-10
0.000373536 0.0062256 3.41762E-10
-0.000358888 0.00598146 3.53603E-10
-0.00712648 0.118775 3.50452E-10
-0.000300294 0.00500489 3.45277E-10
-0.00519286 0.0865477 3.47974E-10
-0.00154541 0.0257568 3.33191E-10
0.0125023 0.208372 3.42778E-10
-0.0302709 0.504515 3.45547E-10
0.00355225 0.0592042 3.41245E-10
