0.00617431 0.102905 6.94741E-11
-0.0160913 0.268188 6.92993E-11
-0.00602784 0.100464 6.9509E-11
0.0205297 0.342162 6.91075E-11
0.0087085 0.145142 6.88199E-11
0.0211303 0.352172 6.79584E-11
0.0440112 0.73352 6.86489E-11
0.0133519 0.222532 6.82944E-11
0.033684 0.561401 6.9589E-11
-0.00667235 0.111206 6.91002E-11
0.00954345 0.159058 6.94726E-11
-0.00104737 0.0174561 6.94127E-11
0.00872314 0.145386 6.92936E-11
-0.0176733 0.294555 6.78499E-11
-0.00676024 0.112671 6.95243E-11
-0.00390382 0.0650636 6.93933E-11
-0.00416749 0.0694581 6.91482E-11
0.00286376 0.0477294 6.9528E-11
-0.0182006 0.303344 6.92055E-11
0.0224341 0.373903 6.91115E-11
-0.0102905 0.171508 6.92597E-11
0.00421142 0.0701904 6.90462E-11
-0.00911865 0.151977 6.9275E-11
0.000329591 0.00549318 6.9226E-11
-0.0233276 0.388794 6.88927E-11
-0.0131323 0.218872 6.87069E-11
0.00569092 0.0948486 7.10602E-11
0.0132201 0.220335 6.96921E-11
-0.00221924 0.0369873 6.95503E-11
0.0319409 0.532348 6.72259E-11
0.0124291 0.207152 6.76869E-11
-0.013601 0.226683 6.94736E-11
0.00860596 0.143433 6.96007E-11
-0.00692139 0.115356 6.97053E-11
-0.000300294 0.00500489 6.95389E-11
-0.00533936 0.0889893 6.88014E-11
0.0179223 0.298704 6.85349E-11
0.0133959 0.223265 6.97848E-11
0.0252465 0.420776 6.81755E-11
0.00123779 0.0206298 6.93374E-11
-0.0249535 0.415892 6.87308E-11
0.0101733 0.169555 6.93448E-11
-0.0165307 0.275512 6.90095E-11
0.00233642 0.0389404 6.92477E-11
0.00135498 0.0225831 6.92148E-11
-0.00552979 0.0921631 6.92097E-11
-0.00270264 0.0450439 6.92416E-11
0.0087085 0.145142 6.94109E-11
-0.01385 0.230834 6.84442E-11
-0.00670165 0.111694 6.9617E-11
0.00652589 0.108765 6.94387E-11
-0.00859131 0.143188 6.92026E-11
-0.0232104 0.38684 6.85741E-11
0.0188305 0.313842 6.92463E-11
-0.0122387 0.203979 6.92266E-11
0.0054126 0.0902099 6.92734E-11
-0.00236572 0.0394287 6.8985E-11
0.0122534 0.204223 6.81344E-11
-0.0200611 0.334352 6.76846E-11
-0.0107446 0.179077 6.91031E-11
0.0119311 0.198852 6.90284E-11
0.000812989 0.0135498 6.93527E-11
0.0169115 0.281858 6.99737E-11
-0.000812989 0.0135498 6.83256E-11
-0.0203832 0.339721 6.94741E-11
0.00214601 0.0357668 6.84048E-11
-0.00487061 0.0811768 6.89522E-11
-0.00935303 0.155884 6.95271E-11
-0.00957275 0.159546 6.90521E-11
-0.00157471 0.0262451 6.91185E-11
0.00223389 0.0372314 6.91038E-11
0.0174243 0.290405 6.91993E-11
0.00727296 0.121216 6.93533E-11
0.0235327 0.392212 6.85255E-11
0.00630615 0.105103 6.93212E-11
0.0145825 0.243041 6.93534E-11
0.00491456 0.0819093 6.83787E-11
0.0166039 0.276732 6.93097E-11
-0.0125609 0.209349 6.84773E-11
-0.0298315 0.497192 6.94021E-11
-0.00944092 0.157349 6.73434E-11
-0.000739747 0.0123291 6.81698E-11
0.0100122 0.16687 6.9264E-11
0.0196802 0.328003 6.89289E-11
0.00226319 0.0377198 6.92511E-11
0.00756592 0.126099 6.97861E-11
0.000725098 0.012085 6.78704E-11
0.0189185 0.315308 6.71097E-11
-0.0192553 0.320922 6.85893E-11
0.0026001 0.0433349 6.89361E-11
0.00242432 0.0404054 6.92677E-11
-0.00347901 0.0579834 6.94531E-11
0.032102 0.535034 6.80657E-11
-0.0166772 0.277953 6.94481E-11
-0.0253344 0.42224 6.75939E-11
0.0080786 0.134643 6.8851E-11
0.00873779 0.14563 6.91647E-11
-0.00951416 0.158569 6.91607E-11
0.00749268 0.124878 6.91525E-11
-0.0151391 0.252319 6.88177E-11
-0.0150952 0.251587 6.94067E-11
0.00346436 0.0577393 6.91221E-11
-0.00416749 0.0694581 6.93799E-11
0.00759522 0.126587 6.94209E-11
0.00158936 0.0264893 6.95849E-11
0.00857665 0.142944 6.88066E-11
0.00652589 0.108765 6.91118E-11
0.021394 0.356567 7.0041E-11
0.0123266 0.205443 6.91701E-11
0.00216065 0.0360108 6.90485E-11
0.00194092 0.0323486 6.81075E-11
-0.00552979 0.0921631 6.95144E-11
-0.0185375 0.308959 6.90141E-11
-0.0136156 0.226928 6.98581E-11
-0.00892822 0.148804 6.90662E-11
0.00235108 0.0391846 6.96518E-11
-0.00176514 0.0294189 6.84756E-11
-0.000109864 0.00183106 6.93731E-11
-0.0114038 0.190063 6.93119E-11
-0.0313256 0.522093 6.86795E-11
-0.0191381 0.318969 6.88034E-11
-0.0332445 0.554076 7.04582E-11
0.00845946 0.140991 6.92737E-11
-0.00110596 0.0184326 6.91612E-11
0.00283447 0.0472412 6.82804E-11
0.00465089 0.0775148 6.90459E-11
-0.0090747 0.151245 7.0155E-11
0.0116528 0.194214 6.90899E-11
0.00163329 0.0272216 6.80431E-11
0.000856934 0.0142822 6.83334E-11
-0.0175122 0.29187 6.87596E-11
-0.0265795 0.442992 6.89835E-11
-0.0030542 0.0509034 6.94559E-11
0.00758057 0.126343 6.88387E-11
-0.0198706 0.331177 7.02645E-11
-0.00462159 0.0770264 6.94162E-11
-0.0026294 0.0438233 6.98364E-11
0.012766 0.212767 6.8977E-11
-0.00739014 0.123169 6.95989E-11
0.01656 0.276001 6.94268E-11
0.00730226 0.121704 7.01465E-11
-0.019812 0.3302 6.8515E-11
-0.0136156 0.226928 6.95309E-11
-0.000124513 0.00207521 6.94112E-11
0.0263745 0.439575 6.6839E-11
0.004021 0.0670166 6.9186E-11
0.00642336 0.107056 6.88624E-11
0.00079834 0.0133057 6.91738E-11
-0.0190209 0.317015 6.94294E-11
-0.019519 0.325317 6.82788E-11
-0.0269604 0.44934 6.84196E-11
-0.00860596 0.143433 6.89711E-11
-0.00547119 0.0911865 6.83173E-11
-0.0235327 0.392212 6.84986E-11
-0.0167066 0.278443 6.95962E-11
0.0223903 0.373171 6.80163E-11
-0.01281 0.2135 6.94675E-11
0.0146704 0.244507 6.88613E-11
0.0118871 0.198119 6.89126E-11
-0.00819579 0.136597 7.11675E-11
-0.0136449 0.227416 6.99197E-11
-0.0260375 0.433959 6.82175E-11
-0.0200024 0.333374 6.87145E-11
-2.19728E-05 0.000366213 6.77217E-11
0.0113745 0.189575 6.9076E-11
0.0167944 0.279907 6.86855E-11
-0.00419677 0.0699463 6.96475E-11
0.00267333 0.0445556 7.08535E-11
0.00236572 0.0394287 6.94891E-11
0.00495851 0.0826417 6.92311E-11
-0.00593995 0.0989991 6.82287E-11
0.0103198 0.171997 6.78672E-11
-0.0118578 0.197631 6.93488E-11
-0.0236792 0.394654 6.84553E-11
0.00714112 0.119019 6.86821E-11
-0.00970459 0.161743 6.88292E-11
0.00369873 0.0616456 6.93022E-11
0.00281982 0.0469971 6.88062E-11
-0.0177465 0.295776 6.89445E-11
-0.00667235 0.111206 6.82483E-11
-0.00150147 0.0250244 6.92167E-11
0.00908936 0.151489 6.93109E-11
0.00236572 0.0394287 6.87326E-11
0.00145751 0.0242919 6.98779E-11
0.0257592 0.42932 6.80227E-11
-0.00457764 0.076294 6.82404E-11
0.0104662 0.174437 6.85722E-11
-0.00062256 0.010376 7.08107E-11
0.0123558 0.205931 6.94754E-11
-0.00374268 0.062378 6.93071E-11
-0.00507569 0.0845948 6.90378E-11
-0.00526611 0.0877685 6.91085E-11
-0.00478271 0.0797119 6.94285E-11
-0.00557372 0.0928954 6.88897E-11
-0.0186401 0.310668 6.90066E-11
0.00079834 0.0133057 6.87853E-11
-0.00624756 0.104126 6.95848E-11
0.00383058 0.0638429 6.91286E-11
-0.0342699 0.571166 6.91355E-11
-0.00788818 0.13147 6.92653E-11
