0.0124437 0.207396 9.99799E-11
0.00321533 0.0535889 9.95131E-11
0.00706787 0.117798 9.95104E-11
-2.19728E-05 0.000366213 9.96589E-11
0.000739747 0.0123291 9.88482E-11
-0.0173803 0.289672 1.00875E-10
-0.000783692 0.0130615 1.02155E-10
-0.0148022 0.246703 9.81537E-11
-0.0119311 0.198852 1.00968E-10
-0.0059253 0.0987549 9.9766E-11
0.0067456 0.112427 9.80369E-11
-0.0031421 0.0523683 9.97369E-11
0.00607177 0.101196 1.00586E-10
0.0153295 0.255492 1.0047E-10
-0.00293702 0.0489503 9.99364E-11
-0.00942626 0.157104 9.94159E-11
-0.00230713 0.0384522 1.01591E-10
0.00409423 0.0682372 1.01022E-10
-0.0100122 0.16687 1.00431E-10
0.0186841 0.311401 1.00242E-10
0.019226 0.320433 1.00899E-10
0.00287842 0.0479736 1.00589E-10
0.00270264 0.0450439 1.00058E-10
0.00762452 0.127075 1.00186E-10
-0.0109936 0.183227 9.85822E-11
-0.00132569 0.0220948 9.96449E-11
0.0133959 0.223265 1.00951E-10
0.0141576 0.23596 1.00869E-10
-0.0119018 0.198364 1.0089E-10
-0.00911865 0.151977 1.0009E-10
0.0111987 0.186645 1.0054E-10
-0.0158129 0.263549 1.01762E-10
0.00681885 0.113647 1.0105E-10
-0.00318604 0.0531006 9.90239E-11
-0.00602784 0.100464 1.01157E-10
-0.00331788 0.0552979 1.00596E-10
0.00652589 0.108765 1.00597E-10
0.00831299 0.13855 1.0022E-10
0.007771 0.129517 1.00201E-10
0.0218482 0.364137 9.94694E-11
-0.0148461 0.247436 1.00546E-10
-0.00103272 0.0172119 1.01861E-10
0.00670165 0.111694 1.01936E-10
-0.0136449 0.227416 1.00962E-10
0.0150073 0.250122 9.77133E-11
0.00311279 0.0518799 9.86704E-11
0.004021 0.0670166 1.00887E-10
0.00593995 0.0989991 1.00471E-10
-0.0182153 0.303588 1.00296E-10
-0.00466554 0.0777589 9.89842E-11
0.0135424 0.225707 1.01003E-10
0.00274659 0.0457764 1.00992E-10
-0.0117846 0.19641 9.99365E-11
0.00673096 0.112183 9.83558E-11
0.00468018 0.078003 1.00667E-10
0.00277588 0.0462646 9.96622E-11
0.0076831 0.128052 1.0045E-10
0.00468018 0.078003 9.86299E-11
0.000812989 0.0135498 1.00825E-10
0.00990965 0.165161 9.86664E-11
-0.00602784 0.100464 1.00091E-10
-0.0120483 0.200805 1.01066E-10
-0.00448975 0.0748292 1.00439E-10
-0.0118871 0.198119 9.81494E-11
-0.0226246 0.377076 9.84717E-11
-0.00243897 0.0406496 9.89075E-11
0.0173217 0.288695 1.00213E-10
-0.00844482 0.140747 1.00375E-10
0.00432862 0.0721436 1.0016E-10
0.0175415 0.292357 1.01227E-10
0.00164795 0.0274658 1.01564E-10
0.00315674 0.0526123 1.00294E-10
-0.00693604 0.115601 9.96939E-11
-0.00649659 0.108276 1.00556E-10
0.0132494 0.220823 1.00677E-10
-0.0103051 0.171753 9.94822E-11
-0.00129639 0.0216064 9.96751E-11
-0.00344971 0.0574952 1.00111E-10
0.00574952 0.0958253 9.98312E-11
-0.0102173 0.170288 1.01113E-10
0.000549317 0.00915528 1.00769E-10
0.00180909 0.0301514 1.00773E-10
0.000563965 0.00939942 9.99783E-11
0.00422608 0.0704346 9.90388E-11
-0.00383058 0.0638429 9.98465E-11
0.00753662 0.12561 1.00619E-10
0.0117553 0.195922 1.00379E-10
0.00832763 0.138794 1.00705E-10
-0.0159009 0.265014 1.01227E-10
0.0123705 0.206175 1.00621E-10
-0.000988771 0.0164795 1.00631E-10
0.00838623 0.13977 9.95802E-11
-0.0138647 0.231079 9.98027E-11
-0.0110229 0.183715 1.00925E-10
0.000153809 0.00256348 1.00916E-10
-0.0107446 0.179077 9.95559E-11
0.018728 0.312134 1.00908E-10
-0.0190063 0.316772 1.01588E-10
-9.5215E-05 0.00158692 9.92764E-11
0.0133373 0.222288 9.97389E-11
-0.00574952 0.0958253 9.97149E-11
-0.00785888 0.130981 9.96367E-11
0.0130151 0.216918 9.75868E-11
-0.00385987 0.0643311 9.92914E-11
0.00610108 0.101685 9.98318E-11
0.00979248 0.163208 9.96136E-11
-0.00914795 0.152466 9.92982E-11
-0.00753662 0.12561 9.95422E-11
0.00700929 0.116821 1.00442E-10
0.00652589 0.108765 1.00456E-10
0.00164795 0.0274658 1.0002E-10
-0.0116675 0.194459 9.93505E-11
-0.00850342 0.141724 1.00444E-10
-0.0157837 0.263062 9.99297E-11
-0.0144213 0.240355 9.9504E-11
0.000959473 0.0159912 9.73453E-11
-0.00596923 0.0994872 9.93858E-11
-0.00617431 0.102905 9.95276E-11
-0.00976319 0.16272 1.01347E-10
-0.00485597 0.0809328 9.93373E-11
0.0136742 0.227904 1.00125E-10
-2.19728E-05 0.000366213 9.98681E-11
-0.00167724 0.0279541 1.00545E-10
0.000388184 0.00646973 9.86012E-11
0.0129858 0.21643 1.01622E-10
0.0142455 0.237425 1.00863E-10
-0.00224854 0.0374756 1.00552E-10
0.0125023 0.208372 9.86587E-11
0.00428467 0.0714112 1.01849E-10
-0.0160766 0.267944 1.00515E-10
-0.00573487 0.0955811 1.00274E-10
-0.0257592 0.42932 1.00084E-10
-0.0026294 0.0438233 9.97575E-11
-0.0067749 0.112915 9.89126E-11
0.00079834 0.0133057 9.9155E-11
-0.010232 0.170533 9.84452E-11
-0.0035962 0.0599367 9.94295E-11
-0.0142308 0.237181 9.99836E-11
-0.000285645 0.00476075 1.0155E-10
-0.0249389 0.415648 1.01088E-10
-0.0276782 0.461303 9.89479E-11
-0.0175268 0.292113 1.00527E-10
-0.00790284 0.131714 1.01106E-10
0.00834228 0.139038 1.01825E-10
0.0123851 0.206419 9.7647E-11
-0.00136964 0.0228273 9.80494E-11
-0.0288354 0.480591 9.94554E-11
-0.000681153 0.0113526 1.01288E-10
0.0241625 0.402709 9.97327E-11
-0.0110668 0.184447 9.97503E-11
-0.0226538 0.377563 9.92785E-11
0.0104076 0.17346 1.01686E-10
3.66213E-05 0.000610354 1.01794E-10
0.000856934 0.0142822 9.82626E-11
-0.00941162 0.15686 9.8659E-11
0.00718507 0.119751 9.82947E-11
-0.0117699 0.196166 9.97008E-11
-0.01281 0.2135 9.86743E-11
-0.00296631 0.0494386 1.00362E-10
-0.0111401 0.185668 1.00565E-10
-0.0280444 0.467407 1.00766E-10
-0.000886231 0.0147705 9.95731E-11
-0.00699463 0.116577 1.01756E-10
0.00676024 0.112671 1.00866E-10
0.00201417 0.0335694 1.0079E-10
-0.00758057 0.126343 9.97262E-11
-0.00977783 0.162964 1.01329E-10
0.0140258 0.233764 1.01965E-10
-0.0164135 0.273559 9.89706E-11
-0.0104222 0.173704 1.02108E-10
0.00999755 0.166626 1.00659E-10
-0.0160474 0.267457 9.95943E-11
-0.0213501 0.355835 9.83621E-11
-0.0124877 0.208128 9.92169E-11
-0.014348 0.239134 1.01752E-10
0.00506105 0.0843508 9.73777E-11
-0.000373536 0.0062256 1.01772E-10
-0.000754395 0.0125733 1.02018E-10
0.00306886 0.0511476 9.87702E-11
0.0146264 0.243773 1.01953E-10
-0.0035083 0.0584717 1.01825E-10
0.00731691 0.121948 1.01193E-10
-0.0138207 0.230346 1.00381E-10
0.00306886 0.0511476 1.00877E-10
0.0048999 0.0816651 9.84458E-11
0.0048999 0.0816651 1.01527E-10
-0.00434326 0.0723878 9.97362E-11
0.0156372 0.26062 9.88748E-11
-0.00949952 0.158325 1.00005E-10
0.0150659 0.251098 9.87008E-11
0.000666505 0.0111084 9.9205E-11
-0.0231811 0.386352 1.00456E-10
-0.0127807 0.213012 9.99766E-11
-0.012517 0.208617 1.00352E-10
0.0137475 0.229125 1.00074E-10
-0.00576416 0.0960694 9.94279E-11
-0.00614503 0.102417 1.00939E-10
-0.0135424 0.225707 1.00349E-10
-0.00646728 0.107788 9.88274E-11
0.0236499 0.394165 9.7523E-11
