0.00947022 0.157837 1.34377E-10
0.00980712 0.163452 1.3534E-10
0.000212403 0.00354005 1.35158E-10
-0.00658448 0.109741 1.33988E-10
-0.0126635 0.211058 1.36914E-10
-0.00646728 0.107788 1.35823E-10
-0.000593263 0.00988771 1.33932E-10
0.0195922 0.326537 1.35756E-10
-0.0191235 0.318724 1.34253E-10
0.00985107 0.164185 1.37007E-10
0.00106201 0.0177003 1.3284E-10
-0.000637208 0.0106201 1.35211E-10
0.0213061 0.355102 1.34194E-10
-0.0234302 0.390503 1.35852E-10
-6.59183E-05 0.00109864 1.33451E-10
0.00697999 0.116333 1.38083E-10
-9.5215E-05 0.00158692 1.36734E-10
0.0106127 0.176878 1.33776E-10
0.00221924 0.0369873 1.35712E-10
0.00287842 0.0479736 1.34464E-10
-0.0201782 0.336303 1.3475E-10
0.00198486 0.0330811 1.34411E-10
0.00668701 0.11145 1.33432E-10
-0.00585206 0.0975343 1.3438E-10
0.00794677 0.132446 1.36825E-10
0.0243237 0.405395 1.37876E-10
0.0054419 0.0906983 1.35143E-10
0.0173803 0.289672 1.35048E-10
0.0026294 0.0438233 1.36754E-10
-0.00202881 0.0338136 1.3513E-10
-0.00970459 0.161743 1.35418E-10
-0.00409423 0.0682372 1.36488E-10
0.0100268 0.167113 1.3339E-10
0.00746339 0.12439 1.36784E-10
-0.0228443 0.380738 1.3471E-10
-0.000930176 0.0155029 1.32968E-10
0.0112573 0.187622 1.34014E-10
0.00459228 0.0765381 1.32943E-10
-0.00561767 0.0936279 1.37974E-10
-0.00859131 0.143188 1.3839E-10
0.00170654 0.0284423 1.34975E-10
0.0176 0.293334 1.32986E-10
-0.0202367 0.337279 1.36866E-10
-0.00292237 0.0487061 1.35611E-10
-0.00611573 0.101929 1.37211E-10
0.0213647 0.356078 1.38396E-10
-0.00311279 0.0518799 1.32931E-10
0.015725 0.262084 1.35988E-10
-0.0110522 0.184203 1.36413E-10
-0.00308351 0.0513918 1.38166E-10
-0.0067456 0.112427 1.33848E-10
0.0106713 0.177855 1.34478E-10
0.00557372 0.0928954 1.33344E-10
0.017849 0.297484 1.35859E-10
-0.0117114 0.195191 1.37617E-10
0.00202881 0.0338136 1.37388E-10
-0.00561767 0.0936279 1.35575E-10
-0.00794677 0.132446 1.33972E-10
-0.000944824 0.0157471 1.33435E-10
0.0190209 0.317015 1.34479E-10
-0.000725098 0.012085 1.36407E-10
0.00437257 0.0728761 1.34083E-10
-0.00208742 0.0347903 1.36997E-10
-0.000461426 0.00769043 1.3449E-10
0.0105101 0.175169 1.36821E-10
0.0151098 0.251831 1.33164E-10
-0.0117846 0.19641 1.34888E-10
0.0105688 0.176147 1.36034E-10
0.0135864 0.226439 1.37025E-10
-0.0203979 0.339965 1.34253E-10
-0.00126709 0.0211181 1.33142E-10
0.0115064 0.191773 1.34045E-10
0.00424072 0.0706787 1.33331E-10
-0.00542725 0.0904541 1.3484E-10
0.00186768 0.0311279 1.33921E-10
0.00103272 0.0172119 1.34648E-10
-0.00999755 0.166626 1.36059E-10
-0.0199732 0.332887 1.3489E-10
0.00147217 0.0245361 1.34227E-10
-0.00762452 0.127075 1.33408E-10
0.00459228 0.0765381 1.36714E-10
-0.0194165 0.323608 1.35363E-10
0.0115503 0.192505 1.369E-10
0.00261474 0.0435791 1.36678E-10
-0.0116382 0.19397 1.33757E-10
-0.00923584 0.153931 1.34512E-10
-0.0137475 0.229125 1.37405E-10
0.00911865 0.151977 1.34408E-10
-0.00891357 0.14856 1.36714E-10
0.00199952 0.0333253 1.36564E-10
-0.00560302 0.0933837 1.37502E-10
0.0171606 0.28601 1.37473E-10
0.000578614 0.00964357 1.34772E-10
0.000168458 0.00280763 1.36337E-10
-0.00150147 0.0250244 1.3754E-10
0.00952881 0.158813 1.35684E-10
-0.00107666 0.0179443 1.3603E-10
-0.0142162 0.236937 1.36763E-10
-0.00756592 0.126099 1.37662E-10
0.0011792 0.0196533 1.32983E-10
0.00107666 0.0179443 1.36632E-10
0.00043213 0.00720217 1.35061E-10
-0.0137915 0.229858 1.34791E-10
-0.00509033 0.0848389 1.33975E-10
0.00829834 0.138306 1.36603E-10
0.00705322 0.117554 1.36338E-10
0.00164795 0.0274658 1.33901E-10
-0.00497315 0.0828858 1.37248E-10
-0.00346436 0.0577393 1.33166E-10
-0.00850342 0.141724 1.33599E-10
-0.0002417 0.00402833 1.33974E-10
0.0090454 0.150757 1.34927E-10
0.0152856 0.25476 1.34775E-10
0.00595459 0.0992432 1.37152E-10
0.0144799 0.241332 1.37526E-10
-0.00687744 0.114624 1.38064E-10
0.00236572 0.0394287 1.35035E-10
0.00733155 0.122193 1.37546E-10
0.00699463 0.116577 1.36366E-10
-0.0102612 0.17102 1.35646E-10
-0.00509033 0.0848389 1.32625E-10
0.00365479 0.0609132 1.33589E-10
-0.0103491 0.172485 1.34021E-10
0.00469482 0.0782471 1.34433E-10
-0.00176514 0.0294189 1.36672E-10
-0.0299633 0.499389 1.34255E-10
0.00422608 0.0704346 1.33222E-10
0.00369873 0.0616456 1.32979E-10
-0.00911865 0.151977 1.37791E-10
0.00406495 0.0677491 1.34862E-10
0.00377197 0.0628662 1.36108E-10
0.0135277 0.225463 1.35038E-10
0.0195922 0.326537 1.37576E-10
-0.00158936 0.0264893 1.35287E-10
-0.00646728 0.107788 1.37441E-10
-0.00607177 0.101196 1.36226E-10
-0.000856934 0.0142822 1.38398E-10
-0.00564698 0.0941163 1.36599E-10
-0.00949952 0.158325 1.36789E-10
0.00925048 0.154175 1.34372E-10
-0.00944092 0.157349 1.333E-10
-0.0158715 0.264526 1.3766E-10
0.0301684 0.502807 1.35094E-10
0.0066577 0.110962 1.37642E-10
0.00330322 0.0550537 1.35587E-10
0.00778564 0.129761 1.36328E-10
-0.00705322 0.117554 1.3705E-10
0.00879639 0.146606 1.33945E-10
-0.0111547 0.185913 1.33676E-10
-0.016809 0.280151 1.38111E-10
-0.0128246 0.213744 1.3355E-10
-0.0119604 0.19934 1.34748E-10
0.00352296 0.0587159 1.36084E-10
0.0128246 0.213744 1.36192E-10
0.0186108 0.31018 1.3462E-10
-0.010144 0.169067 1.3524E-10
-0.00321533 0.0535889 1.32948E-10
0.0179955 0.299926 1.33937E-10
0.0063501 0.105835 1.37822E-10
-0.0160913 0.268188 1.34588E-10
0.00446046 0.0743409 1.37861E-10
0.000769043 0.0128174 1.34679E-10
0.00901611 0.150269 1.33882E-10
0.0154174 0.256957 1.33212E-10
-0.00246826 0.0411377 1.35844E-10
0.00298097 0.0496828 1.34337E-10
0.0122827 0.204712 1.37507E-10
-0.00832763 0.138794 1.3595E-10
0.00648194 0.108032 1.3616E-10
0.000227051 0.00378418 1.33531E-10
-0.00175048 0.0291747 1.34113E-10
-0.025979 0.432983 1.37812E-10
0.00473877 0.0789796 1.35061E-10
0.0160913 0.268188 1.35459E-10
-0.00958741 0.15979 1.34911E-10
-0.00233642 0.0389404 1.37222E-10
0.0244701 0.407835 1.3481E-10
0.000666505 0.0111084 1.33731E-10
2.19728E-05 0.000366213 1.37305E-10
0.000563965 0.00939942 1.356E-10
-0.0139526 0.232543 1.35187E-10
0.00129639 0.0216064 1.33999E-10
-0.0059253 0.0987549 1.37234E-10
0.00741945 0.123657 1.33908E-10
-0.0102758 0.171264 1.35797E-10
-0.00785888 0.130981 1.34769E-10
-0.00175048 0.0291747 1.36065E-10
-0.00301026 0.0501711 1.35931E-10
-0.00982178 0.163696 1.3623E-10
-0.00344971 0.0574952 1.35915E-10
-0.0126342 0.21057 1.34406E-10
0.00872314 0.145386 1.3213E-10
-0.0186401 0.310668 1.35235E-10
0.00785888 0.130981 1.33289E-10
0.00758057 0.126343 1.34375E-10
-0.00646728 0.107788 1.35345E-10
0.0107446 0.179077 1.35714E-10
0.0163696 0.272827 1.33958E-10
-0.00487061 0.0811768 1.34067E-10
0.00346436 0.0577393 1.34653E-10
