-0.00517822 0.0863037 2.41407E-10
0.0131761 0.219603 2.44417E-10
0.00739014 0.123169 2.39306E-10
-0.00993895 0.165649 2.36923E-10
0.00284912 0.0474853 2.42765E-10
0.00472413 0.0787354 2.39989E-10
0.010144 0.169067 2.38563E-10
0.00369873 0.0616456 2.46633E-10
0.00624756 0.104126 2.40361E-10
0.00579347 0.0965578 2.4407E-10
0.0116968 0.194947 2.42872E-10
0.0030542 0.0509034 2.41349E-10
0.0103637 0.172728 2.43677E-10
-0.00752198 0.125366 2.35257E-10
0.0126488 0.210814 2.40406E-10
-0.000856934 0.0142822 2.46118E-10
0.00847412 0.141235 2.40568E-10
0.00400634 0.0667724 2.46536E-10
-0.00280518 0.0467529 2.4515E-10
-0.00138428 0.0230713 2.47118E-10
0.00971924 0.161987 2.39942E-10
-0.0131908 0.219847 2.49292E-10
-0.0167212 0.278687 2.46393E-10
-0.00951416 0.158569 2.42825E-10
-0.000227051 0.00378418 2.44745E-10
0.000769043 0.0128174 2.39224E-10
0.0199585 0.332643 2.45259E-10
-0.00583742 0.0972903 2.41606E-10
0.00342042 0.0570069 2.45145E-10
-0.00844482 0.140747 2.37842E-10
0.00615967 0.102661 2.47549E-10
0.00286376 0.0477294 2.45663E-10
0.0103637 0.172728 2.43412E-10
-0.0150219 0.250366 2.46008E-10
-0.00860596 0.143433 2.40348E-10
0.00071045 0.0118408 2.38488E-10
-0.001604 0.0267334 2.47309E-10
0.00708252 0.118042 2.41326E-10
0.00835693 0.139282 2.40616E-10
-0.00120849 0.0201416 2.41149E-10
-0.0026294 0.0438233 2.42865E-10
0.011521 0.192017 2.44755E-10
0.0118139 0.196898 2.44046E-10
-0.00898681 0.14978 2.39876E-10
0.00829834 0.138306 2.44911E-10
0.000139161 0.00231935 2.40295E-10
-0.00513429 0.0855714 2.45341E-10
-0.00680419 0.113403 2.40545E-10
-0.00942626 0.157104 2.39955E-10
0.00249756 0.0416259 2.4289E-10
-0.000988771 0.0164795 2.42309E-10
0.00296631 0.0494386 2.4855E-10
-0.00468018 0.078003 2.44717E-10
0.00922119 0.153687 2.43582E-10
-0.00466554 0.0777589 2.42575E-10
0.00929443 0.154907 2.40386E-10
0.00719972 0.119995 2.36691E-10
0.000153809 0.00256348 2.42879E-10
0.00230713 0.0384522 2.4371E-10
-0.00812255 0.135376 2.41442E-10
-0.00989501 0.164917 2.43857E-10
0.000607911 0.0101319 2.39962E-10
-0.0139379 0.232299 2.45056E-10
-0.00558837 0.0931396 2.42397E-10
-0.00998289 0.166381 2.42118E-10
0.00043213 0.00720217 2.425E-10
-0.00180909 0.0301514 2.42311E-10
0.000446778 0.0074463 2.4489E-10
0.000300294 0.00500489 2.40393E-10
-0.0107006 0.178343 2.4298E-10
0.00636475 0.106079 2.45272E-10
-0.00170654 0.0284423 2.39696E-10
-0.00233642 0.0389404 2.4452E-10
-0.0137475 0.229125 2.40838E-10
-0.0141576 0.23596 2.46884E-10
0.00475343 0.0792238 2.43408E-10
-0.000197755 0.00329592 2.45697E-10
0.0117114 0.195191 2.457E-10
0.0149634 0.249389 2.40886E-10
-0.00689209 0.114868 2.42248E-10
0.00555908 0.0926513 2.39538E-10
-0.0205297 0.342162 2.46797E-10
-0.00734619 0.122437 2.4526E-10
-0.00318604 0.0531006 2.43486E-10
-0.00161865 0.0269775 2.40529E-10
-0.0120336 0.200561 2.43019E-10
0.0150952 0.251587 2.42531E-10
-0.00509033 0.0848389 2.41188E-10
0.00815185 0.135864 2.39801E-10
0.00497315 0.0828858 2.43424E-10
0.00344971 0.0574952 2.41449E-10
0.0225805 0.376342 2.4457E-10
-0.00563233 0.0938721 2.43399E-10
-0.00881103 0.146851 2.46283E-10
-0.00208742 0.0347903 2.42134E-10
0.0109936 0.183227 2.42333E-10
0.0149634 0.249389 2.42454E-10
0.00722901 0.120484 2.41316E-10
0.0054419 0.0906983 2.42032E-10
0.00221924 0.0369873 2.43977E-10
-0.00189697 0.0316162 2.35846E-10
0.000886231 0.0147705 2.42791E-10
-0.0073755 0.122925 2.34942E-10
0.0133959 0.223265 2.42244E-10
-0.00265869 0.0443115 2.4494E-10
-0.00721437 0.120239 2.42431E-10
0.00930907 0.155151 2.43965E-10
-0.0076831 0.128052 2.43676E-10
-0.00258545 0.0430908 2.41188E-10
-0.00848876 0.141479 2.41463E-10
-0.0141429 0.235716 2.43927E-10
0.0144652 0.241087 2.40582E-10
0.00741945 0.123657 2.41148E-10
-0.00611573 0.101929 2.39125E-10
0.00617431 0.102905 2.3375E-10
0.00522216 0.0870361 2.43958E-10
-0.0049292 0.0821534 2.42965E-10
-0.00349366 0.0582276 2.41263E-10
-0.00287842 0.0479736 2.42087E-10
-0.0096753 0.161255 2.45121E-10
-0.00802002 0.133667 2.41593E-10
0.0202808 0.338012 2.44271E-10
0.0100122 0.16687 2.40174E-10
0.0193579 0.322632 2.38483E-10
-0.0179808 0.299681 2.45565E-10
-0.00377197 0.0628662 2.38027E-10
-0.013894 0.231567 2.42143E-10
-0.00580811 0.0968019 2.44265E-10
-0.00333253 0.0555421 2.43598E-10
0.00705322 0.117554 2.4366E-10
-0.00429931 0.0716553 2.4501E-10
6.59183E-05 0.00109864 2.39914E-10
0.004563 0.07605 2.42758E-10
-0.000988771 0.0164795 2.40455E-10
-0.00235108 0.0391846 2.45785E-10
0.00451906 0.0753176 2.41263E-10
-0.00340576 0.0567628 2.41747E-10
-0.00993895 0.165649 2.42978E-10
0.00138428 0.0230713 2.46283E-10
-0.00147217 0.0245361 2.39728E-10
-0.0123705 0.206175 2.4164E-10
0.00714112 0.119019 2.46118E-10
0.0149926 0.249878 2.47436E-10
-0.00941162 0.15686 2.38401E-10
-0.00156005 0.0260009 2.45236E-10
-0.0125609 0.209349 2.44744E-10
0.00371339 0.0618898 2.43901E-10
0.00194092 0.0323486 2.41678E-10
-0.012019 0.200317 2.43164E-10
-0.00787354 0.131226 2.42973E-10
0.00210206 0.0350343 2.42654E-10
-0.013059 0.217651 2.39504E-10
0.0025122 0.0418701 2.42677E-10
0.017688 0.294799 2.40425E-10
0.000563965 0.00939942 2.39419E-10
0.00583742 0.0972903 2.40409E-10
-0.00602784 0.100464 2.42065E-10
0.0052954 0.0882567 2.42864E-10
-0.010642 0.177367 2.45127E-10
-0.0165893 0.276488 2.45099E-10
0.00421142 0.0701904 2.4521E-10
-0.00897217 0.149536 2.43813E-10
0.00356691 0.0594484 2.38939E-10
0.000373536 0.0062256 2.44135E-10
-0.0150805 0.251343 2.43082E-10
0.00438721 0.0731202 2.40821E-10
-0.00302491 0.0504153 2.45258E-10
-0.00547119 0.0911865 2.44405E-10
-0.0246898 0.411498 2.41973E-10
0.00539795 0.0899658 2.41935E-10
-0.00750733 0.125122 2.44443E-10
0.00844482 0.140747 2.42624E-10
-0.00892822 0.148804 2.4423E-10
-0.00110596 0.0184326 2.43346E-10
0.0134985 0.224975 2.42386E-10
-0.020603 0.343383 2.46209E-10
0.00583742 0.0972903 2.41354E-10
0.00136964 0.0228273 2.44973E-10
-0.00221924 0.0369873 2.41864E-10
-0.00654053 0.109009 2.4125E-10
-0.00980712 0.163452 2.43214E-10
0.00476807 0.0794678 2.44151E-10
-0.0188598 0.314331 2.42238E-10
0.00242432 0.0404054 2.43109E-10
-0.0119165 0.198608 2.43043E-10
0.00845946 0.140991 2.41649E-10
-0.0111255 0.185425 2.41257E-10
-0.0102173 0.170288 2.47339E-10
0.0118139 0.196898 2.43154E-10
-0.00829834 0.138306 2.4195E-10
0.00514893 0.0858155 2.41431E-10
0.00388916 0.0648194 2.4319E-10
0.0105688 0.176147 2.41281E-10
-0.0145238 0.242064 2.39772E-10
-0.000886231 0.0147705 2.45185E-10
-0.00106201 0.0177003 2.44769E-10
-0.0197241 0.328735 2.42685E-10
-0.00199952 0.0333253 2.44415E-10
-0.00182373 0.0303956 2.39141E-10
0.0204272 0.340453 2.45645E-10
