-0.00188233 0.0313721 9.09076E-10
0.00563233 0.0938721 9.12856E-10
-0.0138794 0.231323 9.19009E-10
0.000124513 0.00207521 8.9774E-10
0.0144506 0.240843 8.80534E-10
-0.00261474 0.0435791 9.47965E-10
0.00227783 0.0379639 8.78241E-10
-0.010232 0.170533 8.98057E-10
0.0134985 0.224975 8.77227E-10
-0.00270264 0.0450439 8.77098E-10
-0.00913329 0.152222 8.9167E-10
0.00889893 0.148315 9.29001E-10
0.00281982 0.0469971 8.59194E-10
0.00280518 0.0467529 9.92768E-10
-0.00678955 0.113159 9.18861E-10
-0.000695801 0.0115967 9.10872E-10
0.00787354 0.131226 9.34546E-10
0.000168458 0.00280763 9.10311E-10
-0.00633546 0.105591 9.09892E-10
0.00759522 0.126587 8.98984E-10
0.00311279 0.0518799 9.18813E-10
-0.00944092 0.157349 9.62826E-10
-0.0111987 0.186645 8.77974E-10
0.0058667 0.0977783 9.05131E-10
0.00249756 0.0416259 9.07378E-10
0.0265795 0.442992 8.78498E-10
-0.00755127 0.125855 9.19716E-10
0.0205297 0.342162 8.67373E-10
0.00364015 0.0606691 8.972E-10
0.00841553 0.140259 9.0661E-10
-0.00217529 0.0362549 8.96861E-10
-0.00903076 0.150513 9.09176E-10
0.00131103 0.0218506 9.59269E-10
0.00175048 0.0291747 9.1513E-10
-0.0109497 0.182494 9.16969E-10
0.00128173 0.0213622 8.83337E-10
-0.000183106 0.00305178 9.42876E-10
0.0050464 0.0841066 8.70083E-10
0.0139673 0.232788 9.08351E-10
0.00816649 0.136108 9.03297E-10
0.00656982 0.109497 8.79234E-10
0.00201417 0.0335694 9.24687E-10
0.00194092 0.0323486 9.24733E-10
-0.0149926 0.249878 8.82105E-10
0.00662842 0.110474 8.59752E-10
-7.32425E-06 0.000122071 8.76813E-10
0.00226319 0.0377198 8.57321E-10
-0.0115796 0.192993 8.62609E-10
0.00613038 0.102173 8.8799E-10
-0.0142748 0.237914 8.8538E-10
0.00509033 0.0848389 8.87567E-10
0.00661377 0.110229 8.47577E-10
0.00951416 0.158569 8.84388E-10
0.00365479 0.0609132 9.26164E-10
-0.00435792 0.0726319 8.73468E-10
-0.00550049 0.0916748 9.05576E-10
-0.0130444 0.217407 8.59937E-10
-0.0127367 0.212279 9.08324E-10
-0.00569092 0.0948486 8.7767E-10
0.00126709 0.0211181 9.14512E-10
-0.0133519 0.222532 9.07162E-10
0.00552979 0.0921631 9.1508E-10
-0.0035962 0.0599367 8.86342E-10
0.00421142 0.0701904 9.34667E-10
-0.00378663 0.0631104 8.9576E-10
-0.00485597 0.0809328 8.78664E-10
0.000666505 0.0111084 9.03345E-10
-0.00343507 0.0572511 9.07716E-10
0.0133812 0.223021 8.8362E-10
0.00103272 0.0172119 9.24355E-10
-0.00749268 0.124878 8.87893E-10
-0.0143334 0.23889 8.78333E-10
0.00131103 0.0218506 9.61824E-10
0.0035962 0.0599367 8.64361E-10
0.00254151 0.0423584 9.10654E-10
0.00210206 0.0350343 8.6299E-10
0.00199952 0.0333253 9.46377E-10
0.00506105 0.0843508 9.4779E-10
0.000197755 0.00329592 8.88576E-10
-0.0119604 0.19934 9.04034E-10
-0.00180909 0.0301514 8.6744E-10
-0.00273194 0.0455323 9.52793E-10
0.00982178 0.163696 9.14669E-10
-0.00279053 0.0465088 8.48035E-10
0.0103198 0.171997 9.06187E-10
-0.00804931 0.134155 9.04294E-10
-0.00183839 0.0306398 9.06967E-10
0.00443115 0.0738526 9.2379E-10
0.0100561 0.167602 8.56907E-10
0.0030542 0.0509034 8.96514E-10
-0.0117553 0.195922 9.08438E-10
-0.00618897 0.103149 9.15595E-10
0.00254151 0.0423584 9.182E-10
0.00866454 0.144409 9.33903E-10
-0.00535401 0.0892334 8.83439E-10
0.0115943 0.193238 8.49986E-10
-0.004021 0.0670166 9.31901E-10
-0.00569092 0.0948486 9.22973E-10
0.0131761 0.219603 9.01382E-10
0.00284912 0.0474853 9.07698E-10
-0.0121801 0.203003 9.43591E-10
-0.00384522 0.064087 8.80567E-10
0.0101294 0.168823 9.07612E-10
0.00778564 0.129761 9.17709E-10
-0.00327392 0.0545654 9.09227E-10
-0.00103272 0.0172119 8.97246E-10
-0.0021167 0.0352784 9.22956E-10
0.00576416 0.0960694 8.93562E-10
0.0126928 0.211547 9.17497E-10
-0.00536865 0.0894775 9.09018E-10
-0.00847412 0.141235 9.26484E-10
0.00355225 0.0592042 9.22864E-10
0.00572021 0.0953369 9.37026E-10
0.000549317 0.00915528 9.4912E-10
-0.00374268 0.062378 9.01492E-10
0.00232177 0.0386963 8.78294E-10
0.00201417 0.0335694 8.79134E-10
0.000285645 0.00476075 9.23661E-10
0.00106201 0.0177003 8.86088E-10
0.0119165 0.198608 9.05983E-10
0.00886962 0.147827 8.93248E-10
-0.00979248 0.163208 9.42456E-10
-0.0156372 0.26062 9.26549E-10
-0.00762452 0.127075 8.91007E-10
-0.0260961 0.434936 8.95409E-10
-0.00179444 0.0299073 9.07482E-10
-0.00135498 0.0225831 9.23995E-10
0.00150147 0.0250244 9.05301E-10
0.00583742 0.0972903 9.07753E-10
0.00342042 0.0570069 9.12895E-10
0.00339112 0.0565187 8.78854E-10
0.0016919 0.0281983 9.06572E-10
-0.0101879 0.169799 8.87303E-10
0.000769043 0.0128174 8.68024E-10
-0.0104955 0.174925 8.88956E-10
0.00847412 0.141235 9.28018E-10
0.00280518 0.0467529 9.27757E-10
0.00866454 0.144409 9.02591E-10
-0.00103272 0.0172119 8.86622E-10
0.00784424 0.130737 9.07487E-10
0.00734619 0.122437 9.06597E-10
0.00826904 0.137817 9.10349E-10
-0.00627685 0.104614 9.55414E-10
-0.00334717 0.0557863 8.97814E-10
0.00388916 0.0648194 8.93971E-10
-0.00264405 0.0440674 9.24304E-10
0.000637208 0.0106201 8.75892E-10
-0.00336182 0.0560304 9.01042E-10
0.0147289 0.245482 8.68778E-10
0.0050464 0.0841066 9.16301E-10
-0.00847412 0.141235 9.48269E-10
-0.00235108 0.0391846 8.94936E-10
0.0166186 0.276977 8.87542E-10
0.00966064 0.161011 8.93348E-10
-0.00917725 0.152954 9.24907E-10
-0.00901611 0.150269 9.12572E-10
0.00139893 0.0233154 8.97316E-10
0.00139893 0.0233154 9.05948E-10
-0.00356691 0.0594484 8.64504E-10
0.00693604 0.115601 9.36586E-10
0.00202881 0.0338136 9.06407E-10
-0.000461426 0.00769043 9.16959E-10
-0.00223389 0.0372314 8.68238E-10
0.00232177 0.0386963 9.04002E-10
-0.000915527 0.0152588 9.12291E-10
-0.0021167 0.0352784 9.22136E-10
-0.00424072 0.0706787 9.07066E-10
-0.00261474 0.0435791 9.41373E-10
-0.00702393 0.117066 8.78034E-10
-0.00223389 0.0372314 9.01729E-10
-0.000285645 0.00476075 9.08237E-10
-0.00400634 0.0667724 8.95548E-10
0.0111694 0.186157 8.77152E-10
-0.0102905 0.171508 8.98718E-10
-0.000300294 0.00500489 8.88309E-10
-0.000959473 0.0159912 9.42982E-10
0.00574952 0.0958253 9.49593E-10
-0.000227051 0.00378418 8.82892E-10
3.66213E-05 0.000610354 8.78452E-10
-0.00785888 0.130981 9.28398E-10
0.00325927 0.0543213 8.77782E-10
-0.00476807 0.0794678 9.33495E-10
-0.00699463 0.116577 8.97546E-10
-0.000534668 0.00891113 9.10287E-10
-0.0123705 0.206175 9.36704E-10
-0.0119604 0.19934 9.54152E-10
-0.00528075 0.0880126 9.34936E-10
-0.0117992 0.196654 9.17952E-10
-0.00706787 0.117798 8.87611E-10
-0.00558837 0.0931396 9.28246E-10
0.000446778 0.0074463 9.27734E-10
0.00656982 0.109497 9.2509E-10
0.000490723 0.00817872 9.24873E-10
-0.0016919 0.0281983 9.34641E-10
-0.012019 0.200317 9.48762E-10
-0.00736085 0.122681 8.96003E-10
-0.0113891 0.189819 9.16983E-10
-0.00249756 0.0416259 9.02567E-10
0.0159741 0.266236 8.86862E-10
-0.0074048 0.123413 9.16077E-10
