-0.00984375 0.164062 9.35746E-11
0.00328125 0.0546875 9.43606E-11
-0.00515625 0.0859375 9.26547E-11
-0.0117188 0.195312 9.18117E-11
-0.00234375 0.0390625 9.28334E-11
0.0117188 0.195312 9.40833E-11
0.00609375 0.101563 9.17347E-11
-0.00328125 0.0546875 9.35413E-11
0.00046875 0.0078125 9.27028E-11
0.0107812 0.179688 9.34678E-11
-0.00046875 0.0078125 9.28307E-11
-0.00984375 0.164062 9.34821E-11
-0.00890625 0.148438 9.5033E-11
0.00046875 0.0078125 9.15383E-11
0.00234375 0.0390625 9.49514E-11
0.00421875 0.0703125 9.25227E-11
-0.00609375 0.101563 9.49198E-11
0.0135937 0.226562 9.34952E-11
0.00421875 0.0703125 9.41662E-11
0.00609375 0.101563 9.45596E-11
-0.00703125 0.117188 9.41768E-11
0.0107812 0.179688 9.25458E-11
0.0173437 0.289062 9.22764E-11
-0.00421875 0.0703125 9.44626E-11
-0.00703125 0.117188 9.24869E-11
0.00515625 0.0859375 9.28861E-11
-0.00515625 0.0859375 9.34042E-11
0.00421875 0.0703125 9.33996E-11
-0.0117188 0.195312 9.27642E-11
0.0220313 0.367188 9.14512E-11
0.0154687 0.257812 9.36319E-11
0.0173437 0.289062 9.21596E-11
-0.0192187 0.320312 9.46621E-11
-0.0267187 0.445312 9.48674E-11
0.00890625 0.148438 9.30426E-11
0.00609375 0.101563 9.06139E-11
-0.0154687 0.257812 9.38949E-11
-0.0210937 0.351562 9.37452E-11
-0.0135937 0.226562 9.21764E-11
0.0210937 0.351562 9.25497E-11
-0.00890625 0.148438 9.44559E-11
-0.0145312 0.242188 9.22068E-11
0.00046875 0.0078125 9.31205E-11
0.00703125 0.117188 9.36222E-11
-0.00609375 0.101563 9.40324E-11
0.0248437 0.414062 9.26376E-11
0.00421875 0.0703125 9.57234E-11
-0.00328125 0.0546875 9.20638E-11
0.00890625 0.148438 9.16682E-11
0.0107812 0.179688 9.41684E-11
-0.0201563 0.335938 9.39777E-11
-0.00234375 0.0390625 9.44966E-11
0.00046875 0.0078125 9.21601E-11
-0.00234375 0.0390625 9.34173E-11
0.0107812 0.179688 9.3722E-11
-0.0107812 0.179688 9.30842E-11
-0.00234375 0.0390625 9.32843E-11
0.00984375 0.164062 9.43374E-11
-0.00703125 0.117188 9.47393E-11
-0.0304687 0.507812 9.22603E-11
-0.00890625 0.148438 9.28029E-11
-0.0154687 0.257812 9.52028E-11
-0.00046875 0.0078125 9.33803E-11
0.0107812 0.179688 9.13982E-11
-0.0145312 0.242188 9.61098E-11
0.00421875 0.0703125 9.28342E-11
-0.0107812 0.179688 9.39097E-11
0.00328125 0.0546875 9.221E-11
0.00328125 0.0546875 9.31199E-11
0.00234375 0.0390625 9.06699E-11
-0.0117188 0.195312 9.4355E-11
-0.00234375 0.0390625 9.34313E-11
0.00515625 0.0859375 9.23754E-11
-0.00515625 0.0859375 9.41295E-11
0.00328125 0.0546875 9.36221E-11
-0.00234375 0.0390625 9.41407E-11
0.00703125 0.117188 9.06661E-11
-0.00421875 0.0703125 9.16235E-11
0.0107812 0.179688 9.35566E-11
-0.00046875 0.0078125 9.16063E-11
-0.0145312 0.242188 9.31844E-11
0.00890625 0.148438 9.3608E-11
-0.00890625 0.148438 9.42861E-11
-0.00796875 0.132812 9.29908E-11
-0.0192187 0.320312 9.49978E-11
-0.00421875 0.0703125 9.34089E-11
-0.0182812 0.304688 9.43237E-11
-0.00046875 0.0078125 9.14379E-11
-0.00140625 0.0234375 9.37822E-11
0.00796875 0.132812 9.30736E-11
-0.00140625 0.0234375 9.18669E-11
-0.00609375 0.101563 9.47273E-11
-0.00046875 0.0078125 9.17894E-11
-0.00421875 0.0703125 9.34823E-11
0.00984375 0.164062 9.30189E-11
-0.00046875 0.0078125 9.32139E-11
-0.00703125 0.117188 9.35334E-11
-0.00046875 0.0078125 9.41559E-11
-0.00140625 0.0234375 9.34232E-11
-0.00515625 0.0859375 9.08534E-11
-0.00328125 0.0546875 9.40073E-11
0.0164062 0.273437 9.31435E-11
-0.0239062 0.398437 9.34655E-11
0.0126562 0.210938 9.31533E-11
-0.00328125 0.0546875 9.48973E-11
-0.00515625 0.0859375 9.36469E-11
-0.00703125 0.117188 9.42967E-11
0.0126562 0.210938 9.22593E-11
0.00890625 0.148438 9.4648E-11
0.00140625 0.0234375 9.35561E-11
0.0135937 0.226562 9.31655E-11
0.00140625 0.0234375 9.03892E-11
-0.0248437 0.414062 9.53058E-11
0.0107812 0.179688 9.41155E-11
0.00796875 0.132812 9.1299E-11
0.00984375 0.164062 9.30303E-11
-0.0201563 0.335938 9.60742E-11
-0.0135937 0.226562 9.48723E-11
-0.00890625 0.148438 9.17779E-11
-0.00140625 0.0234375 9.46016E-11
0.0285937 0.476562 9.44561E-11
0.0145312 0.242188 9.4847E-11
-0.00703125 0.117188 9.34964E-11
-0.0285937 0.476562 9.6663E-11
-0.0164062 0.273437 9.25814E-11
0.0173437 0.289062 9.27047E-11
0.00421875 0.0703125 9.52931E-11
0.0107812 0.179688 9.35327E-11
0.00984375 0.164062 9.32765E-11
-0.0135937 0.226562 9.35981E-11
-0.0107812 0.179688 9.23123E-11
0.00234375 0.0390625 9.52516E-11
-0.00703125 0.117188 9.19462E-11
0.00140625 0.0234375 9.21498E-11
0.00140625 0.0234375 9.50227E-11
-0.00796875 0.132812 9.45532E-11
-0.00890625 0.148438 9.46316E-11
0.00515625 0.0859375 9.30469E-11
0.00703125 0.117188 9.38394E-11
0.00515625 0.0859375 9.10626E-11
0.0192187 0.320312 9.37009E-11
0.00890625 0.148438 9.37447E-11
-0.00703125 0.117188 9.29346E-11
0.00609375 0.101563 9.40728E-11
0.0117188 0.195312 9.3941E-11
0.00046875 0.0078125 9.39427E-11
0.00046875 0.0078125 9.39031E-11
-0.00421875 0.0703125 9.33636E-11
-0.0154687 0.257812 9.48713E-11
0.00609375 0.101563 9.37784E-11
-0.00890625 0.148438 9.37266E-11
-0.0210937 0.351562 9.3759E-11
0.0182812 0.304688 9.35199E-11
0.0126562 0.210938 9.25326E-11
0.0145312 0.242188 9.25037E-11
-0.0229688 0.382813 9.29504E-11
-0.0229688 0.382813 9.64818E-11
0.0126562 0.210938 9.32804E-11
-0.00703125 0.117188 9.31939E-11
-0.0117188 0.195312 9.48839E-11
0.0107812 0.179688 9.28914E-11
-0.0257812 0.429688 9.48737E-11
-0.00703125 0.117188 9.39755E-11
0.00609375 0.101563 9.39878E-11
-0.0135937 0.226562 9.35532E-11
0.00984375 0.164062 9.09339E-11
-0.00046875 0.0078125 9.45547E-11
-0.00796875 0.132812 9.46717E-11
0.00515625 0.0859375 9.31836E-11
-0.0154687 0.257812 9.32937E-11
-0.00140625 0.0234375 9.41297E-11
-0.00234375 0.0390625 9.36368E-11
-0.00890625 0.148438 9.3072E-11
-0.00328125 0.0546875 9.47334E-11
-0.00984375 0.164062 9.49555E-11
0.00703125 0.117188 9.33923E-11
-0.00234375 0.0390625 9.44758E-11
0.00796875 0.132812 9.4199E-11
0.00421875 0.0703125 9.31407E-11
0.0107812 0.179688 9.17182E-11
-0.0220313 0.367188 9.34912E-11
-0.00890625 0.148438 9.25197E-11
0.0154687 0.257812 9.27744E-11
-0.00890625 0.148438 9.30355E-11
0.00234375 0.0390625 9.31638E-11
0.00515625 0.0859375 9.49237E-11
-0.00890625 0.148438 9.45778E-11
0.00234375 0.0390625 9.28602E-11
0.00234375 0.0390625 9.26416E-11
-0.00234375 0.0390625 9.41873E-11
-0.0192187 0.320312 9.47997E-11
-0.00328125 0.0546875 9.45339E-11
-0.00328125 0.0546875 9.25903E-11
-0.0182812 0.304688 9.53267E-11
0.0107812 0.179688 9.35655E-11
-0.00421875 0.0703125 9.23704E-11
0.00234375 0.0390625 9.26825E-11
0.0257812 0.429688 9.41168E-11
0.00515625 0.0859375 9.55395E-11
0.0304687 0.507812 9.11979E-11
