-0.00234375 0.0390625 1.04422E-10
-0.0285937 0.476562 1.04365E-10
-0.00984375 0.164062 1.057E-10
-0.00421875 0.0703125 1.07707E-10
-0.00796875 0.132812 1.03824E-10
-0.00234375 0.0390625 1.04995E-10
-0.00796875 0.132812 1.06707E-10
-0.00796875 0.132812 1.07106E-10
-0.00140625 0.0234375 1.04052E-10
-0.00046875 0.0078125 1.0568E-10
0.00046875 0.0078125 1.07597E-10
-0.00234375 0.0390625 1.04649E-10
-0.00890625 0.148438 1.06578E-10
-0.0135937 0.226562 1.0427E-10
0.00796875 0.132812 1.05396E-10
-0.00328125 0.0546875 1.06417E-10
0.00609375 0.101563 1.069E-10
0.00234375 0.0390625 1.07372E-10
0.0182812 0.304688 1.06068E-10
0.00421875 0.0703125 1.06953E-10
-0.0135937 0.226562 1.044E-10
0.00890625 0.148438 1.06326E-10
0.00796875 0.132812 1.07384E-10
0.00703125 0.117188 1.07546E-10
0.00046875 0.0078125 1.07667E-10
-0.0164062 0.273437 1.07829E-10
-0.0154687 0.257812 1.07431E-10
0.00609375 0.101563 1.06336E-10
-0.00046875 0.0078125 1.07857E-10
0.00796875 0.132812 1.04783E-10
0.0164062 0.273437 1.06218E-10
0.00328125 0.0546875 1.07821E-10
0.00046875 0.0078125 1.02888E-10
-0.00796875 0.132812 1.04505E-10
-0.00421875 0.0703125 1.0932E-10
-0.00046875 0.0078125 1.04719E-10
-0.00796875 0.132812 1.06003E-10
0.00328125 0.0546875 1.05999E-10
0.00140625 0.0234375 1.0729E-10
-0.0248437 0.414062 1.04428E-10
-0.00703125 0.117188 1.06234E-10
-0.00140625 0.0234375 1.05157E-10
0.00421875 0.0703125 1.08048E-10
-0.0257812 0.429688 1.07442E-10
-0.00234375 0.0390625 1.06399E-10
-0.00796875 0.132812 1.04376E-10
0.00421875 0.0703125 1.05907E-10
-0.00328125 0.0546875 1.0448E-10
0.00046875 0.0078125 1.07642E-10
-0.0117188 0.195312 1.07173E-10
0.00046875 0.0078125 1.07462E-10
-0.00140625 0.0234375 1.06355E-10
-0.00234375 0.0390625 1.04863E-10
0.0117188 0.195312 1.03745E-10
-0.00609375 0.101563 1.04488E-10
-0.00046875 0.0078125 1.04323E-10
-0.00984375 0.164062 1.07975E-10
-0.00234375 0.0390625 1.05379E-10
-0.0135937 0.226562 1.07485E-10
-0.00328125 0.0546875 1.06463E-10
0.00234375 0.0390625 1.06784E-10
0.00984375 0.164062 1.07198E-10
0.00703125 0.117188 1.05981E-10
-0.0117188 0.195312 1.05515E-10
-0.00234375 0.0390625 1.0681E-10
-0.00234375 0.0390625 1.04746E-10
0.00796875 0.132812 1.04547E-10
0.0117188 0.195312 1.02308E-10
0.00796875 0.132812 1.0377E-10
-0.00515625 0.0859375 1.07254E-10
-0.00515625 0.0859375 1.04504E-10
0.00515625 0.0859375 1.08078E-10
-0.00796875 0.132812 1.06678E-10
-0.0154687 0.257812 1.06585E-10
0.0210937 0.351562 1.05218E-10
-0.00984375 0.164062 1.05137E-10
0.00234375 0.0390625 1.0364E-10
-0.00328125 0.0546875 1.04989E-10
0.00984375 0.164062 1.04848E-10
-0.00796875 0.132812 1.08057E-10
0.0285937 0.476562 1.02447E-10
0.00046875 0.0078125 1.06115E-10
0.00421875 0.0703125 1.08798E-10
-0.00984375 0.164062 1.07869E-10
0.0107812 0.179688 1.04198E-10
0.0220313 0.367188 1.03451E-10
-0.0126562 0.210938 1.08545E-10
0.00796875 0.132812 1.03868E-10
0.0107812 0.179688 1.05794E-10
-0.00421875 0.0703125 1.06833E-10
0.0173437 0.289062 1.03905E-10
0.0117188 0.195312 1.04355E-10
0.0117188 0.195312 1.03197E-10
-0.0135937 0.226562 1.04421E-10
0.00984375 0.164062 1.06915E-10
0.00234375 0.0390625 1.04259E-10
0.00890625 0.148438 1.04504E-10
-0.0164062 0.273437 1.09339E-10
-0.00796875 0.132812 1.06652E-10
0.00234375 0.0390625 1.07643E-10
0.00796875 0.132812 1.06856E-10
0.00984375 0.164062 1.03714E-10
-0.0135937 0.226562 1.07735E-10
0.0164062 0.273437 1.04954E-10
0.0154687 0.257812 1.07033E-10
0.00046875 0.0078125 1.06637E-10
0.00234375 0.0390625 1.07717E-10
0.00234375 0.0390625 1.07789E-10
0.0135937 0.226562 1.03887E-10
-0.00515625 0.0859375 1.0597E-10
0.00421875 0.0703125 1.05366E-10
-0.0107812 0.179688 1.03328E-10
0.00421875 0.0703125 1.05802E-10
-0.0107812 0.179688 1.07496E-10
-0.0220313 0.367188 1.0709E-10
0.00984375 0.164062 1.05941E-10
0.00515625 0.0859375 1.05936E-10
-0.00703125 0.117188 1.03836E-10
-0.0182812 0.304688 1.06599E-10
-0.00796875 0.132812 1.04734E-10
0.00890625 0.148438 1.04204E-10
0.00140625 0.0234375 1.07404E-10
0.00984375 0.164062 1.07137E-10
0.00515625 0.0859375 1.07879E-10
-0.0117188 0.195312 1.07624E-10
-0.00515625 0.0859375 1.06592E-10
0.0164062 0.273437 1.03981E-10
-0.0117188 0.195312 1.07114E-10
-0.0107812 0.179688 1.06515E-10
-0.00796875 0.132812 1.04406E-10
0.00234375 0.0390625 1.03838E-10
-0.00703125 0.117188 1.07859E-10
-0.00890625 0.148438 1.08018E-10
-0.00234375 0.0390625 1.07112E-10
-0.00046875 0.0078125 1.0462E-10
-0.00703125 0.117188 1.04705E-10
0.00609375 0.101563 1.04526E-10
0.0135937 0.226562 1.06866E-10
-0.00046875 0.0078125 1.06447E-10
0.00046875 0.0078125 1.04833E-10
-0.0117188 0.195312 1.07517E-10
0.0154687 0.257812 1.0645E-10
0.00890625 0.148438 1.04898E-10
0.0107812 0.179688 1.03514E-10
-0.0201563 0.335938 1.07896E-10
-0.00421875 0.0703125 1.03972E-10
0.0164062 0.273437 1.03673E-10
-0.00234375 0.0390625 1.07219E-10
-0.0117188 0.195312 1.07386E-10
0.00703125 0.117188 1.05295E-10
-0.0135937 0.226562 1.05744E-10
-0.00515625 0.0859375 1.04256E-10
-0.0135937 0.226562 1.07954E-10
0.0164062 0.273437 1.07927E-10
0.00515625 0.0859375 1.06617E-10
-0.0154687 0.257812 1.07859E-10
-0.00046875 0.0078125 1.05866E-10
-0.00421875 0.0703125 1.07656E-10
0.00796875 0.132812 1.05466E-10
0.0107812 0.179688 1.04027E-10
-0.00796875 0.132812 1.0631E-10
0.00328125 0.0546875 1.06941E-10
-0.00328125 0.0546875 1.03363E-10
0.0182812 0.304688 1.06944E-10
0.00609375 0.101563 1.08034E-10
-0.0117188 0.195312 1.08153E-10
-0.00046875 0.0078125 1.07519E-10
0.00421875 0.0703125 1.09313E-10
0.0154687 0.257812 1.07472E-10
-0.00515625 0.0859375 1.0468E-10
0.0117188 0.195312 1.04184E-10
0.0117188 0.195312 1.04541E-10
0.0239062 0.398437 1.0551E-10
-0.00234375 0.0390625 1.07966E-10
0.0257812 0.429688 1.06296E-10
-0.00515625 0.0859375 1.03741E-10
-0.0107812 0.179688 1.04937E-10
-0.00421875 0.0703125 1.08023E-10
0.0145312 0.242188 1.07609E-10
-0.00421875 0.0703125 1.03909E-10
-0.00609375 0.101563 1.08153E-10
-0.0145312 0.242188 1.07626E-10
-0.00421875 0.0703125 1.07636E-10
-0.0304687 0.507812 1.06729E-10
-0.00609375 0.101563 1.07602E-10
0.00515625 0.0859375 1.04659E-10
-0.00234375 0.0390625 1.07684E-10
0.00515625 0.0859375 1.06427E-10
0.00046875 0.0078125 1.05921E-10
-0.00984375 0.164062 1.04708E-10
-0.00140625 0.0234375 1.04735E-10
0.0135937 0.226562 1.07221E-10
0.00984375 0.164062 1.04935E-10
0.00890625 0.148438 1.06462E-10
0.00796875 0.132812 1.0454E-10
0.0135937 0.226562 1.04549E-10
-0.0276563 0.460938 1.07439E-10
0.00890625 0.148438 1.06825E-10
0.00515625 0.0859375 1.07365E-10
0.00609375 0.101563 1.0589E-10
