0.00890625 0.148438 3.70462E-10
0.00609375 0.101563 3.83519E-10
0.0107812 0.179688 3.68387E-10
-0.0135937 0.226562 3.59373E-10
-0.0135937 0.226562 3.71774E-10
0.00609375 0.101563 3.82996E-10
0.00421875 0.0703125 3.75105E-10
0.00234375 0.0390625 3.71819E-10
-0.00234375 0.0390625 3.88315E-10
-0.00140625 0.0234375 3.70804E-10
0.00515625 0.0859375 3.71348E-10
0.0107812 0.179688 3.8289E-10
-0.00234375 0.0390625 3.70113E-10
-0.00515625 0.0859375 3.80656E-10
-0.0201563 0.335938 3.94658E-10
-0.00328125 0.0546875 4.02148E-10
0.00328125 0.0546875 3.84831E-10
0.0164062 0.273437 3.91304E-10
0.00328125 0.0546875 3.71618E-10
0.0107812 0.179688 3.73208E-10
0.00328125 0.0546875 3.80669E-10
0.0107812 0.179688 3.76282E-10
0.00328125 0.0546875 3.88921E-10
0.00890625 0.148438 3.7225E-10
-0.00140625 0.0234375 3.73214E-10
-0.00140625 0.0234375 3.90353E-10
-0.0107812 0.179688 3.71956E-10
-0.00234375 0.0390625 3.7211E-10
0.0117188 0.195312 3.74268E-10
-0.00421875 0.0703125 3.96053E-10
-0.0107812 0.179688 3.74014E-10
-0.00890625 0.148438 3.83508E-10
0.00515625 0.0859375 3.8453E-10
0.00609375 0.101563 3.71286E-10
-0.00421875 0.0703125 3.82541E-10
-0.00515625 0.0859375 3.89068E-10
0.00796875 0.132812 3.78608E-10
-0.0126562 0.210938 3.79474E-10
0.0126562 0.210938 3.71315E-10
0.00609375 0.101563 4.04083E-10
-0.0135937 0.226562 3.64925E-10
0.0117188 0.195312 3.60778E-10
0.0145312 0.242188 3.98337E-10
0.00703125 0.117188 3.90653E-10
0.00609375 0.101563 3.68085E-10
0.00140625 0.0234375 3.887E-10
0.00140625 0.0234375 3.72287E-10
0.00890625 0.148438 3.78192E-10
0.00703125 0.117188 3.75925E-10
-0.00046875 0.0078125 3.70043E-10
0.00984375 0.164062 3.83378E-10
-0.00140625 0.0234375 3.82674E-10
0.00890625 0.148438 3.67331E-10
0.0117188 0.195312 3.77173E-10
-0.00328125 0.0546875 3.84876E-10
-0.00703125 0.117188 3.83251E-10
0.00328125 0.0546875 3.83036E-10
0.00046875 0.0078125 3.91412E-10
-0.00328125 0.0546875 3.97365E-10
-0.00515625 0.0859375 3.78227E-10
-0.0145312 0.242188 3.71935E-10
-0.00890625 0.148438 3.70269E-10
-0.00515625 0.0859375 3.78573E-10
0.00046875 0.0078125 3.91602E-10
0.0201563 0.335938 3.7853E-10
-0.00515625 0.0859375 3.83996E-10
-0.00140625 0.0234375 3.72781E-10
0.00515625 0.0859375 3.82018E-10
0.00421875 0.0703125 3.85046E-10
-0.00703125 0.117188 3.84003E-10
0.00328125 0.0546875 3.81462E-10
-0.00234375 0.0390625 3.60532E-10
-0.00515625 0.0859375 3.77945E-10
0.0107812 0.179688 3.69344E-10
-0.0107812 0.179688 3.98061E-10
0.00890625 0.148438 3.7171E-10
-0.0164062 0.273437 3.7063E-10
-0.0117188 0.195312 3.93367E-10
-0.00515625 0.0859375 3.67572E-10
0.00796875 0.132812 3.66029E-10
-0.00796875 0.132812 3.85742E-10
-0.00890625 0.148438 3.79169E-10
-0.00703125 0.117188 3.79538E-10
0.00234375 0.0390625 3.78296E-10
0.0117188 0.195312 3.69513E-10
0.00796875 0.132812 3.75038E-10
0.00984375 0.164062 3.73022E-10
-0.0154687 0.257812 3.81841E-10
0.00234375 0.0390625 3.80456E-10
0.00328125 0.0546875 3.79482E-10
0.00515625 0.0859375 3.78625E-10
-0.00515625 0.0859375 3.80099E-10
-0.0117188 0.195312 3.71084E-10
0.0145312 0.242188 3.70245E-10
0.0210937 0.351562 3.82019E-10
-0.00328125 0.0546875 3.8453E-10
0.00421875 0.0703125 3.79043E-10
0.0126562 0.210938 3.91914E-10
-0.00328125 0.0546875 3.87973E-10
-0.00515625 0.0859375 3.74775E-10
0.00890625 0.148438 3.84671E-10
-0.00515625 0.0859375 3.92437E-10
0.00328125 0.0546875 3.80015E-10
0.00046875 0.0078125 3.9277E-10
0.00609375 0.101563 3.82175E-10
0.00328125 0.0546875 3.71768E-10
0.00140625 0.0234375 3.78412E-10
-0.00046875 0.0078125 3.984E-10
-0.0182812 0.304688 3.71631E-10
0.0164062 0.273437 3.78007E-10
-0.00421875 0.0703125 3.82165E-10
0.00234375 0.0390625 3.79704E-10
-0.00703125 0.117188 3.62082E-10
0.00046875 0.0078125 3.69894E-10
0.00984375 0.164062 3.86766E-10
0.0107812 0.179688 3.94023E-10
0.00140625 0.0234375 3.72236E-10
0.0220313 0.367188 3.82417E-10
0.00046875 0.0078125 3.72698E-10
0.0117188 0.195312 3.59263E-10
0.00703125 0.117188 3.8994E-10
0.00515625 0.0859375 3.83774E-10
-0.0117188 0.195312 3.81208E-10
0.00328125 0.0546875 3.8167E-10
0.00796875 0.132812 3.86815E-10
0.00421875 0.0703125 3.7279E-10
-0.0164062 0.273437 3.84434E-10
0.00515625 0.0859375 3.81065E-10
-0.0210937 0.351562 3.63505E-10
-0.00609375 0.101563 3.70591E-10
-0.00046875 0.0078125 3.9402E-10
-0.0117188 0.195312 3.91401E-10
0.00609375 0.101563 3.70338E-10
-0.0117188 0.195312 3.84632E-10
0.00703125 0.117188 3.84214E-10
0.0229688 0.382813 3.9373E-10
-0.00140625 0.0234375 3.8158E-10
-0.0210937 0.351562 3.81417E-10
-0.00703125 0.117188 3.62353E-10
0.00609375 0.101563 3.91607E-10
-0.00328125 0.0546875 3.66614E-10
-0.0145312 0.242188 3.78212E-10
-0.0154687 0.257812 3.70582E-10
0.00046875 0.0078125 3.9022E-10
-0.00890625 0.148438 3.79514E-10
-0.00609375 0.101563 3.74858E-10
-0.0126562 0.210938 3.79291E-10
0.00609375 0.101563 3.93069E-10
-0.00328125 0.0546875 3.81165E-10
-0.00703125 0.117188 3.82493E-10
0.0107812 0.179688 3.72547E-10
-0.0135937 0.226562 3.92884E-10
-0.00328125 0.0546875 3.77955E-10
-0.00609375 0.101563 3.88451E-10
-0.00046875 0.0078125 3.82732E-10
0.0182812 0.304688 3.69625E-10
0.0135937 0.226562 3.8326E-10
0.0145312 0.242188 3.81107E-10
-0.00609375 0.101563 3.79306E-10
0.00515625 0.0859375 3.84047E-10
-0.00234375 0.0390625 3.84735E-10
0.0117188 0.195312 3.92055E-10
0.00890625 0.148438 3.91106E-10
0.00421875 0.0703125 3.82407E-10
-0.0107812 0.179688 3.69851E-10
-0.00140625 0.0234375 3.71827E-10
0.0107812 0.179688 3.8049E-10
-0.00046875 0.0078125 3.73535E-10
0.00609375 0.101563 3.91588E-10
0.0192187 0.320312 3.8262E-10
0.00796875 0.132812 3.78229E-10
-0.0173437 0.289062 3.70733E-10
0.00234375 0.0390625 3.75524E-10
0.00421875 0.0703125 3.75774E-10
0.0126562 0.210938 3.88657E-10
0.00234375 0.0390625 3.68233E-10
0.00984375 0.164062 3.82947E-10
0.0107812 0.179688 3.71714E-10
-0.00984375 0.164062 3.86123E-10
0.0154687 0.257812 3.72942E-10
-0.0126562 0.210938 3.59108E-10
0.0126562 0.210938 3.81363E-10
0.00328125 0.0546875 3.73333E-10
-0.0314062 0.523438 3.9462E-10
0.00234375 0.0390625 3.7139E-10
0.00609375 0.101563 3.81111E-10
-0.00046875 0.0078125 3.71245E-10
-0.00703125 0.117188 3.71454E-10
0.00328125 0.0546875 3.73247E-10
-0.00140625 0.0234375 3.79357E-10
-0.0145312 0.242188 3.73213E-10
-0.0117188 0.195312 3.71176E-10
-0.00140625 0.0234375 3.70375E-10
-0.0117188 0.195312 3.65513E-10
-0.00421875 0.0703125 3.89195E-10
0.0135937 0.226562 3.77861E-10
-0.00796875 0.132812 3.8237E-10
0.00984375 0.164062 3.68414E-10
-0.0107812 0.179688 3.8011E-10
-0.0154687 0.257812 3.91546E-10
