0.00234375 0.0390625 1.30172E-10
-0.0182812 0.304688 1.29684E-10
0.00984375 0.164062 1.31255E-10
0.00421875 0.0703125 1.30507E-10
-0.0107812 0.179688 1.30601E-10
-0.00515625 0.0859375 1.32174E-10
-0.00703125 0.117188 1.30478E-10
0.00140625 0.0234375 1.31197E-10
-0.00703125 0.117188 1.33497E-10
-0.0210937 0.351562 1.31053E-10
0.00421875 0.0703125 1.3192E-10
-0.00984375 0.164062 1.31837E-10
-0.00796875 0.132812 1.30993E-10
0.0117188 0.195312 1.30087E-10
0.00984375 0.164062 1.31464E-10
-0.00890625 0.148438 1.28798E-10
0.00328125 0.0546875 1.25835E-10
-0.00609375 0.101563 1.30774E-10
-0.0126562 0.210938 1.307E-10
0.00140625 0.0234375 1.30978E-10
0.00421875 0.0703125 1.26498E-10
-0.00515625 0.0859375 1.3007E-10
0.0117188 0.195312 1.25369E-10
-0.00421875 0.0703125 1.3112E-10
0.00984375 0.164062 1.31143E-10
-0.0182812 0.304688 1.30051E-10
-0.0126562 0.210938 1.31214E-10
-0.00515625 0.0859375 1.31301E-10
0.00234375 0.0390625 1.31269E-10
0.00609375 0.101563 1.30952E-10
0.00421875 0.0703125 1.28297E-10
-0.0117188 0.195312 1.30923E-10
0.0192187 0.320312 1.31515E-10
-0.00140625 0.0234375 1.31226E-10
0.0126562 0.210938 1.32649E-10
-0.00796875 0.132812 1.31615E-10
0.00328125 0.0546875 1.31389E-10
-0.0126562 0.210938 1.31058E-10
-0.00703125 0.117188 1.29673E-10
0.00140625 0.0234375 1.30509E-10
-0.0107812 0.179688 1.29621E-10
0.00234375 0.0390625 1.30809E-10
-0.00890625 0.148438 1.28383E-10
0.00328125 0.0546875 1.32519E-10
-0.0145312 0.242188 1.27878E-10
-0.00421875 0.0703125 1.3201E-10
0.00984375 0.164062 1.32132E-10
0.00890625 0.148438 1.31057E-10
-0.0117188 0.195312 1.30747E-10
0.0257812 0.429688 1.30323E-10
-0.00234375 0.0390625 1.30736E-10
-0.0201563 0.335938 1.30269E-10
-0.00140625 0.0234375 1.29836E-10
-0.00984375 0.164062 1.30885E-10
-0.0135937 0.226562 1.29349E-10
0.00515625 0.0859375 1.31058E-10
0.0135937 0.226562 1.31709E-10
-0.00328125 0.0546875 1.29731E-10
0.0107812 0.179688 1.30216E-10
-0.00046875 0.0078125 1.31212E-10
-0.00234375 0.0390625 1.29956E-10
-0.00421875 0.0703125 1.31139E-10
-0.00140625 0.0234375 1.31141E-10
-0.00515625 0.0859375 1.31133E-10
0.00328125 0.0546875 1.31143E-10
0.00890625 0.148438 1.33306E-10
-0.00515625 0.0859375 1.28374E-10
0.0135937 0.226562 1.28941E-10
-0.0192187 0.320312 1.3078E-10
-0.00703125 0.117188 1.30466E-10
-0.00046875 0.0078125 1.31356E-10
0.0117188 0.195312 1.3145E-10
0.00046875 0.0078125 1.34705E-10
0.00796875 0.132812 1.35101E-10
-0.0117188 0.195312 1.31774E-10
0.00890625 0.148438 1.30082E-10
-0.0173437 0.289062 1.28201E-10
0.0164062 0.273437 1.30142E-10
-0.00328125 0.0546875 1.33039E-10
0.00421875 0.0703125 1.31172E-10
-0.00984375 0.164062 1.28896E-10
-0.00046875 0.0078125 1.321E-10
0.00984375 0.164062 1.33563E-10
0.00703125 0.117188 1.31349E-10
0.00046875 0.0078125 1.31415E-10
0.00046875 0.0078125 1.32557E-10
0.0192187 0.320312 1.32711E-10
0.00703125 0.117188 1.31709E-10
0.0154687 0.257812 1.33098E-10
0.00796875 0.132812 1.3152E-10
0.0154687 0.257812 1.29214E-10
-0.0126562 0.210938 1.3112E-10
0.00609375 0.101563 1.31418E-10
-0.00796875 0.132812 1.27241E-10
-0.00515625 0.0859375 1.30781E-10
-0.00046875 0.0078125 1.31547E-10
0.0126562 0.210938 1.30951E-10
0.00234375 0.0390625 1.27167E-10
0.00234375 0.0390625 1.31757E-10
0.00140625 0.0234375 1.30805E-10
0.0145312 0.242188 1.32979E-10
-0.00609375 0.101563 1.31397E-10
-0.0192187 0.320312 1.29764E-10
-0.0154687 0.257812 1.32293E-10
-0.0117188 0.195312 1.28851E-10
0.00046875 0.0078125 1.32114E-10
0.00609375 0.101563 1.30396E-10
-0.0145312 0.242188 1.30888E-10
0.00234375 0.0390625 1.29876E-10
0.00515625 0.0859375 1.30905E-10
0.00703125 0.117188 1.31555E-10
0.00796875 0.132812 1.30721E-10
-0.00140625 0.0234375 1.30981E-10
-0.00609375 0.101563 1.30537E-10
-0.00703125 0.117188 1.29662E-10
-0.00046875 0.0078125 1.30467E-10
-0.00515625 0.0859375 1.29188E-10
0.00703125 0.117188 1.32405E-10
-0.0117188 0.195312 1.30225E-10
0.00703125 0.117188 1.31371E-10
-0.0154687 0.257812 1.3121E-10
-0.00328125 0.0546875 1.26807E-10
-0.00703125 0.117188 1.29359E-10
-0.0117188 0.195312 1.30719E-10
0.00328125 0.0546875 1.31872E-10
0.00140625 0.0234375 1.31133E-10
-0.0304687 0.507812 1.3073E-10
0.0107812 0.179688 1.30524E-10
0.0135937 0.226562 1.30982E-10
-0.00234375 0.0390625 1.31569E-10
0.00046875 0.0078125 1.29941E-10
0.00234375 0.0390625 1.27903E-10
-0.0192187 0.320312 1.3108E-10
-0.0239062 0.398437 1.30811E-10
0.0145312 0.242188 1.28931E-10
-0.0135937 0.226562 1.30433E-10
-0.00796875 0.132812 1.31726E-10
-0.00328125 0.0546875 1.30865E-10
-0.0117188 0.195312 1.31331E-10
0.00234375 0.0390625 1.30923E-10
-0.00703125 0.117188 1.33842E-10
-0.00046875 0.0078125 1.30578E-10
0.00046875 0.0078125 1.29918E-10
0.0107812 0.179688 1.31355E-10
0.00234375 0.0390625 1.30343E-10
-0.0126562 0.210938 1.29825E-10
0.00984375 0.164062 1.29937E-10
0.00984375 0.164062 1.32779E-10
-0.00515625 0.0859375 1.3189E-10
0.00140625 0.0234375 1.3304E-10
-0.00046875 0.0078125 1.28741E-10
0.00328125 0.0546875 1.3078E-10
-0.00046875 0.0078125 1.3054E-10
0.00140625 0.0234375 1.35216E-10
-0.00140625 0.0234375 1.31448E-10
-0.0192187 0.320312 1.31869E-10
-0.00234375 0.0390625 1.28606E-10
-0.0210937 0.351562 1.28997E-10
0.0182812 0.304688 1.3264E-10
-0.00234375 0.0390625 1.31176E-10
0.00046875 0.0078125 1.30883E-10
-0.00421875 0.0703125 1.30312E-10
-0.00703125 0.117188 1.30866E-10
-0.00046875 0.0078125 1.30637E-10
-0.00984375 0.164062 1.29631E-10
-0.0135937 0.226562 1.31683E-10
-0.0126562 0.210938 1.31085E-10
0.00515625 0.0859375 1.31679E-10
0.00984375 0.164062 1.29517E-10
0.0154687 0.257812 1.31982E-10
0.0154687 0.257812 1.31075E-10
-0.00515625 0.0859375 1.26384E-10
-0.00515625 0.0859375 1.31611E-10
0.0126562 0.210938 1.30338E-10
0.00421875 0.0703125 1.30979E-10
-0.00046875 0.0078125 1.30998E-10
-0.0117188 0.195312 1.29285E-10
-0.00984375 0.164062 1.31965E-10
-0.00421875 0.0703125 1.30483E-10
-0.00046875 0.0078125 1.32976E-10
-0.00609375 0.101563 1.30109E-10
0.00703125 0.117188 1.31499E-10
0.00890625 0.148438 1.31014E-10
0.00703125 0.117188 1.34708E-10
0.00515625 0.0859375 1.31233E-10
0.00140625 0.0234375 1.29549E-10
0.0117188 0.195312 1.30957E-10
-0.00328125 0.0546875 1.32167E-10
-0.00328125 0.0546875 1.31947E-10
-0.00328125 0.0546875 1.3096E-10
0.00421875 0.0703125 1.31706E-10
0.00703125 0.117188 1.29408E-10
0.0173437 0.289062 1.30481E-10
0.00421875 0.0703125 1.28378E-10
-0.00515625 0.0859375 1.30082E-10
-0.0117188 0.195312 1.31258E-10
0.0173437 0.289062 1.30927E-10
0.00421875 0.0703125 1.31231E-10
0.00046875 0.0078125 1.30862E-10
0.00328125 0.0546875 1.30431E-10
