-0.00421875 0.0703125 7.22359E-11
0.00515625 0.0859375 7.29296E-11
0.00515625 0.0859375 7.33333E-11
0.00796875 0.132812 7.15445E-11
0.00609375 0.101563 7.17291E-11
-0.0220313 0.367188 7.3196E-11
-0.0117188 0.195312 7.25183E-11
-0.00046875 0.0078125 7.32401E-11
0.00703125 0.117188 7.22145E-11
0.0126562 0.210938 7.14165E-11
0.00421875 0.0703125 7.2641E-11
-0.00046875 0.0078125 7.34294E-11
-0.0267187 0.445312 7.342E-11
-0.0117188 0.195312 7.07966E-11
-0.00421875 0.0703125 7.27354E-11
-0.0107812 0.179688 7.26132E-11
-0.00890625 0.148438 7.26679E-11
0.00609375 0.101563 7.28987E-11
0.0201563 0.335938 7.09806E-11
0.00796875 0.132812 7.27837E-11
-0.0135937 0.226562 7.22456E-11
-0.00421875 0.0703125 7.26748E-11
-0.0117188 0.195312 7.33022E-11
-0.00515625 0.0859375 7.33714E-11
0.00703125 0.117188 7.13658E-11
0.00234375 0.0390625 7.23027E-11
-0.0154687 0.257812 7.01942E-11
-0.00328125 0.0546875 7.22126E-11
-0.0107812 0.179688 7.16132E-11
0.0145312 0.242188 7.21725E-11
0.00796875 0.132812 7.36737E-11
0.00796875 0.132812 7.18475E-11
-0.00796875 0.132812 7.13093E-11
0.00515625 0.0859375 7.30856E-11
0.00046875 0.0078125 7.31924E-11
-0.0117188 0.195312 7.30029E-11
-0.00890625 0.148438 7.12611E-11
0.0257812 0.429688 7.12848E-11
-0.00703125 0.117188 7.32968E-11
0.00140625 0.0234375 7.3424E-11
0.00984375 0.164062 7.28887E-11
-0.00140625 0.0234375 7.39437E-11
0.00515625 0.0859375 7.24436E-11
0.00140625 0.0234375 7.20145E-11
-0.0229688 0.382813 7.2255E-11
0.0117188 0.195312 7.1014E-11
0.0182812 0.304688 7.0801E-11
-0.00328125 0.0546875 7.30805E-11
-0.0117188 0.195312 7.28659E-11
0.0107812 0.179688 7.16107E-11
-0.0107812 0.179688 7.21836E-11
-0.00703125 0.117188 7.39325E-11
0.00234375 0.0390625 7.29751E-11
-0.00515625 0.0859375 7.24225E-11
-0.00046875 0.0078125 7.13417E-11
0.0182812 0.304688 7.22546E-11
0.00515625 0.0859375 7.17302E-11
0.00890625 0.148438 7.19392E-11
0.0164062 0.273437 7.14572E-11
0.00328125 0.0546875 7.2954E-11
0.00796875 0.132812 7.31848E-11
-0.00890625 0.148438 7.1916E-11
0.00328125 0.0546875 7.33492E-11
-0.00328125 0.0546875 7.13947E-11
-0.00609375 0.101563 7.19406E-11
0.00140625 0.0234375 7.11657E-11
-0.00328125 0.0546875 7.05529E-11
-0.00515625 0.0859375 7.1889E-11
0.0154687 0.257812 7.33267E-11
-0.0135937 0.226562 7.12023E-11
0.0117188 0.195312 7.1399E-11
-0.00046875 0.0078125 7.28683E-11
0.0201563 0.335938 7.30974E-11
-0.00328125 0.0546875 7.2501E-11
0.0182812 0.304688 7.25863E-11
-0.0117188 0.195312 7.12286E-11
0.0192187 0.320312 7.31704E-11
0.00046875 0.0078125 7.11715E-11
-0.00890625 0.148438 7.17284E-11
0.00234375 0.0390625 7.34944E-11
0.0182812 0.304688 7.36439E-11
-0.0192187 0.320312 7.1088E-11
-0.00609375 0.101563 7.20617E-11
-0.00046875 0.0078125 7.34974E-11
-0.00703125 0.117188 7.29373E-11
-0.00234375 0.0390625 7.21715E-11
0.0164062 0.273437 7.21967E-11
0.00234375 0.0390625 7.12417E-11
0.00328125 0.0546875 7.18759E-11
-0.00703125 0.117188 7.23309E-11
0.00046875 0.0078125 7.23931E-11
0.00234375 0.0390625 7.20494E-11
0.0267187 0.445312 7.17626E-11
-0.00984375 0.164062 7.07586E-11
0.0117188 0.195312 7.26063E-11
0.00984375 0.164062 7.13201E-11
0.00046875 0.0078125 7.11418E-11
0.00140625 0.0234375 7.0914E-11
0.00234375 0.0390625 7.08162E-11
0.0210937 0.351562 7.24878E-11
-0.00515625 0.0859375 7.25382E-11
-0.00421875 0.0703125 7.21879E-11
-0.0117188 0.195312 7.24719E-11
-0.0257812 0.429688 7.37545E-11
0.00984375 0.164062 7.25377E-11
-0.00890625 0.148438 7.26977E-11
0.0182812 0.304688 7.30936E-11
-0.00609375 0.101563 7.1092E-11
-0.00890625 0.148438 7.18618E-11
0.0220313 0.367188 7.08281E-11
0.0154687 0.257812 7.29206E-11
-0.0126562 0.210938 7.13754E-11
-0.00984375 0.164062 7.18574E-11
-0.00234375 0.0390625 7.17754E-11
-0.0126562 0.210938 7.17349E-11
-0.00140625 0.0234375 7.18988E-11
0.00515625 0.0859375 7.24801E-11
-0.00328125 0.0546875 7.30871E-11
-0.00515625 0.0859375 7.11734E-11
-0.00515625 0.0859375 7.12122E-11
-0.00796875 0.132812 7.28274E-11
0.00328125 0.0546875 7.19341E-11
0.0117188 0.195312 7.21174E-11
-0.0107812 0.179688 7.25124E-11
0.0239062 0.398437 7.07788E-11
-0.0117188 0.195312 7.12126E-11
-0.00703125 0.117188 7.33135E-11
-0.0135937 0.226562 7.17506E-11
0.00609375 0.101563 7.17769E-11
0.00328125 0.0546875 7.10463E-11
-0.00796875 0.132812 7.11479E-11
0.0173437 0.289062 7.25584E-11
0.00890625 0.148438 7.18509E-11
-0.00421875 0.0703125 7.29789E-11
-0.0164062 0.273437 7.34517E-11
0.0117188 0.195312 7.10441E-11
0.0117188 0.195312 7.14531E-11
-0.00515625 0.0859375 7.32011E-11
0.00609375 0.101563 7.04678E-11
0.00234375 0.0390625 7.3478E-11
-0.00984375 0.164062 7.18782E-11
0.00609375 0.101563 7.14742E-11
-0.00421875 0.0703125 7.27668E-11
0.00890625 0.148438 7.27612E-11
0.00890625 0.148438 7.27572E-11
0.00515625 0.0859375 7.26043E-11
0.00140625 0.0234375 7.26772E-11
0.00328125 0.0546875 7.17891E-11
-0.0154687 0.257812 7.2976E-11
-0.00984375 0.164062 7.16911E-11
-0.0192187 0.320312 7.30529E-11
0.00328125 0.0546875 7.20903E-11
0.00796875 0.132812 7.12247E-11
0.00046875 0.0078125 7.08174E-11
0.00234375 0.0390625 7.35983E-11
0.00984375 0.164062 7.18252E-11
-0.00515625 0.0859375 7.11425E-11
-0.0107812 0.179688 7.15402E-11
0.0257812 0.429688 7.087E-11
0.00609375 0.101563 7.28029E-11
-0.00890625 0.148438 7.29036E-11
0.00609375 0.101563 7.29924E-11
-0.00046875 0.0078125 7.13252E-11
-0.00421875 0.0703125 7.19633E-11
0.00140625 0.0234375 7.25002E-11
-0.00984375 0.164062 7.32987E-11
0.00234375 0.0390625 7.239E-11
-0.00984375 0.164062 7.34887E-11
-0.00140625 0.0234375 7.34856E-11
0.00234375 0.0390625 7.232E-11
0.0182812 0.304688 7.07792E-11
-0.00421875 0.0703125 7.29995E-11
-0.00234375 0.0390625 7.37701E-11
0.00984375 0.164062 7.28415E-11
0.00984375 0.164062 7.10497E-11
-0.0220313 0.367188 7.17965E-11
0.00140625 0.0234375 7.13127E-11
0.0126562 0.210938 7.24712E-11
-0.0192187 0.320312 7.36661E-11
-0.00234375 0.0390625 7.29046E-11
-0.00234375 0.0390625 7.21549E-11
-0.00234375 0.0390625 7.17485E-11
-0.00890625 0.148438 7.33371E-11
0.00890625 0.148438 7.12858E-11
-0.00328125 0.0546875 7.32089E-11
0.00609375 0.101563 7.03474E-11
-0.00046875 0.0078125 7.27746E-11
0.0164062 0.273437 7.23753E-11
-0.00703125 0.117188 7.26598E-11
-0.0126562 0.210938 7.18035E-11
-0.00609375 0.101563 7.24181E-11
-0.0117188 0.195312 7.26209E-11
-0.00609375 0.101563 7.26273E-11
-0.0135937 0.226562 7.17555E-11
0.0192187 0.320312 7.21742E-11
-0.00703125 0.117188 7.34036E-11
-0.00421875 0.0703125 7.11673E-11
0.00515625 0.0859375 7.19855E-11
-0.00796875 0.132812 7.07979E-11
-0.00984375 0.164062 7.30083E-11
