-0.00890625 0.148438 8.29723E-11
0.00421875 0.0703125 8.26884E-11
-0.00703125 0.117188 8.2879E-11
0.00234375 0.0390625 8.2385E-11
0.00703125 0.117188 8.3589E-11
0.00515625 0.0859375 8.31733E-11
0.00234375 0.0390625 8.37428E-11
0.00609375 0.101563 8.11334E-11
0.00234375 0.0390625 8.26625E-11
0.00046875 0.0078125 8.35195E-11
0.00328125 0.0546875 8.36251E-11
0.00609375 0.101563 8.27319E-11
0.00328125 0.0546875 8.42432E-11
0.00515625 0.0859375 8.3783E-11
0.00140625 0.0234375 8.32328E-11
-0.0135937 0.226562 8.41745E-11
-0.0145312 0.242188 8.32243E-11
0.0210937 0.351562 8.3517E-11
-0.00421875 0.0703125 8.36145E-11
0.00609375 0.101563 8.16606E-11
-0.00515625 0.0859375 8.37285E-11
-0.00890625 0.148438 8.26108E-11
-0.00890625 0.148438 8.20654E-11
-0.00609375 0.101563 8.10006E-11
-0.0107812 0.179688 8.28263E-11
0.0135937 0.226562 8.39459E-11
0.00234375 0.0390625 8.30564E-11
0.00046875 0.0078125 8.35671E-11
0.00890625 0.148438 8.23117E-11
0.0173437 0.289062 8.19381E-11
-0.00421875 0.0703125 8.3411E-11
0.00515625 0.0859375 8.27602E-11
0.00609375 0.101563 8.19352E-11
-0.0107812 0.179688 8.26127E-11
0.0117188 0.195312 8.26282E-11
-0.00046875 0.0078125 8.26863E-11
0.00609375 0.101563 8.25381E-11
-0.00234375 0.0390625 8.30283E-11
0.00609375 0.101563 8.18496E-11
0.00515625 0.0859375 8.34948E-11
-0.0135937 0.226562 8.33371E-11
-0.00234375 0.0390625 8.28223E-11
0.0107812 0.179688 8.14271E-11
0.0285937 0.476562 8.24898E-11
-0.0145312 0.242188 8.09072E-11
-0.00703125 0.117188 8.3095E-11
-0.0229688 0.382813 8.35801E-11
-0.00328125 0.0546875 8.29199E-11
-0.00703125 0.117188 8.30774E-11
0.0145312 0.242188 8.39557E-11
0.0107812 0.179688 8.24446E-11
-0.0173437 0.289062 8.39354E-11
0.00609375 0.101563 8.21847E-11
-0.00234375 0.0390625 8.35901E-11
0.00703125 0.117188 8.33309E-11
0.00046875 0.0078125 8.05446E-11
0.00984375 0.164062 8.24353E-11
0.00703125 0.117188 8.26599E-11
0.00421875 0.0703125 8.21362E-11
-0.00234375 0.0390625 8.29482E-11
0.00046875 0.0078125 8.19919E-11
0.00234375 0.0390625 8.31129E-11
0.00234375 0.0390625 8.26092E-11
-0.0135937 0.226562 8.28282E-11
-0.00046875 0.0078125 8.23731E-11
-0.0257812 0.429688 8.388E-11
-0.00421875 0.0703125 8.32351E-11
0.00234375 0.0390625 8.27937E-11
-0.00140625 0.0234375 8.26917E-11
0.00609375 0.101563 8.21355E-11
-0.00703125 0.117188 8.22381E-11
-0.00890625 0.148438 8.34904E-11
0.00421875 0.0703125 8.34505E-11
0.00703125 0.117188 8.24233E-11
0.00515625 0.0859375 8.27999E-11
-0.00515625 0.0859375 8.41712E-11
-0.0220313 0.367188 8.23907E-11
-0.00234375 0.0390625 8.1626E-11
-0.0117188 0.195312 8.25749E-11
0.0239062 0.398437 8.31312E-11
0.00140625 0.0234375 8.33966E-11
-0.00421875 0.0703125 8.31699E-11
0.0164062 0.273437 8.14777E-11
0.00234375 0.0390625 8.15408E-11
0.00515625 0.0859375 8.26863E-11
-0.00328125 0.0546875 8.3791E-11
0.0117188 0.195312 8.17792E-11
0.00328125 0.0546875 8.32939E-11
-0.0126562 0.210938 8.29782E-11
-0.00328125 0.0546875 8.20279E-11
0.00984375 0.164062 8.26786E-11
0.00234375 0.0390625 8.26265E-11
0.00046875 0.0078125 8.30395E-11
-0.00515625 0.0859375 8.35236E-11
0.0229688 0.382813 8.27207E-11
-0.0126562 0.210938 8.3149E-11
0.00046875 0.0078125 8.06293E-11
0.00609375 0.101563 8.30464E-11
-0.00328125 0.0546875 8.24342E-11
0.00046875 0.0078125 8.27755E-11
0.0154687 0.257812 8.39106E-11
-0.00328125 0.0546875 8.32124E-11
0.00796875 0.132812 8.17585E-11
0.00421875 0.0703125 8.14681E-11
-0.00046875 0.0078125 8.2104E-11
-0.00890625 0.148438 8.26882E-11
-0.00609375 0.101563 8.20458E-11
-0.00421875 0.0703125 8.1411E-11
-0.00609375 0.101563 8.27186E-11
-0.00703125 0.117188 8.3362E-11
-0.00890625 0.148438 8.24462E-11
-0.00515625 0.0859375 8.30294E-11
0.00890625 0.148438 8.29376E-11
-0.0145312 0.242188 8.19329E-11
0.0107812 0.179688 8.22825E-11
0.0379687 0.632812 8.28426E-11
0.0117188 0.195312 8.24748E-11
0.00046875 0.0078125 8.30673E-11
-0.00609375 0.101563 8.40406E-11
0.0154687 0.257812 8.27227E-11
0.0107812 0.179688 8.16324E-11
0.00515625 0.0859375 8.29576E-11
0.00609375 0.101563 8.27392E-11
-0.00890625 0.148438 8.35944E-11
0.0220313 0.367188 8.38872E-11
0.0295312 0.492188 8.32188E-11
-0.00890625 0.148438 8.28856E-11
-0.0107812 0.179688 8.37701E-11
0.00234375 0.0390625 8.43475E-11
0.00046875 0.0078125 8.2283E-11
-0.0229688 0.382813 8.42943E-11
-0.00609375 0.101563 8.28063E-11
-0.00890625 0.148438 8.2318E-11
-0.0117188 0.195312 8.16751E-11
-0.0164062 0.273437 8.30869E-11
0.00421875 0.0703125 8.23E-11
0.0154687 0.257812 8.30406E-11
0.0117188 0.195312 8.35297E-11
-0.0229688 0.382813 8.28741E-11
0.0164062 0.273437 8.17635E-11
-0.00984375 0.164062 8.2689E-11
-0.0154687 0.257812 8.31334E-11
0.00328125 0.0546875 8.18938E-11
-0.0182812 0.304688 8.25787E-11
-0.00328125 0.0546875 8.283E-11
-0.00609375 0.101563 8.29705E-11
-0.0107812 0.179688 8.21652E-11
0.00140625 0.0234375 8.1747E-11
-0.00609375 0.101563 8.38687E-11
0.0145312 0.242188 8.30322E-11
-0.00140625 0.0234375 8.3565E-11
-0.00140625 0.0234375 8.24963E-11
-0.00796875 0.132812 8.17446E-11
0.00421875 0.0703125 8.18E-11
0.0182812 0.304688 8.24686E-11
0.0164062 0.273437 8.23585E-11
0.00984375 0.164062 8.25062E-11
0.0323438 0.539063 8.33614E-11
0.0117188 0.195312 8.25885E-11
0.00796875 0.132812 8.30552E-11
-0.0154687 0.257812 8.2581E-11
-0.0182812 0.304688 8.32428E-11
0.0164062 0.273437 8.34544E-11
0.00703125 0.117188 8.35068E-11
-0.0239062 0.398437 8.42E-11
0.00421875 0.0703125 8.26824E-11
-0.0276563 0.460938 8.25584E-11
0.00984375 0.164062 8.25821E-11
0.00140625 0.0234375 8.22943E-11
-0.00234375 0.0390625 8.29126E-11
-0.0210937 0.351562 8.34774E-11
0.00609375 0.101563 8.0857E-11
-0.00703125 0.117188 8.23651E-11
0.00609375 0.101563 8.33265E-11
-0.00140625 0.0234375 8.27787E-11
0.00140625 0.0234375 8.06884E-11
-0.00515625 0.0859375 8.39224E-11
0.00515625 0.0859375 8.18641E-11
-0.00234375 0.0390625 8.25047E-11
0.0117188 0.195312 8.35476E-11
-0.00046875 0.0078125 8.27349E-11
-0.0107812 0.179688 8.27627E-11
0.00703125 0.117188 8.23551E-11
-0.00421875 0.0703125 8.23813E-11
-0.00421875 0.0703125 8.26422E-11
-0.00515625 0.0859375 8.37074E-11
0.00703125 0.117188 8.13763E-11
0.0173437 0.289062 8.13965E-11
-0.00796875 0.132812 8.31324E-11
-0.00890625 0.148438 8.35114E-11
0.0126562 0.210938 8.09416E-11
-0.0107812 0.179688 8.28804E-11
0.00328125 0.0546875 8.2437E-11
-0.00609375 0.101563 8.23382E-11
-0.00703125 0.117188 8.26602E-11
0.00703125 0.117188 8.26692E-11
0.00328125 0.0546875 8.26615E-11
-0.0210937 0.351562 8.2606E-11
-0.0107812 0.179688 8.29347E-11
0.00140625 0.0234375 8.22329E-11
