0.0229761 0.382935 7.2781E-11
0.0116382 0.19397 7.14907E-11
-0.00145751 0.0242919 7.36268E-11
-0.000285645 0.00476075 7.24921E-11
-0.00563233 0.0938721 7.00976E-11
-0.00542725 0.0904541 7.12331E-11
-0.00180909 0.0301514 7.09688E-11
-0.0031421 0.0523683 7.01798E-11
-0.00270264 0.0450439 7.17531E-11
-0.00340576 0.0567628 7.10001E-11
0.0199146 0.33191 6.99043E-11
-0.00393312 0.0655519 7.0907E-11
-0.0184204 0.307007 7.07368E-11
-0.00252685 0.0421142 7.13658E-11
-0.0189477 0.315796 7.1682E-11
0.0234448 0.390747 7.02935E-11
0.00593995 0.0989991 7.12271E-11
-0.00201417 0.0335694 7.10221E-11
0.00951416 0.158569 6.97892E-11
0.0109643 0.182738 6.976E-11
-0.00812255 0.135376 7.22711E-11
0.00985107 0.164185 6.9902E-11
-0.00114991 0.0191651 7.21477E-11
-0.00519286 0.0865477 7.1051E-11
-0.00500245 0.0833741 7.08259E-11
0.0325269 0.542116 6.98202E-11
0.00574952 0.0958253 7.10443E-11
-0.0205444 0.342407 7.28037E-11
0.00380127 0.0633546 7.25012E-11
-0.0270483 0.450806 7.28527E-11
-0.0258471 0.430786 7.18576E-11
0.00328858 0.0548096 6.99131E-11
0.0196069 0.326782 7.16433E-11
0.00802002 0.133667 7.17845E-11
-0.00977783 0.162964 7.16271E-11
-0.0040503 0.0675049 7.12202E-11
-0.00274659 0.0457764 7.17844E-11
-0.00240968 0.0401613 7.15667E-11
0.0155786 0.259642 7.04037E-11
-0.00126709 0.0211181 7.00175E-11
0.00197021 0.0328369 7.24116E-11
0.0170727 0.284544 7.28744E-11
-0.0296117 0.493529 7.3063E-11
-6.59183E-05 0.00109864 7.02999E-11
0.00574952 0.0958253 7.14073E-11
-0.0262866 0.43811 7.19326E-11
-0.0113013 0.188355 7.28704E-11
0.00898681 0.14978 7.2193E-11
-0.00561767 0.0936279 7.1143E-11
0.00197021 0.0328369 7.1917E-11
-0.011184 0.186401 7.09457E-11
-0.021394 0.356567 7.20218E-11
0.0182153 0.303588 6.96021E-11
0.0169701 0.282835 7.06475E-11
0.00547119 0.0911865 7.13852E-11
0.0052954 0.0882567 7.29983E-11
0.0184204 0.307007 7.14305E-11
0.0164428 0.274047 7.09203E-11
-0.0217163 0.361938 7.29076E-11
0.00318604 0.0531006 7.14949E-11
-0.0299927 0.499878 6.89588E-11
0.0362036 0.603392 7.15339E-11
-0.0110082 0.183471 7.25624E-11
-0.0147876 0.246459 6.97478E-11
0.00071045 0.0118408 7.0162E-11
0.00945556 0.157593 7.08617E-11
-0.020105 0.335084 7.07587E-11
-0.0162524 0.270873 7.33006E-11
-0.00227783 0.0379639 6.94891E-11
0.0076538 0.127563 7.17346E-11
0.00337647 0.0562746 7.21485E-11
-0.0231078 0.385131 7.27171E-11
-0.000490723 0.00817872 7.19245E-11
-0.0175122 0.29187 7.18606E-11
0.00774169 0.129028 7.2124E-11
-0.0196362 0.32727 7.14983E-11
0.0147876 0.246459 7.07875E-11
0.00446046 0.0743409 7.14512E-11
-0.00845946 0.140991 7.20117E-11
-0.012473 0.207884 7.27075E-11
0.0125463 0.209105 7.17285E-11
0.0101879 0.169799 7.14764E-11
-0.0293041 0.488402 7.34902E-11
-0.000549317 0.00915528 7.16457E-11
0.00457764 0.076294 7.26009E-11
0.0361156 0.601928 7.03457E-11
-0.000754395 0.0125733 7.12024E-11
-0.009646 0.160767 7.27476E-11
-0.0164574 0.274291 7.37005E-11
-0.00497315 0.0828858 7.15857E-11
-0.00110596 0.0184326 7.23569E-11
0.0240893 0.401488 7.0764E-11
-0.0199146 0.33191 7.14771E-11
0.0126049 0.210082 7.36987E-11
-0.0126342 0.21057 6.99456E-11
0.000725098 0.012085 7.03935E-11
0.00782959 0.130493 7.02844E-11
0.0271215 0.452026 7.04659E-11
-0.0125902 0.209837 7.27235E-11
0.00818115 0.136352 7.20079E-11
-0.0143774 0.239623 7.16065E-11
0.00257079 0.0428466 7.10875E-11
-0.0214233 0.357055 7.1444E-11
0.00330322 0.0550537 7.10142E-11
-0.0163256 0.272093 7.12219E-11
0.00347901 0.0579834 7.07508E-11
-0.00800537 0.133423 7.21978E-11
-0.0120483 0.200805 7.20417E-11
-0.0143774 0.239623 7.34386E-11
0.035603 0.593383 7.09635E-11
-0.00873779 0.14563 7.23794E-11
-0.0146264 0.243773 7.14876E-11
-0.0106274 0.177123 7.22992E-11
0.0167066 0.278443 7.04367E-11
0.0199438 0.332398 7.07752E-11
0.0268285 0.447142 7.17817E-11
-0.00113525 0.0189209 7.23318E-11
-0.0316186 0.526977 7.06982E-11
-0.0190648 0.317747 7.0938E-11
-0.00970459 0.161743 6.99102E-11
0.0210571 0.350951 7.15235E-11
0.00712648 0.118775 7.17544E-11
-0.016106 0.268433 7.07944E-11
0.0165893 0.276488 7.12657E-11
0.0107006 0.178343 7.17021E-11
-0.0261108 0.43518 7.13536E-11
0.0261841 0.436401 7.08043E-11
0.00985107 0.164185 6.96097E-11
0.0140258 0.233764 7.0997E-11
0.0162378 0.27063 7.102E-11
-0.0114624 0.19104 7.15192E-11
-0.0145531 0.242553 7.16412E-11
-0.0120776 0.201294 6.94929E-11
0.0368335 0.613892 6.98433E-11
0.00797607 0.132935 7.2435E-11
0.0173949 0.289916 7.01936E-11
-0.00551514 0.0919189 7.2184E-11
0.0127807 0.213012 6.94458E-11
-0.0192993 0.321655 7.147E-11
0.0236645 0.394409 7.23395E-11
0.0151977 0.253296 7.14282E-11
-0.00248291 0.0413818 6.99395E-11
-0.016809 0.280151 7.23299E-11
-0.0300952 0.501587 7.06021E-11
0.00299562 0.0499269 7.10294E-11
-0.00322999 0.0538331 7.10064E-11
-0.00886962 0.147827 7.18365E-11
0.00438721 0.0731202 7.07632E-11
0.00274659 0.0457764 6.95641E-11
0.0308715 0.514526 7.03051E-11
-0.0105248 0.175414 7.267E-11
0.0141869 0.236448 7.06182E-11
-0.0016919 0.0281983 7.24493E-11
0.0238842 0.39807 7.15262E-11
0.00917725 0.152954 7.10577E-11
0.0096167 0.160278 6.99358E-11
0.000183106 0.00305178 7.24046E-11
0.0298608 0.49768 6.97671E-11
-0.000329591 0.00549318 7.1548E-11
-0.0126781 0.211303 7.00191E-11
0.0136303 0.227172 7.28513E-11
-0.00497315 0.0828858 7.08997E-11
-0.00183839 0.0306398 7.13866E-11
-0.00769776 0.128296 7.03922E-11
0.0134106 0.223509 7.11888E-11
0.0322193 0.536988 7.106E-11
-0.0123851 0.206419 7.04349E-11
-0.010232 0.170533 7.10667E-11
-0.0132055 0.220091 7.3299E-11
0.00336182 0.0560304 7.10045E-11
0.00481202 0.0802003 6.97152E-11
-0.010598 0.176634 7.08379E-11
-0.0190648 0.317747 7.0993E-11
0.0220825 0.368042 7.18418E-11
0.00422608 0.0704346 7.30017E-11
-0.00601318 0.10022 7.05361E-11
-0.00327392 0.0545654 6.99162E-11
-0.00853271 0.142212 7.2717E-11
0.0048999 0.0816651 6.97121E-11
-0.000856934 0.0142822 7.22712E-11
-0.0109497 0.182494 7.22937E-11
-0.00157471 0.0262451 7.21029E-11
0.00863525 0.143921 7.03135E-11
0.00409423 0.0682372 7.14348E-11
-0.0198853 0.331421 7.22869E-11
0.0021167 0.0352784 7.24942E-11
0.00356691 0.0594484 7.17891E-11
-0.0408765 0.681275 7.12159E-11
0.0107885 0.179808 7.25048E-11
-0.0306811 0.511352 7.08783E-11
0.00977783 0.162964 7.01902E-11
-0.0174976 0.291626 7.17376E-11
-0.00473877 0.0789796 7.22191E-11
0.00337647 0.0562746 6.93652E-11
0.0146996 0.244994 7.07408E-11
-0.017307 0.288451 7.06232E-11
-0.0160766 0.267944 7.09605E-11
0.00658448 0.109741 7.23612E-11
-0.0025122 0.0418701 7.12524E-11
-0.00440185 0.0733642 7.1118E-11
