0.0170727 0.284544 7.32089E-11
0.00385987 0.0643311 7.37816E-11
-0.00494386 0.0823976 7.34775E-11
-0.0116382 0.19397 7.33085E-11
0.013557 0.225951 7.22495E-11
-0.00633546 0.105591 7.46225E-11
-0.00317139 0.0528564 7.52509E-11
-0.0039917 0.0665283 7.19727E-11
0.0087085 0.145142 7.52619E-11
0.0016626 0.0277099 7.53779E-11
-0.0175122 0.29187 7.36022E-11
0.00232177 0.0386963 7.34576E-11
-0.00361086 0.0601809 7.33168E-11
-0.00646728 0.107788 7.23084E-11
0.023225 0.387084 7.22504E-11
0.0203393 0.338989 7.43873E-11
0.0139526 0.232543 7.17423E-11
0.00784424 0.130737 7.45359E-11
-0.00637941 0.106323 7.237E-11
0.00511963 0.0853273 7.16049E-11
-0.00574952 0.0958253 7.42895E-11
-0.0185083 0.308472 7.39279E-11
0.000446778 0.0074463 7.28961E-11
0.0117699 0.196166 7.42848E-11
0.00813719 0.13562 7.41351E-11
0.00605713 0.100952 7.47916E-11
-0.00277588 0.0462646 7.31549E-11
0.0166186 0.276977 7.54486E-11
-0.0166919 0.278198 7.32582E-11
0.00303956 0.0506593 7.43769E-11
-0.00580811 0.0968019 7.54208E-11
-0.0212182 0.353637 7.46253E-11
0.00536865 0.0894775 7.50514E-11
0.0066577 0.110962 7.39372E-11
-0.0214233 0.357055 7.34868E-11
-0.0102466 0.170777 7.3452E-11
-0.00139893 0.0233154 7.24312E-11
0.0113452 0.189087 7.42737E-11
0.00451906 0.0753176 7.20675E-11
0.0112573 0.187622 7.29126E-11
0.00396242 0.0660403 7.43364E-11
0.00446046 0.0743409 7.27552E-11
-0.005896 0.0982666 7.27998E-11
-0.0141429 0.235716 7.44269E-11
-0.00826904 0.137817 7.4015E-11
0.00239503 0.0399171 7.45881E-11
0.0167358 0.27893 7.19285E-11
-0.00863525 0.143921 7.26629E-11
0.000769043 0.0128174 7.21608E-11
-0.0157397 0.262328 7.15295E-11
-0.023269 0.387817 7.24989E-11
0.00432862 0.0721436 7.40847E-11
-0.000373536 0.0062256 7.51977E-11
-0.00888428 0.148071 7.55174E-11
-0.0192114 0.32019 7.42004E-11
0.00255615 0.0426025 7.23487E-11
-0.00194092 0.0323486 7.35543E-11
0.0238842 0.39807 7.29416E-11
-0.00636475 0.106079 7.29231E-11
-0.0121801 0.203003 7.37146E-11
0.00853271 0.142212 7.38563E-11
-0.0122241 0.203735 7.43294E-11
0.010935 0.18225 7.22421E-11
0.0114917 0.191529 7.30458E-11
0.0137768 0.229613 7.45374E-11
-0.00736085 0.122681 7.35793E-11
0.00103272 0.0172119 7.21761E-11
-0.0120483 0.200805 7.25382E-11
-0.0353833 0.589722 7.34473E-11
-0.0124437 0.207396 7.31708E-11
0.0110376 0.183959 7.43931E-11
-0.0171313 0.285521 7.24983E-11
-5.12697E-05 0.000854496 7.17347E-11
0.0145531 0.242553 7.30606E-11
-0.0162963 0.271605 7.41794E-11
-0.0106127 0.176878 7.47092E-11
-0.0080786 0.134643 7.28959E-11
0.00438721 0.0731202 7.43936E-11
-0.0239867 0.399779 7.38354E-11
-0.000270996 0.00451661 7.42463E-11
0.0117261 0.195435 7.34689E-11
0.0150952 0.251587 7.23481E-11
-0.0134691 0.224486 7.52044E-11
-0.0178198 0.296997 7.30977E-11
-0.020808 0.3468 7.3948E-11
0.00385987 0.0643311 7.56523E-11
-0.0184643 0.307738 7.27234E-11
-0.000666505 0.0111084 7.27505E-11
0.0159595 0.265991 7.36045E-11
-0.00620361 0.103394 7.45781E-11
0.0161499 0.269165 7.42531E-11
-0.0208667 0.347778 7.22999E-11
0.016062 0.2677 7.31022E-11
-0.00668701 0.11145 7.24623E-11
-0.00939697 0.156616 7.26285E-11
0.00980712 0.163452 7.39863E-11
0.0147729 0.246215 7.20711E-11
0.000402833 0.00671388 7.44345E-11
0.00281982 0.0469971 7.41741E-11
-0.0160766 0.267944 7.48909E-11
0.00866454 0.144409 7.35542E-11
-0.00303956 0.0506593 7.20836E-11
0.0107738 0.179564 7.434E-11
0.0102612 0.17102 7.20611E-11
-0.00381592 0.0635987 7.42656E-11
-0.0137328 0.228881 7.34966E-11
0.00971924 0.161987 7.19105E-11
-0.00280518 0.0467529 7.32682E-11
-0.0176147 0.293579 7.42063E-11
0.00620361 0.103394 7.37153E-11
0.0170727 0.284544 7.43545E-11
-0.0117407 0.195678 7.46019E-11
0.0311791 0.519652 7.21223E-11
0.00303956 0.0506593 7.17598E-11
0.00794677 0.132446 7.46812E-11
-0.021145 0.352417 7.21875E-11
0.012107 0.201783 7.25075E-11
0.0136742 0.227904 7.33385E-11
0.00147217 0.0245361 7.38032E-11
-0.0151098 0.251831 7.30858E-11
0.0036255 0.060425 7.42752E-11
-0.00328858 0.0548096 7.39757E-11
0.00560302 0.0933837 7.3147E-11
0.00495851 0.0826417 7.37724E-11
0.0180102 0.30017 7.30063E-11
0.000358888 0.00598146 7.4289E-11
0.00276123 0.0460205 7.45762E-11
-0.00787354 0.131226 7.25255E-11
0.000212403 0.00354005 7.47069E-11
-0.00602784 0.100464 7.34669E-11
0.00823974 0.137329 7.42479E-11
0.010891 0.181517 7.24827E-11
0.00697999 0.116333 7.30933E-11
0.0128832 0.214721 7.42612E-11
-0.00416749 0.0694581 7.30412E-11
-0.0224195 0.373658 7.28695E-11
-0.00536865 0.0894775 7.39571E-11
0.0189624 0.316041 7.17359E-11
-0.0232104 0.38684 7.30958E-11
0.00321533 0.0535889 7.38325E-11
0.01385 0.230834 7.3847E-11
-0.00847412 0.141235 7.32926E-11
0.0173217 0.288695 7.25622E-11
0.00218994 0.0364991 7.45934E-11
-0.00995359 0.165893 7.26277E-11
-0.0225805 0.376342 7.27372E-11
-0.00913329 0.152222 7.31402E-11
-0.00693604 0.115601 7.56284E-11
-0.0202221 0.337035 7.29777E-11
-0.0133666 0.222777 7.46072E-11
0.0131761 0.219603 7.41149E-11
0.0201782 0.336303 7.19231E-11
0.0119018 0.198364 7.14873E-11
-0.017146 0.285766 7.42092E-11
-0.00958741 0.15979 7.46656E-11
-0.0174096 0.290161 7.46178E-11
-0.0151098 0.251831 7.264E-11
0.0135277 0.225463 7.22427E-11
0.00687744 0.114624 7.42408E-11
-0.0176147 0.293579 7.35083E-11
-0.0134106 0.223509 7.27863E-11
0.00753662 0.12561 7.39342E-11
-0.0205005 0.341675 7.30357E-11
-0.00468018 0.078003 7.32899E-11
0.00340576 0.0567628 7.42599E-11
-0.0234009 0.390014 7.41763E-11
0.0333911 0.556518 7.2201E-11
0.00941162 0.15686 7.49746E-11
0.0255248 0.425413 7.27437E-11
-0.00848876 0.141479 7.3122E-11
0.0147582 0.245971 7.31785E-11
-0.00787354 0.131226 7.24094E-11
-0.00709717 0.118286 7.28534E-11
-0.00186768 0.0311279 7.26751E-11
-0.000754395 0.0125733 7.39398E-11
0.017351 0.289184 7.14213E-11
0.00377197 0.0628662 7.19694E-11
-0.00290771 0.0484619 7.1651E-11
0.00614503 0.102417 7.39806E-11
0.0161353 0.268922 7.51474E-11
0.00343507 0.0572511 7.23199E-11
-0.0117992 0.196654 7.31772E-11
-0.00167724 0.0279541 7.40998E-11
0.00730226 0.121704 7.39459E-11
0.00125244 0.0208739 7.47772E-11
-0.016018 0.266967 7.39765E-11
-0.00837157 0.139526 7.31491E-11
0.00277588 0.0462646 7.45195E-11
-0.0111547 0.185913 7.40141E-11
-0.0209252 0.348754 7.26698E-11
-0.00289307 0.0482178 7.41808E-11
-0.00438721 0.0731202 7.49415E-11
-0.00446046 0.0743409 7.37589E-11
-0.0156957 0.261596 7.32543E-11
0.0058667 0.0977783 7.16254E-11
0.000153809 0.00256348 7.36535E-11
-0.000812989 0.0135498 7.27889E-11
-0.0289672 0.482788 7.28684E-11
-0.0234741 0.391236 7.31774E-11
-0.015271 0.254517 7.42057E-11
