0.0137915 0.229858 8.05081E-11
-0.00680419 0.113403 8.28833E-11
-0.0213354 0.355591 8.29087E-11
-0.00213135 0.0355226 8.23633E-11
-0.00550049 0.0916748 8.05927E-11
0.0126635 0.211058 8.0525E-11
0.00397706 0.0662843 8.28867E-11
-0.00569092 0.0948486 8.30491E-11
-0.000578614 0.00964357 8.32272E-11
0.00708252 0.118042 8.0634E-11
0.00623292 0.103882 8.07982E-11
0.0110082 0.183471 8.25506E-11
-0.00542725 0.0904541 8.10191E-11
0.00330322 0.0550537 8.31552E-11
0.0104516 0.174193 8.05865E-11
-0.00437257 0.0728761 8.30491E-11
0.00320068 0.0533448 8.05433E-11
0.00459228 0.0765381 8.02591E-11
0.00311279 0.0518799 8.25462E-11
0.00153076 0.0255128 8.30125E-11
0.00079834 0.0133057 8.05344E-11
-0.0142455 0.237425 8.33821E-11
0.00747804 0.124634 8.16989E-11
0.0132055 0.220091 8.21272E-11
-0.0116528 0.194214 8.13581E-11
0.0203393 0.338989 8.29342E-11
-0.0124584 0.20764 8.03246E-11
0.00390382 0.0650636 8.3548E-11
-0.00384522 0.064087 8.29626E-11
-0.00207276 0.0345461 8.11238E-11
0.00270264 0.0450439 8.04635E-11
0.0053247 0.0887451 8.10928E-11
-0.00495851 0.0826417 8.11106E-11
-0.00645264 0.107544 8.3932E-11
-0.0106859 0.178099 8.34581E-11
-0.000183106 0.00305178 8.30696E-11
-0.010232 0.170533 8.22469E-11
-0.0096753 0.161255 8.40631E-11
0.00320068 0.0533448 8.14184E-11
0.00205812 0.0343019 8.08699E-11
0.00922119 0.153687 8.47471E-11
0.0213061 0.355102 8.08002E-11
-0.00364015 0.0606691 8.23232E-11
-0.00394777 0.0657961 8.08069E-11
0.0011792 0.0196533 8.44379E-11
0.0132494 0.220823 8.08271E-11
-7.32425E-06 0.000122071 8.16151E-11
0.00697999 0.116333 8.23976E-11
-0.00511963 0.0853273 8.1896E-11
-0.0158423 0.264038 8.08686E-11
0.00100342 0.0167236 8.10524E-11
-0.00554444 0.0924073 8.12876E-11
0.00104737 0.0174561 8.20996E-11
0.0142601 0.237669 8.20306E-11
0.00633546 0.105591 8.39465E-11
-0.00188233 0.0313721 8.24073E-11
-0.00384522 0.064087 8.09802E-11
0.022273 0.371217 8.34105E-11
0.00191162 0.0318603 8.28953E-11
-0.0074048 0.123413 8.29798E-11
-0.0199146 0.33191 8.35674E-11
0.0110961 0.184936 8.04343E-11
0.0101733 0.169555 8.12578E-11
-0.0108031 0.180053 8.24277E-11
0.0117407 0.195678 8.10339E-11
0.0244115 0.406858 8.02674E-11
0.00866454 0.144409 8.19203E-11
0.0010913 0.0181884 8.09562E-11
0.000270996 0.00451661 8.06848E-11
0.006438 0.1073 8.12508E-11
-0.00375733 0.0626221 8.29862E-11
0.0129126 0.21521 8.38533E-11
0.00800537 0.133423 8.30563E-11
-0.0112427 0.187378 8.1772E-11
-0.00523682 0.0872803 8.12715E-11
-0.00602784 0.100464 8.09951E-11
-0.00116455 0.0194092 8.33431E-11
-0.0182153 0.303588 8.37308E-11
0.0086206 0.143677 8.3834E-11
-0.0119897 0.199828 8.24537E-11
0.0196215 0.327026 8.35064E-11
0.00245362 0.0408937 8.35215E-11
0.0086792 0.144653 8.23277E-11
-0.00613038 0.102173 8.32007E-11
-0.00658448 0.109741 8.34052E-11
-0.00929443 0.154907 8.11238E-11
0.0184057 0.306762 8.33768E-11
-0.00990965 0.165161 8.33258E-11
0.0200024 0.333374 8.35509E-11
-0.0135717 0.226195 8.09777E-11
0.00821045 0.136841 8.10353E-11
-0.0127807 0.213012 8.2932E-11
0.000329591 0.00549318 8.26034E-11
0.00755127 0.125855 8.07578E-11
3.66213E-05 0.000610354 8.25887E-11
0.0200757 0.334595 8.04051E-11
-0.0109789 0.182982 8.27532E-11
0.00595459 0.0992432 8.06757E-11
-0.0102173 0.170288 8.20369E-11
0.00264405 0.0440674 8.08956E-11
-0.00550049 0.0916748 8.30629E-11
-0.00372804 0.0621339 8.35364E-11
0.0155053 0.258422 8.36162E-11
0.0224488 0.374148 8.34465E-11
0.00503175 0.0838624 8.1768E-11
0.0110082 0.183471 8.05712E-11
-0.00460694 0.0767823 8.31143E-11
0.0212035 0.353392 8.24617E-11
-0.00356691 0.0594484 8.13777E-11
-0.00662842 0.110474 8.30859E-11
-0.017058 0.2843 8.08897E-11
-0.00689209 0.114868 8.26992E-11
-0.000461426 0.00769043 8.3235E-11
-0.00409423 0.0682372 8.13966E-11
0.00772705 0.128784 8.08984E-11
-0.00173584 0.0289306 8.32944E-11
-0.0433813 0.723023 8.02049E-11
0.0104662 0.174437 8.15023E-11
-0.0298901 0.498168 8.2905E-11
-0.00741945 0.123657 8.3239E-11
-0.0205883 0.343139 8.11851E-11
0.00283447 0.0472412 8.2875E-11
0.00516358 0.0860596 8.28925E-11
0.00636475 0.106079 8.34105E-11
-0.0161792 0.269654 8.10371E-11
0.00135498 0.0225831 8.18061E-11
0.00478271 0.0797119 8.2104E-11
-0.0263598 0.439331 8.30703E-11
-0.000476075 0.00793458 8.39555E-11
0.0246898 0.411498 8.24465E-11
-0.0185961 0.309936 8.10523E-11
0.00122315 0.0203858 8.0724E-11
0.000725098 0.012085 8.26147E-11
0.00393312 0.0655519 8.36076E-11
-0.00344971 0.0574952 8.21104E-11
0.0163256 0.272093 8.28943E-11
0.009646 0.160767 8.30313E-11
-0.0143187 0.238646 8.22425E-11
0.00412354 0.0687256 8.26204E-11
-0.00753662 0.12561 8.3336E-11
-0.0170874 0.284789 8.19589E-11
-0.00497315 0.0828858 8.31311E-11
-0.00172119 0.0286864 8.09282E-11
-0.00771241 0.12854 8.09077E-11
0.000930176 0.0155029 8.38791E-11
0.00208742 0.0347903 8.19991E-11
0.00968995 0.161499 8.00387E-11
0.0109204 0.182007 8.24693E-11
0.00573487 0.0955811 8.14157E-11
0.019812 0.3302 8.16328E-11
0.0026294 0.0438233 8.34616E-11
0.00580811 0.0968019 8.28363E-11
-0.00545655 0.0909424 8.07556E-11
-0.00689209 0.114868 8.21212E-11
-0.0109204 0.182007 8.25076E-11
8.05667E-05 0.00134278 8.11489E-11
0.00766846 0.127808 8.34281E-11
0.00821045 0.136841 8.13799E-11
-0.00052002 0.008667 8.0802E-11
0.00235108 0.0391846 8.28277E-11
0.00633546 0.105591 8.20215E-11
0.00429931 0.0716553 8.25065E-11
0.00708252 0.118042 8.38845E-11
0.0252319 0.420532 8.14884E-11
0.0101294 0.168823 8.23803E-11
0.0198266 0.330444 8.09672E-11
0.00188233 0.0313721 8.24217E-11
0.0182299 0.303832 8.23666E-11
-0.00144287 0.0240478 8.07645E-11
-0.00659912 0.109985 8.29723E-11
-0.0105688 0.176147 8.33612E-11
0.00391847 0.0653078 8.2972E-11
0.00214601 0.0357668 8.27206E-11
-0.00859131 0.143188 8.25439E-11
0.00637941 0.106323 8.2731E-11
0.00107666 0.0179443 8.05912E-11
0.0137036 0.228393 8.08922E-11
0.00422608 0.0704346 8.28288E-11
-0.0256713 0.427855 8.10383E-11
0.00605713 0.100952 8.28126E-11
9.5215E-05 0.00158692 8.31479E-11
-0.00577881 0.0963136 8.20139E-11
-0.00478271 0.0797119 8.1437E-11
0.000651857 0.0108643 8.24766E-11
0.0135717 0.226195 8.07253E-11
0.0204125 0.340209 8.14928E-11
0.0153881 0.256468 8.12825E-11
-0.00134034 0.0223389 8.17512E-11
0.0053247 0.0887451 8.22639E-11
-0.00444581 0.0740968 8.27492E-11
-0.00511963 0.0853273 8.06554E-11
-0.0117699 0.196166 8.08118E-11
0.0232837 0.388062 8.15869E-11
0.0125023 0.208372 8.31483E-11
-0.00930907 0.155151 8.23716E-11
0.00079834 0.0133057 8.08055E-11
0.00996824 0.166137 8.18406E-11
0.0201928 0.336547 8.13108E-11
0.00591064 0.0985108 8.19484E-11
0.00281982 0.0469971 8.10275E-11
