0.014348 0.239134 1.24497E-10
-0.00387452 0.0645753 1.23714E-10
-0.000739747 0.0123291 1.25589E-10
-0.0121655 0.202758 1.27753E-10
0.0216138 0.360229 1.21996E-10
-0.00422608 0.0704346 1.27558E-10
-0.0211156 0.351928 1.24927E-10
0.0119018 0.198364 1.24404E-10
0.00903076 0.150513 1.25716E-10
0.00790284 0.131714 1.25419E-10
-0.00101806 0.0169677 1.25147E-10
0.0225805 0.376342 1.26337E-10
0.00582277 0.0970461 1.22177E-10
0.00125244 0.0208739 1.25588E-10
0.00151612 0.0252686 1.23538E-10
-0.0151391 0.252319 1.26729E-10
0.0142162 0.236937 1.25017E-10
0.00929443 0.154907 1.23771E-10
-0.00385987 0.0643311 1.26939E-10
0.00523682 0.0872803 1.25905E-10
-0.0117992 0.196654 1.24249E-10
-0.00381592 0.0635987 1.27347E-10
0.00218994 0.0364991 1.23942E-10
0.00079834 0.0133057 1.25343E-10
-0.00498779 0.0831299 1.25413E-10
0.0141869 0.236448 1.24339E-10
0.0125756 0.209593 1.27013E-10
0.00525147 0.0875244 1.27459E-10
-0.0143187 0.238646 1.24638E-10
-0.00766846 0.127808 1.24686E-10
0.00327392 0.0545654 1.2514E-10
-0.0346801 0.578002 1.29661E-10
0.00718507 0.119751 1.26869E-10
-0.00374268 0.062378 1.23596E-10
0.0139379 0.232299 1.25802E-10
-0.0142895 0.238158 1.24946E-10
-0.00835693 0.139282 1.26925E-10
-0.0054126 0.0902099 1.26156E-10
0.00202881 0.0338136 1.2445E-10
-0.00753662 0.12561 1.26759E-10
0.00791749 0.131958 1.28117E-10
0.00826904 0.137817 1.25663E-10
0.0142162 0.236937 1.25122E-10
0.0145531 0.242553 1.25286E-10
0.015725 0.262084 1.26264E-10
0.00383058 0.0638429 1.23362E-10
-0.00154541 0.0257568 1.26101E-10
0.00819579 0.136597 1.27319E-10
-0.00583742 0.0972903 1.23745E-10
-0.00441651 0.0736084 1.2548E-10
0.00167724 0.0279541 1.26156E-10
0.00221924 0.0369873 1.25866E-10
-0.00230713 0.0384522 1.26257E-10
0.00519286 0.0865477 1.2364E-10
-0.000783692 0.0130615 1.25916E-10
0.00470948 0.0784913 1.2717E-10
0.0201197 0.335328 1.25346E-10
-0.00202881 0.0338136 1.23948E-10
0.012268 0.204467 1.23532E-10
0.0035962 0.0599367 1.22855E-10
0.0147729 0.246215 1.24406E-10
-0.0050171 0.0836183 1.23995E-10
0.00775635 0.129272 1.25593E-10
0.00281982 0.0469971 1.24518E-10
-0.0045337 0.0755617 1.26276E-10
0.00599854 0.0999756 1.27265E-10
0.00744873 0.124146 1.24318E-10
0.00822509 0.137085 1.24492E-10
-0.00208742 0.0347903 1.26158E-10
0.0157397 0.262328 1.24568E-10
-0.0179808 0.299681 1.25647E-10
-0.014392 0.239867 1.2538E-10
0.00882567 0.147095 1.22356E-10
0.0086792 0.144653 1.26724E-10
0.00261474 0.0435791 1.23679E-10
0.00246826 0.0411377 1.24891E-10
0.0096167 0.160278 1.27108E-10
0.0126781 0.211303 1.25309E-10
-0.00812255 0.135376 1.25329E-10
0.021145 0.352417 1.26905E-10
0.000754395 0.0125733 1.27296E-10
-0.0164135 0.273559 1.25314E-10
-0.00324463 0.0540772 1.24994E-10
-0.00744873 0.124146 1.27097E-10
-0.00523682 0.0872803 1.25734E-10
0.0127807 0.213012 1.25119E-10
-0.00210206 0.0350343 1.27288E-10
0.00180909 0.0301514 1.25605E-10
-0.00806396 0.134399 1.24494E-10
-0.0035083 0.0584717 1.24819E-10
0.00346436 0.0577393 1.24276E-10
0.00736085 0.122681 1.24264E-10
0.00153076 0.0255128 1.26424E-10
0.00100342 0.0167236 1.28005E-10
-0.0191967 0.319946 1.25029E-10
0.000666505 0.0111084 1.23468E-10
0.00743409 0.123901 1.26409E-10
0.00243897 0.0406496 1.24264E-10
0.00254151 0.0423584 1.26625E-10
-0.00510499 0.0850831 1.26208E-10
-0.000461426 0.00769043 1.23844E-10
-0.00588134 0.0980224 1.22626E-10
-0.0058667 0.0977783 1.25145E-10
0.0104369 0.173948 1.25551E-10
-0.00747804 0.124634 1.26004E-10
-0.00863525 0.143921 1.24116E-10
-0.000930176 0.0155029 1.26686E-10
0.000812989 0.0135498 1.26161E-10
-0.00684814 0.114136 1.22157E-10
-0.0116968 0.194947 1.24867E-10
-0.00242432 0.0404054 1.26254E-10
0.0106274 0.177123 1.25902E-10
0.0121655 0.202758 1.25116E-10
0.00881103 0.146851 1.26254E-10
-0.00459228 0.0765381 1.25677E-10
0.0002417 0.00402833 1.23986E-10
0.0167066 0.278443 1.26517E-10
0.00744873 0.124146 1.23842E-10
0.00384522 0.064087 1.26487E-10
-0.00542725 0.0904541 1.22731E-10
0.012473 0.207884 1.25571E-10
0.0086499 0.144165 1.25006E-10
-0.0115649 0.192749 1.27062E-10
-0.00835693 0.139282 1.25293E-10
0.0128979 0.214966 1.24535E-10
-0.00381592 0.0635987 1.26503E-10
-0.00161865 0.0269775 1.23091E-10
-0.00656982 0.109497 1.26342E-10
-0.009104 0.151733 1.23609E-10
-0.00930907 0.155151 1.27345E-10
0.0120336 0.200561 1.25399E-10
0.00533936 0.0889893 1.24697E-10
0.004021 0.0670166 1.26231E-10
0.00507569 0.0845948 1.24434E-10
-0.0167798 0.279663 1.24856E-10
0.0172777 0.287962 1.23821E-10
0.0145825 0.243041 1.24524E-10
-0.00454836 0.0758059 1.23206E-10
0.00823974 0.137329 1.23519E-10
-0.00478271 0.0797119 1.26313E-10
0.00240968 0.0401613 1.25567E-10
-0.0151977 0.253296 1.23696E-10
-0.00443115 0.0738526 1.26931E-10
-0.00172119 0.0286864 1.24939E-10
0.00202881 0.0338136 1.27072E-10
-0.00577881 0.0963136 1.26692E-10
-0.00555908 0.0926513 1.24573E-10
0.0117846 0.19641 1.25028E-10
0.000461426 0.00769043 1.25865E-10
0.0185083 0.308472 1.23988E-10
0.00793213 0.132202 1.2419E-10
-0.00526611 0.0877685 1.23304E-10
-0.00551514 0.0919189 1.23912E-10
0.015769 0.262817 1.24687E-10
0.00526611 0.0877685 1.24118E-10
-0.000578614 0.00964357 1.2199E-10
0.00321533 0.0535889 1.25926E-10
-0.0104662 0.174437 1.2594E-10
-0.00516358 0.0860596 1.26288E-10
0.00828368 0.138061 1.2583E-10
-0.0101733 0.169555 1.24897E-10
-0.00292237 0.0487061 1.25012E-10
0.00569092 0.0948486 1.22446E-10
-0.0108325 0.180541 1.24239E-10
0.0164721 0.274535 1.22029E-10
-0.00993895 0.165649 1.24223E-10
0.000109864 0.00183106 1.25428E-10
-0.000417481 0.00695803 1.23268E-10
0.00308351 0.0513918 1.25182E-10
-0.00374268 0.062378 1.2613E-10
-0.00205812 0.0343019 1.21792E-10
-0.00617431 0.102905 1.24954E-10
0.018728 0.312134 1.26794E-10
0.001604 0.0267334 1.25308E-10
-0.0164574 0.274291 1.24717E-10
-0.0180687 0.301146 1.24982E-10
0.0122241 0.203735 1.26524E-10
0.000578614 0.00964357 1.26103E-10
0.000344239 0.00573732 1.22723E-10
0.00302491 0.0504153 1.23112E-10
-0.00387452 0.0645753 1.2168E-10
-0.0180394 0.300657 1.24329E-10
-0.0200318 0.333863 1.23593E-10
0.0202661 0.337767 1.23871E-10
0.0153295 0.255492 1.23094E-10
0.00106201 0.0177003 1.26198E-10
0.00473877 0.0789796 1.25282E-10
0.0111255 0.185425 1.24349E-10
0.00469482 0.0782471 1.2536E-10
0.00475343 0.0792238 1.252E-10
0.00295167 0.0491944 1.23293E-10
0.000212403 0.00354005 1.26534E-10
0.000930176 0.0155029 1.2456E-10
-0.0134691 0.224486 1.2316E-10
-0.0205005 0.341675 1.27112E-10
-0.000886231 0.0147705 1.259E-10
-0.00213135 0.0355226 1.24305E-10
-0.00784424 0.130737 1.23492E-10
0.0138207 0.230346 1.23871E-10
0.0076538 0.127563 1.22881E-10
