-9.5215E-05 0.00158692 4.12499E-10
0.000227051 0.00378418 3.80766E-10
0.00649659 0.108276 4.22958E-10
0.00633546 0.105591 4.11873E-10
-0.00141357 0.0235596 4.08564E-10
0.00364015 0.0606691 4.09618E-10
0.00484132 0.0806886 3.90768E-10
-0.00468018 0.078003 3.84267E-10
-0.00163329 0.0272216 4.05774E-10
-0.0118871 0.198119 3.88178E-10
-0.00391847 0.0653078 4.14152E-10
0.00988037 0.164673 4.06207E-10
0.0105834 0.17639 3.99357E-10
-3.66213E-05 0.000610354 4.03523E-10
-0.000417481 0.00695803 3.93522E-10
-0.00195557 0.0325928 4.10594E-10
-0.00349366 0.0582276 4.07243E-10
0.00558837 0.0931396 4.09074E-10
-0.00872314 0.145386 3.90953E-10
-0.000739747 0.0123291 3.90567E-10
-0.0072876 0.12146 4.05843E-10
0.00339112 0.0565187 4.04596E-10
0.00838623 0.13977 3.93229E-10
0.00503175 0.0838624 4.08332E-10
-0.00293702 0.0489503 4.0509E-10
0.00413818 0.0689697 3.95245E-10
0.0112134 0.186889 4.1193E-10
0.00560302 0.0933837 4.11056E-10
0.0182445 0.304076 4.11356E-10
0.00511963 0.0853273 3.92544E-10
-0.00542725 0.0904541 4.11295E-10
-0.00488525 0.0814209 3.96532E-10
0.00971924 0.161987 4.10019E-10
0.0115064 0.191773 4.08677E-10
0.00418213 0.0697022 4.01222E-10
-0.00617431 0.102905 4.08924E-10
-0.0226978 0.378297 4.0291E-10
-0.001604 0.0267334 4.08588E-10
-0.00554444 0.0924073 3.89336E-10
-0.000314942 0.00524903 4.08309E-10
0.0127954 0.213256 4.02359E-10
0.000607911 0.0101319 3.89512E-10
0.011477 0.191284 4.09849E-10
-0.00446046 0.0743409 3.89764E-10
-0.00303956 0.0506593 4.02925E-10
0.00175048 0.0291747 4.22288E-10
-0.00526611 0.0877685 4.08563E-10
0.00309815 0.0516358 4.07721E-10
0.00221924 0.0369873 4.05745E-10
-0.00182373 0.0303956 4.11351E-10
0.00368409 0.0614015 4.0339E-10
0.00173584 0.0289306 3.92421E-10
0.00164795 0.0274658 4.01069E-10
0.000476075 0.00793458 4.03414E-10
0.000754395 0.0125733 4.11036E-10
-0.00148682 0.0247803 4.07292E-10
-0.00841553 0.140259 4.08833E-10
-0.0212622 0.354369 4.06377E-10
-0.0151831 0.253052 3.89346E-10
0.00610108 0.101685 4.02603E-10
0.0174243 0.290405 4.04309E-10
-0.0281176 0.468627 3.9971E-10
-0.0016919 0.0281983 4.05753E-10
0.00378663 0.0631104 3.9919E-10
-0.0040503 0.0675049 3.96278E-10
0.0110376 0.183959 4.26166E-10
-0.0120483 0.200805 3.997E-10
-0.00429931 0.0716553 4.08718E-10
-0.00321533 0.0535889 3.93124E-10
-0.00481202 0.0802003 4.03157E-10
-0.00443115 0.0738526 4.11292E-10
-0.00340576 0.0567628 4.05781E-10
0.0116235 0.193726 4.08831E-10
-0.0141576 0.23596 4.01604E-10
0.00646728 0.107788 3.91855E-10
0.00813719 0.13562 4.09162E-10
-0.0135131 0.225218 4.05858E-10
0.0074048 0.123413 4.08207E-10
0.010935 0.18225 4.03885E-10
0.00577881 0.0963136 3.97972E-10
0.0126342 0.21057 3.98785E-10
-0.00570557 0.0950928 4.0997E-10
-0.0111694 0.186157 4.10749E-10
0.00197021 0.0328369 3.95613E-10
0.00873779 0.14563 4.02956E-10
0.00536865 0.0894775 3.90743E-10
-0.000739747 0.0123291 4.06095E-10
-0.00176514 0.0294189 3.89552E-10
-0.0199878 0.33313 3.8914E-10
-0.0118432 0.197387 4.05118E-10
0.0144946 0.241577 4.09817E-10
-0.000139161 0.00231935 4.01809E-10
0.00192626 0.0321044 4.04585E-10
-0.00863525 0.143921 4.0655E-10
0.00358156 0.0596926 4.09126E-10
-0.0121508 0.202514 3.91973E-10
0.012268 0.204467 4.09376E-10
-0.00315674 0.0526123 3.89698E-10
-0.00920655 0.153442 3.88533E-10
-0.0165454 0.275756 3.90346E-10
0.00158936 0.0264893 4.10152E-10
0.0242212 0.403687 3.93632E-10
0.00114991 0.0191651 3.92772E-10
5.12697E-05 0.000854496 3.90626E-10
0.00932372 0.155395 4.0499E-10
-0.00230713 0.0384522 4.29087E-10
-0.000739747 0.0123291 4.15206E-10
0.00639406 0.106568 4.07946E-10
0.0198266 0.330444 3.96366E-10
-0.00100342 0.0167236 4.17045E-10
-0.0118286 0.197142 4.11797E-10
-0.00528075 0.0880126 3.89827E-10
0.00214601 0.0357668 3.87842E-10
0.0076831 0.128052 4.07407E-10
-0.00306886 0.0511476 3.90698E-10
0.00511963 0.0853273 3.88367E-10
3.66213E-05 0.000610354 4.06165E-10
0.00901611 0.150269 3.88575E-10
-0.0117699 0.196166 3.94031E-10
0.00484132 0.0806886 4.22387E-10
0.00734619 0.122437 3.87683E-10
0.00136964 0.0228273 4.01149E-10
0.0117407 0.195678 4.08727E-10
0.00182373 0.0303956 3.94873E-10
-0.00158936 0.0264893 4.09994E-10
-0.011521 0.192017 3.98547E-10
0.00156005 0.0260009 3.89576E-10
0.0179662 0.299437 4.0345E-10
0.00596923 0.0994872 3.90757E-10
-0.004021 0.0670166 3.94674E-10
0.0205883 0.343139 3.9529E-10
-0.0106713 0.177855 4.01636E-10
0.00356691 0.0594484 4.21814E-10
-0.00216065 0.0360108 3.95453E-10
-0.000534668 0.00891113 3.8843E-10
0.010935 0.18225 4.00039E-10
0.00848876 0.141479 3.94108E-10
-0.00475343 0.0792238 4.02334E-10
-0.00791749 0.131958 4.00997E-10
-0.00400634 0.0667724 4.00616E-10
0.0172192 0.286987 4.0787E-10
0.000373536 0.0062256 4.09743E-10
0.00302491 0.0504153 4.12323E-10
0.00552979 0.0921631 4.04358E-10
0.0120044 0.200073 4.08298E-10
0.00668701 0.11145 4.01617E-10
-0.00804931 0.134155 4.12743E-10
0.00368409 0.0614015 4.10112E-10
-0.019182 0.319701 4.09531E-10
-0.00832763 0.138794 3.91211E-10
0.00595459 0.0992432 3.89548E-10
-0.00161865 0.0269775 4.06114E-10
-0.00475343 0.0792238 3.91189E-10
-0.0090747 0.151245 3.954E-10
-0.00756592 0.126099 4.0146E-10
0.0111547 0.185913 4.06885E-10
-0.00503175 0.0838624 3.95072E-10
-0.0122095 0.203491 3.869E-10
0.000417481 0.00695803 3.90211E-10
0.00385987 0.0643311 3.90091E-10
0.00465089 0.0775148 4.03953E-10
0.00889893 0.148315 4.07701E-10
0.0166186 0.276977 4.08855E-10
0.00355225 0.0592042 4.09403E-10
0.00342042 0.0570069 4.14742E-10
0.0054126 0.0902099 3.8311E-10
-0.0076831 0.128052 4.04538E-10
0.000666505 0.0111084 3.86934E-10
-0.0101879 0.169799 4.08182E-10
0.00755127 0.125855 4.08858E-10
0.00437257 0.0728761 4.06322E-10
-0.00560302 0.0933837 4.09751E-10
0.00460694 0.0767823 4.01921E-10
0.0112866 0.188111 3.8982E-10
-0.000974122 0.0162354 4.11183E-10
-0.00717042 0.119507 3.89533E-10
-0.00443115 0.0738526 4.2998E-10
0.00448975 0.0748292 4.08131E-10
0.00309815 0.0516358 4.08323E-10
-0.0197973 0.329956 4.20228E-10
0.00580811 0.0968019 3.91737E-10
-0.00845946 0.140991 3.85377E-10
-0.00617431 0.102905 4.1151E-10
-0.000285645 0.00476075 4.1072E-10
-0.0108764 0.181273 3.99305E-10
-0.0142016 0.236693 3.89811E-10
-0.00315674 0.0526123 4.07907E-10
-0.0128393 0.213988 3.99906E-10
-0.00646728 0.107788 3.98648E-10
0.00292237 0.0487061 4.0722E-10
0.00413818 0.0689697 4.10692E-10
-0.010935 0.18225 4.029E-10
-0.00268799 0.0447998 3.78269E-10
-0.00722901 0.120484 4.13331E-10
0.000988771 0.0164795 4.02274E-10
-0.00844482 0.140747 4.1456E-10
-0.0118725 0.197875 4.08726E-10
0.0183031 0.305052 4.10227E-10
0.00585206 0.0975343 4.02002E-10
0.00298097 0.0496828 3.80241E-10
