0.00857665 0.142944 6.51268E-11
-0.00497315 0.0828858 6.64544E-11
0.00466554 0.0777589 6.48058E-11
0.0145385 0.242308 6.51652E-11
0.0200903 0.334839 6.59917E-11
0.00627685 0.104614 6.66346E-11
0.00662842 0.110474 6.61977E-11
-0.00340576 0.0567628 6.66545E-11
-0.00525147 0.0875244 6.6474E-11
-0.021101 0.351683 6.61553E-11
-0.016853 0.280883 6.68761E-11
0.0163696 0.272827 6.47896E-11
-0.00614503 0.102417 6.6401E-11
0.00936767 0.156128 6.66056E-11
0.0125463 0.209105 6.53692E-11
-0.00388916 0.0648194 6.45937E-11
0.00478271 0.0797119 6.65957E-11
-0.00763916 0.127319 6.67353E-11
-0.00396242 0.0660403 6.64197E-11
0.00298097 0.0496828 6.47976E-11
-0.00106201 0.0177003 6.51484E-11
-0.00238038 0.0396729 6.47258E-11
-0.00460694 0.0767823 6.66157E-11
0.00511963 0.0853273 6.54665E-11
0.00787354 0.131226 6.46062E-11
-0.00252685 0.0421142 6.63448E-11
0.00295167 0.0491944 6.6522E-11
0.00309815 0.0516358 6.48318E-11
0.00859131 0.143188 6.64571E-11
-0.00208742 0.0347903 6.47876E-11
-0.0154174 0.256957 6.63045E-11
-0.00336182 0.0560304 6.65652E-11
-0.00973389 0.162231 6.63324E-11
-0.00320068 0.0533448 6.52604E-11
0.0050464 0.0841066 6.47729E-11
-0.0115356 0.192261 6.59475E-11
0.00188233 0.0313721 6.67958E-11
0.0174389 0.290648 6.47843E-11
-0.00583742 0.0972903 6.65702E-11
0.00684814 0.114136 6.62654E-11
0.00438721 0.0731202 6.47061E-11
-0.010891 0.181517 6.62731E-11
0.00491456 0.0819093 6.45918E-11
-0.0135131 0.225218 6.49094E-11
0.0175122 0.29187 6.46566E-11
-0.0166039 0.276732 6.49708E-11
0.004563 0.07605 6.57931E-11
-0.0148901 0.248168 6.66371E-11
-0.0118139 0.196898 6.626E-11
-0.0160034 0.266723 6.47835E-11
0.00539795 0.0899658 6.48893E-11
-0.00479736 0.0799561 6.51633E-11
-0.00881103 0.146851 6.53123E-11
-0.00706787 0.117798 6.67035E-11
-0.0115796 0.192993 6.66672E-11
-0.00719972 0.119995 6.53898E-11
0.0187866 0.31311 6.52511E-11
0.00731691 0.121948 6.64806E-11
0.0135131 0.225218 6.64364E-11
-0.000109864 0.00183106 6.47947E-11
0.0050464 0.0841066 6.4405E-11
0.00239503 0.0399171 6.66055E-11
-0.00722901 0.120484 6.65271E-11
-0.00368409 0.0614015 6.47286E-11
-0.00506105 0.0843508 6.66341E-11
-0.00822509 0.137085 6.70717E-11
-0.0123266 0.205443 6.65339E-11
-0.00179444 0.0299073 6.62177E-11
0.00927978 0.154663 6.4881E-11
0.0031421 0.0523683 6.48433E-11
0.00043213 0.00720217 6.5246E-11
0.0058667 0.0977783 6.49285E-11
-0.00330322 0.0550537 6.67679E-11
0.0150513 0.250855 6.50528E-11
-0.00637941 0.106323 6.52394E-11
0.0138354 0.23059 6.47285E-11
-0.00717042 0.119507 6.63298E-11
0.00695068 0.115845 6.47243E-11
-0.00715576 0.119263 6.66532E-11
0.000944824 0.0157471 6.62926E-11
-0.00944092 0.157349 6.65709E-11
-0.00775635 0.129272 6.46004E-11
-0.0106274 0.177123 6.66251E-11
0.00432862 0.0721436 6.6388E-11
0.00173584 0.0289306 6.52537E-11
-0.000974122 0.0162354 6.46067E-11
0.0176586 0.294311 6.51294E-11
-0.000109864 0.00183106 6.51332E-11
-0.00397706 0.0662843 6.6466E-11
-0.012473 0.207884 6.63619E-11
0.009646 0.160767 6.6357E-11
0.0128393 0.213988 6.64599E-11
0.00425537 0.0709229 6.47484E-11
0.0109643 0.182738 6.47222E-11
0.00888428 0.148071 6.54351E-11
-0.00425537 0.0709229 6.62766E-11
0.0189038 0.315064 6.6214E-11
-0.0101879 0.169799 6.57526E-11
-0.0109643 0.182738 6.50228E-11
-0.0102758 0.171264 6.48935E-11
-0.00506105 0.0843508 6.54652E-11
-0.0072583 0.120972 6.6779E-11
-0.00837157 0.139526 6.6495E-11
0.0140845 0.234742 6.60151E-11
0.000153809 0.00256348 6.66084E-11
-0.0090454 0.150757 6.66556E-11
0.00110596 0.0184326 6.55053E-11
-0.00517822 0.0863037 6.66529E-11
-0.00485597 0.0809328 6.5239E-11
0.00577881 0.0963136 6.47455E-11
-0.0119457 0.199096 6.68151E-11
-0.00120849 0.0201416 6.66029E-11
-0.00062256 0.010376 6.5223E-11
0.00714112 0.119019 6.52834E-11
0.00615967 0.102661 6.62823E-11
-0.000139161 0.00231935 6.59796E-11
0.000915527 0.0152588 6.54713E-11
-0.0155932 0.259887 6.50714E-11
-0.0138354 0.23059 6.53949E-11
0.00380127 0.0633546 6.49188E-11
-0.00545655 0.0909424 6.49601E-11
-0.00567626 0.0946044 6.63094E-11
-0.00397706 0.0662843 6.54786E-11
0.0130737 0.217896 6.48903E-11
0.00990965 0.165161 6.57787E-11
-0.0142162 0.236937 6.49825E-11
-0.00598389 0.0997314 6.66906E-11
0.0136596 0.22766 6.64812E-11
0.00797607 0.132935 6.50462E-11
-0.0217017 0.361695 6.4645E-11
0.00570557 0.0950928 6.52852E-11
0.0102466 0.170777 6.63262E-11
0.00229249 0.0382081 6.46043E-11
-0.00391847 0.0653078 6.6592E-11
-0.00974853 0.162476 6.63661E-11
0.00413818 0.0689697 6.50124E-11
-0.0109057 0.181762 6.46072E-11
-0.00416749 0.0694581 6.54469E-11
0.0123851 0.206419 6.64959E-11
-0.0137915 0.229858 6.54061E-11
0.00601318 0.10022 6.57324E-11
-0.0054419 0.0906983 6.66124E-11
0.00214601 0.0357668 6.65689E-11
-0.00866454 0.144409 6.66839E-11
0.00762452 0.127075 6.66083E-11
-0.00570557 0.0950928 6.48073E-11
0.0113452 0.189087 6.48396E-11
-0.00207276 0.0345461 6.68003E-11
-0.00482666 0.0804444 6.54609E-11
0.0156811 0.261352 6.53698E-11
-0.0189771 0.316285 6.63483E-11
0.00564698 0.0941163 6.63209E-11
0.00793213 0.132202 6.46078E-11
0.00473877 0.0789796 6.4749E-11
-0.00071045 0.0118408 6.65622E-11
-0.01385 0.230834 6.63351E-11
0.00702393 0.117066 6.47452E-11
0.00432862 0.0721436 6.61611E-11
0.00191162 0.0318603 6.48024E-11
0.00236572 0.0394287 6.46753E-11
-0.0063501 0.105835 6.63919E-11
-0.0157983 0.263305 6.50421E-11
0.00147217 0.0245361 6.47874E-11
-0.00422608 0.0704346 6.48E-11
-0.0163696 0.272827 6.60185E-11
0.00132569 0.0220948 6.55147E-11
-0.00533936 0.0889893 6.63675E-11
0.0156078 0.260131 6.44925E-11
-0.000886231 0.0147705 6.67101E-11
0.0049292 0.0821534 6.55889E-11
0.010891 0.181517 6.52905E-11
-0.00473877 0.0789796 6.50537E-11
-0.0167358 0.27893 6.63341E-11
-0.00503175 0.0838624 6.48067E-11
0.0110082 0.183471 6.66438E-11
0.00595459 0.0992432 6.6681E-11
-0.0066577 0.110962 6.4811E-11
-0.00369873 0.0616456 6.64941E-11
0.00782959 0.130493 6.63209E-11
0.00374268 0.062378 6.48335E-11
-0.00101806 0.0169677 6.61016E-11
-0.009646 0.160767 6.66863E-11
-0.00327392 0.0545654 6.54519E-11
0.00443115 0.0738526 6.54407E-11
0.00772705 0.128784 6.61848E-11
-0.0149194 0.248657 6.65652E-11
-0.00248291 0.0413818 6.49586E-11
0.00715576 0.119263 6.48523E-11
-0.0022046 0.0367433 6.53752E-11
-0.00185303 0.0308838 6.4786E-11
0.0124291 0.207152 6.6014E-11
0.00182373 0.0303956 6.52676E-11
0.0212915 0.354858 6.46448E-11
-0.00349366 0.0582276 6.46309E-11
0.00233642 0.0389404 6.56102E-11
-0.000666505 0.0111084 6.47919E-11
-5.12697E-05 0.000854496 6.57414E-11
0.00879639 0.146606 6.6512E-11
0.000314942 0.00524903 6.66161E-11
0.0175415 0.292357 6.6193E-11
