0.0107446 0.179077 6.70655E-11
0.0190209 0.317015 6.84199E-11
0.0129272 0.215453 6.86073E-11
-0.00462159 0.0770264 6.85154E-11
-0.00195557 0.0325928 6.71038E-11
-0.0103783 0.172972 6.72743E-11
0.0163256 0.272093 6.87638E-11
-0.00696533 0.116089 6.73228E-11
0.001604 0.0267334 6.84116E-11
0.0165014 0.275023 6.88418E-11
-0.00353761 0.0589601 6.83982E-11
-0.0111108 0.185181 6.6988E-11
0.0151831 0.253052 6.70476E-11
0.00396242 0.0660403 6.82967E-11
-0.00361086 0.0601809 6.8741E-11
-0.00312745 0.0521241 6.75143E-11
0.0155053 0.258422 6.75121E-11
-0.00840087 0.140015 6.70646E-11
-0.0115356 0.192261 6.77673E-11
0.00989501 0.164917 6.84902E-11
-0.00882567 0.147095 6.87113E-11
0.00189697 0.0316162 6.86752E-11
-0.00484132 0.0806886 6.71573E-11
0.00730226 0.121704 6.88916E-11
-0.0135864 0.226439 6.73679E-11
-0.0030542 0.0509034 6.70971E-11
0.00330322 0.0550537 6.72181E-11
-0.00879639 0.146606 6.90362E-11
-0.00343507 0.0572511 6.83966E-11
-0.004021 0.0670166 6.78031E-11
0.0345336 0.575561 6.8938E-11
-0.0050171 0.0836183 6.81691E-11
0.00397706 0.0662843 6.86194E-11
-0.00284912 0.0474853 6.88575E-11
0.00440185 0.0733642 6.797E-11
0.00996824 0.166137 6.72943E-11
0.00460694 0.0767823 6.7127E-11
-0.00236572 0.0394287 6.71723E-11
-0.000549317 0.00915528 6.79703E-11
-0.00648194 0.108032 6.78453E-11
0.00364015 0.0606691 6.85442E-11
-0.00216065 0.0360108 6.87483E-11
-0.0107738 0.179564 6.84321E-11
-0.00216065 0.0360108 6.70767E-11
-0.00138428 0.0230713 6.69918E-11
-0.00239503 0.0399171 6.73597E-11
-0.0162231 0.270386 6.8443E-11
0.0129711 0.216186 6.76327E-11
0.0049292 0.0821534 6.84547E-11
0.0107299 0.178832 6.77947E-11
-0.0146557 0.244262 6.86847E-11
-0.00435792 0.0726319 6.79771E-11
0.0016626 0.0277099 6.78692E-11
-0.00431397 0.0718994 6.84127E-11
-0.0052954 0.0882567 6.9591E-11
-0.00730226 0.121704 6.77935E-11
-0.0112427 0.187378 6.89332E-11
0.00284912 0.0474853 6.85341E-11
-0.000402833 0.00671388 6.70672E-11
-0.00804931 0.134155 6.89501E-11
0.00242432 0.0404054 6.85322E-11
-0.000490723 0.00817872 6.8934E-11
0.00711183 0.11853 6.73929E-11
-0.0169409 0.282348 6.78891E-11
0.0202954 0.338257 6.8105E-11
-0.0011792 0.0196533 6.72848E-11
-0.00531006 0.0885009 6.81692E-11
0.00229249 0.0382081 6.74691E-11
-0.000725098 0.012085 6.91845E-11
-0.00324463 0.0540772 6.8532E-11
0.0131615 0.219358 6.70151E-11
-0.00488525 0.0814209 6.70946E-11
-0.00246826 0.0411377 6.72301E-11
0.00976319 0.16272 6.86052E-11
-0.0127954 0.213256 6.85632E-11
0.0105688 0.176147 6.71009E-11
-0.00954345 0.159058 6.68968E-11
-0.00872314 0.145386 6.87406E-11
0.0110376 0.183959 6.83203E-11
-0.00179444 0.0299073 6.89927E-11
0.00163329 0.0272216 6.83968E-11
0.00709717 0.118286 6.70724E-11
0.00425537 0.0709229 6.84318E-11
0.00897217 0.149536 6.75473E-11
0.00280518 0.0467529 6.83992E-11
-0.00110596 0.0184326 6.76041E-11
-0.00434326 0.0723878 6.85509E-11
0.00122315 0.0203858 6.73116E-11
0.00139893 0.0233154 6.81893E-11
-0.0137768 0.229613 6.84974E-11
-0.00719972 0.119995 6.86517E-11
0.000578614 0.00964357 6.85422E-11
0.0129272 0.215453 6.82216E-11
0.0068335 0.113892 6.72593E-11
-0.00676024 0.112671 6.83181E-11
-0.00576416 0.0960694 6.71068E-11
-0.0110376 0.183959 6.73523E-11
0.0109936 0.183227 6.84458E-11
0.00141357 0.0235596 6.88273E-11
0.00519286 0.0865477 6.81873E-11
-0.0172777 0.287962 6.81284E-11
0.000695801 0.0115967 6.8564E-11
-0.00148682 0.0247803 6.89951E-11
0.0010913 0.0181884 6.87231E-11
0.00293702 0.0489503 6.66702E-11
0.00257079 0.0428466 6.85137E-11
-0.00142822 0.0238037 6.71344E-11
-0.0100707 0.167846 6.70583E-11
0.000183106 0.00305178 6.86897E-11
-0.00188233 0.0313721 6.84783E-11
-0.00312745 0.0521241 6.7806E-11
-0.00249756 0.0416259 6.83203E-11
-0.00837157 0.139526 6.73552E-11
-0.0145385 0.242308 6.6995E-11
-0.00941162 0.15686 6.6964E-11
0.00156005 0.0260009 6.70042E-11
-0.0110082 0.183471 6.88183E-11
0.00533936 0.0889893 6.70211E-11
0.000314942 0.00524903 6.86458E-11
0.0204272 0.340453 6.79526E-11
-0.0101879 0.169799 6.89767E-11
-0.00747804 0.124634 6.87321E-11
0.010935 0.18225 6.86203E-11
-0.000212403 0.00354005 6.85313E-11
0.00318604 0.0531006 6.84842E-11
-0.00542725 0.0904541 6.84584E-11
0.00468018 0.078003 6.89927E-11
-0.000959473 0.0159912 6.84727E-11
-0.00741945 0.123657 6.84431E-11
-0.0127221 0.212035 6.91037E-11
-0.00640871 0.106812 6.8505E-11
0.00882567 0.147095 6.85266E-11
-0.00183839 0.0306398 6.87908E-11
-0.000183106 0.00305178 6.8737E-11
-0.0138647 0.231079 6.72758E-11
-0.0184204 0.307007 6.82165E-11
0.000314942 0.00524903 6.87041E-11
0.00487061 0.0811768 6.88946E-11
-0.00700929 0.116821 6.79503E-11
-0.0153735 0.256224 6.73166E-11
0.00494386 0.0823976 6.83744E-11
-0.00881103 0.146851 6.71538E-11
0.00364015 0.0606691 6.85081E-11
0.0140258 0.233764 6.73206E-11
-0.0128832 0.214721 6.83801E-11
-0.0215698 0.359497 6.89084E-11
-0.0163696 0.272827 6.75218E-11
-0.000139161 0.00231935 6.8426E-11
-0.021394 0.356567 6.84629E-11
0.00617431 0.102905 6.87727E-11
0.000959473 0.0159912 6.86573E-11
-0.00229249 0.0382081 6.84237E-11
-0.0202367 0.337279 6.83575E-11
0.0176733 0.294555 6.69855E-11
-0.00287842 0.0479736 6.85903E-11
-0.0104369 0.173948 6.73829E-11
0.0109057 0.181762 6.85987E-11
0.00372804 0.0621339 6.85644E-11
-0.00257079 0.0428466 6.86959E-11
0.000461426 0.00769043 6.79724E-11
0.00416749 0.0694581 6.66324E-11
-0.000871582 0.0145264 6.83993E-11
0.0144652 0.241087 6.84283E-11
0.00454836 0.0758059 6.83008E-11
-5.12697E-05 0.000854496 6.73276E-11
-0.017849 0.297484 6.85438E-11
0.00134034 0.0223389 6.77071E-11
0.00642336 0.107056 6.83545E-11
-0.0101294 0.168823 6.89795E-11
-0.00470948 0.0784913 6.85649E-11
0.00998289 0.166381 6.81551E-11
-0.000812989 0.0135498 6.8046E-11
0.0067749 0.112915 6.85246E-11
0.00298097 0.0496828 6.86021E-11
0.00585206 0.0975343 6.89289E-11
0.00513429 0.0855714 6.73204E-11
-0.0116382 0.19397 6.84026E-11
-0.0100268 0.167113 6.84281E-11
0.0208373 0.347288 6.87683E-11
-0.00741945 0.123657 6.7693E-11
-0.0121216 0.202027 6.89366E-11
-0.00296631 0.0494386 6.86345E-11
-0.00407959 0.0679932 6.6904E-11
-0.00497315 0.0828858 6.86596E-11
0.00916259 0.15271 6.7048E-11
-0.0053247 0.0887451 6.82871E-11
-0.0124584 0.20764 6.75416E-11
-0.00579347 0.0965578 6.73108E-11
0.00702393 0.117066 6.67084E-11
0.000754395 0.0125733 6.84796E-11
0.00791749 0.131958 6.86524E-11
0.00425537 0.0709229 6.73107E-11
0.00829834 0.138306 6.83919E-11
-0.000827638 0.013794 6.84596E-11
-0.00132569 0.0220948 6.8549E-11
0.0105101 0.175169 6.8163E-11
-0.00695068 0.115845 6.84266E-11
-0.00216065 0.0360108 6.69807E-11
0.00700929 0.116821 6.85097E-11
-0.0035962 0.0599367 6.89383E-11
