-0.00383058 0.0638429 3.76478E-10
-0.00216065 0.0360108 3.72059E-10
0.00268799 0.0447998 3.72634E-10
0.00495851 0.0826417 3.70892E-10
0.000681153 0.0113526 3.7551E-10
0.00180909 0.0301514 3.85804E-10
-0.0110082 0.183471 3.86063E-10
0.0119311 0.198852 3.71544E-10
-0.00221924 0.0369873 3.71667E-10
-0.00327392 0.0545654 3.76224E-10
0.00413818 0.0689697 3.71284E-10
0.0121508 0.202514 3.76002E-10
0.0154467 0.257446 3.73341E-10
-0.00235108 0.0391846 3.74308E-10
-0.0072583 0.120972 3.72307E-10
-0.00182373 0.0303956 3.68169E-10
0.00681885 0.113647 3.75719E-10
0.00245362 0.0408937 3.64964E-10
0.00520752 0.0867919 3.63605E-10
-0.00208742 0.0347903 3.70417E-10
0.00775635 0.129272 3.71691E-10
0.00576416 0.0960694 3.638E-10
0.00988037 0.164673 3.84035E-10
-0.00431397 0.0718994 3.72602E-10
0.0102173 0.170288 3.64393E-10
0.00743409 0.123901 3.87051E-10
-0.00466554 0.0777589 3.85168E-10
0.000988771 0.0164795 3.74036E-10
0.000256348 0.00427247 3.76187E-10
0.00129639 0.0216064 3.76838E-10
0.00293702 0.0489503 3.72048E-10
-0.00368409 0.0614015 3.71748E-10
0.00457764 0.076294 3.70095E-10
0.00847412 0.141235 3.64603E-10
-0.00052002 0.008667 3.66383E-10
0.00986572 0.164429 3.86551E-10
-0.0104222 0.173704 3.7402E-10
-0.0045337 0.0755617 3.71158E-10
0.00821045 0.136841 3.72178E-10
0.00366945 0.0611574 3.74611E-10
0.0035083 0.0584717 3.86086E-10
0.0117846 0.19641 3.70866E-10
-0.00352296 0.0587159 3.65463E-10
0.00126709 0.0211181 3.83718E-10
0.00281982 0.0469971 3.67732E-10
-0.00175048 0.0291747 3.83855E-10
-0.00542725 0.0904541 3.73255E-10
0.00336182 0.0560304 3.8411E-10
0.00315674 0.0526123 3.69404E-10
-0.00699463 0.116577 3.7536E-10
-0.00333253 0.0555421 3.7528E-10
-0.00419677 0.0699463 3.8631E-10
-0.00454836 0.0758059 3.75074E-10
-0.00195557 0.0325928 3.76084E-10
-0.00346436 0.0577393 3.74222E-10
0.00526611 0.0877685 3.71725E-10
-0.00637941 0.106323 3.69306E-10
-0.00488525 0.0814209 3.75652E-10
-0.00279053 0.0465088 3.84001E-10
-0.00391847 0.0653078 3.66815E-10
-0.005896 0.0982666 3.62641E-10
-0.0101733 0.169555 3.71863E-10
0.00548583 0.0914306 3.63345E-10
0.00301026 0.0501711 3.8695E-10
0.00164795 0.0274658 3.7616E-10
-0.00517822 0.0863037 3.72389E-10
0.0010913 0.0181884 3.62351E-10
0.00079834 0.0133057 3.73378E-10
-0.00434326 0.0723878 3.72383E-10
-0.00790284 0.131714 3.72432E-10
0.00388916 0.0648194 3.82495E-10
0.0125609 0.209349 3.68072E-10
-0.00569092 0.0948486 3.71016E-10
-0.00374268 0.062378 3.74254E-10
0.0101 0.168334 3.84385E-10
-0.0123851 0.206419 3.75993E-10
0.00189697 0.0316162 3.71934E-10
-0.00371339 0.0618898 3.74111E-10
-0.00239503 0.0399171 3.74475E-10
0.00217529 0.0362549 3.71792E-10
0.00882567 0.147095 3.73303E-10
0.00410888 0.0684814 3.75664E-10
0.00358156 0.0596926 3.76718E-10
0.000944824 0.0157471 3.70901E-10
-0.00368409 0.0614015 3.7103E-10
0.0050464 0.0841066 3.75907E-10
-0.0180394 0.300657 3.7564E-10
-0.0104076 0.17346 3.73656E-10
-0.00383058 0.0638429 3.73773E-10
0.00132569 0.0220948 3.83488E-10
-0.00947022 0.157837 3.75272E-10
9.5215E-05 0.00158692 3.63893E-10
0.000285645 0.00476075 3.70971E-10
-0.00158936 0.0264893 3.77632E-10
0.000812989 0.0135498 3.7078E-10
-0.00299562 0.0499269 3.7548E-10
-0.00131103 0.0218506 3.76209E-10
-0.00388916 0.0648194 3.76549E-10
0.00743409 0.123901 3.72271E-10
-0.00347901 0.0579834 3.73891E-10
-0.00989501 0.164917 3.75245E-10
0.0106859 0.178099 3.74567E-10
0.00188233 0.0313721 3.69529E-10
-0.000476075 0.00793458 3.72572E-10
0.0109204 0.182007 3.83717E-10
0.00618897 0.103149 3.75473E-10
0.0228735 0.381226 3.73064E-10
0.0160766 0.267944 3.69041E-10
-0.00906006 0.151001 3.6151E-10
0.000168458 0.00280763 3.70241E-10
0.0072876 0.12146 3.85071E-10
-0.0115064 0.191773 3.7274E-10
-0.00123779 0.0206298 3.70477E-10
-0.00545655 0.0909424 3.71765E-10
8.05667E-05 0.00134278 3.70902E-10
-0.00460694 0.0767823 3.64803E-10
-0.0086792 0.144653 3.83164E-10
-0.00132569 0.0220948 3.74857E-10
-0.00161865 0.0269775 3.64518E-10
0.00637941 0.106323 3.71613E-10
0.00122315 0.0203858 3.71976E-10
0.0107152 0.178587 3.74831E-10
0.00955811 0.159302 3.82872E-10
-0.00239503 0.0399171 3.85815E-10
-0.00463623 0.0772706 3.86322E-10
0.00970459 0.161743 3.72687E-10
0.00422608 0.0704346 3.75795E-10
-0.00929443 0.154907 3.65131E-10
0.000358888 0.00598146 3.86739E-10
0.000139161 0.00231935 3.75039E-10
0.00290771 0.0484619 3.77954E-10
-0.00202881 0.0338136 3.76523E-10
0.00358156 0.0596926 3.88656E-10
0.00144287 0.0240478 3.68391E-10
-0.00894287 0.149048 3.87078E-10
0.0090454 0.150757 3.74157E-10
0.000109864 0.00183106 3.75208E-10
0.00245362 0.0408937 3.75877E-10
-0.00922119 0.153687 3.84691E-10
-0.0067749 0.112915 3.63619E-10
0.00365479 0.0609132 3.63315E-10
0.00450441 0.0750734 3.69727E-10
-0.00478271 0.0797119 3.67E-10
0.00406495 0.0677491 3.71957E-10
0.00939697 0.156616 3.71393E-10
-0.00620361 0.103394 3.63231E-10
0.00664306 0.110718 3.75466E-10
0.00412354 0.0687256 3.76355E-10
0.00336182 0.0560304 3.83251E-10
-0.00894287 0.149048 3.66186E-10
-0.00651124 0.108521 3.75649E-10
-0.00217529 0.0362549 3.75239E-10
0.00749268 0.124878 3.7845E-10
-0.0121948 0.203247 3.85394E-10
-0.00435792 0.0726319 3.76627E-10
-0.00214601 0.0357668 3.83608E-10
-0.0137036 0.228393 3.72824E-10
-0.00605713 0.100952 3.67545E-10
0.00205812 0.0343019 3.74999E-10
0.000783692 0.0130615 3.75686E-10
0.00201417 0.0335694 3.7536E-10
0.00749268 0.124878 3.75996E-10
0.0177612 0.296021 3.84641E-10
0.00457764 0.076294 3.60249E-10
0.000739747 0.0123291 3.8564E-10
-0.00172119 0.0286864 3.73499E-10
-0.00838623 0.13977 3.86098E-10
0.00344971 0.0574952 3.64066E-10
-0.00469482 0.0782471 3.85311E-10
-0.00271728 0.0452881 3.73557E-10
-0.00516358 0.0860596 3.75151E-10
-0.00479736 0.0799561 3.86449E-10
0.00391847 0.0653078 3.63299E-10
0.00816649 0.136108 3.68497E-10
0.00640871 0.106812 3.70831E-10
-0.00425537 0.0709229 3.65582E-10
-0.00793213 0.132202 3.69909E-10
0.00475343 0.0792238 3.7067E-10
-0.00257079 0.0428466 3.66859E-10
-0.00126709 0.0211181 3.71334E-10
0.00545655 0.0909424 3.71651E-10
-0.00886962 0.147827 3.67931E-10
-0.00955811 0.159302 3.65751E-10
0.00355225 0.0592042 3.7128E-10
-0.0123998 0.206663 3.64211E-10
-0.00569092 0.0948486 3.83509E-10
-0.00182373 0.0303956 3.72476E-10
-0.00545655 0.0909424 3.76006E-10
0.0114917 0.191529 3.85993E-10
0.00618897 0.103149 3.75582E-10
0.00462159 0.0770264 3.62403E-10
-0.00413818 0.0689697 3.75147E-10
0.00550049 0.0916748 3.63092E-10
0.00554444 0.0924073 3.7492E-10
-0.00998289 0.166381 3.72856E-10
-0.00882567 0.147095 3.75799E-10
-0.00119385 0.0198974 3.74859E-10
0.00128173 0.0213622 3.69374E-10
-0.00210206 0.0350343 3.76415E-10
0.00730226 0.121704 3.7236E-10
