-0.00996824 0.166137 7.70777E-11
-0.00696533 0.116089 7.65439E-11
-0.00911865 0.151977 7.7786E-11
0.0105541 0.175903 7.62173E-11
0.00415284 0.0692139 7.68774E-11
0.0166333 0.277222 7.67184E-11
0.00296631 0.0494386 7.73398E-11
0.0138647 0.231079 7.66238E-11
0.00500245 0.0833741 7.71394E-11
0.00834228 0.139038 7.70124E-11
0.000300294 0.00500489 7.70752E-11
0.00444581 0.0740968 7.74593E-11
-0.00473877 0.0789796 7.65158E-11
-0.0116089 0.193482 7.71598E-11
0.0054419 0.0906983 7.77199E-11
0.000695801 0.0115967 7.80903E-11
0.00488525 0.0814209 7.72485E-11
0.00927978 0.154663 7.76434E-11
0.00662842 0.110474 7.61236E-11
6.59183E-05 0.00109864 7.74316E-11
-0.0107446 0.179077 7.65426E-11
0.00708252 0.118042 7.78022E-11
0.000490723 0.00817872 7.75444E-11
0.00101806 0.0169677 7.69407E-11
0.00629151 0.104858 7.64743E-11
0.00485597 0.0809328 7.74252E-11
0.00636475 0.106079 7.62056E-11
0.00999755 0.166626 7.65356E-11
-0.0183471 0.305786 7.71511E-11
0.000842286 0.0140381 7.78862E-11
0.00450441 0.0750734 7.65873E-11
-0.00145751 0.0242919 7.7133E-11
-0.00651124 0.108521 7.7798E-11
0.0022046 0.0367433 7.80985E-11
-0.00358156 0.0596926 7.69429E-11
-0.00479736 0.0799561 7.79396E-11
-0.012517 0.208617 7.78141E-11
-0.00447511 0.0745851 7.81361E-11
-0.00960205 0.160034 7.7892E-11
6.59183E-05 0.00109864 7.63418E-11
0.00372804 0.0621339 7.77593E-11
0.0122534 0.204223 7.8282E-11
0.00816649 0.136108 7.7869E-11
0.0100854 0.16809 7.65537E-11
-0.00816649 0.136108 7.80318E-11
-0.00478271 0.0797119 7.73258E-11
0.0108178 0.180297 7.62254E-11
-0.026682 0.444701 7.70684E-11
0.00243897 0.0406496 7.71897E-11
0.00375733 0.0626221 7.7764E-11
0.00145751 0.0242919 7.76315E-11
-0.00427003 0.0711671 7.77306E-11
0.0016626 0.0277099 7.6089E-11
-0.000563965 0.00939942 7.79025E-11
0.0067749 0.112915 7.74874E-11
-0.00410888 0.0684814 7.76574E-11
0.0274146 0.45691 7.7865E-11
0.00279053 0.0465088 7.64314E-11
0.000109864 0.00183106 7.64581E-11
-8.05667E-05 0.00134278 7.62831E-11
0.00513429 0.0855714 7.62876E-11
0.00648194 0.108032 7.78922E-11
0.00281982 0.0469971 7.63378E-11
-0.0025122 0.0418701 7.71397E-11
0.00145751 0.0242919 7.71548E-11
-0.00484132 0.0806886 7.6563E-11
-0.00636475 0.106079 7.62455E-11
0.00154541 0.0257568 7.62323E-11
0.00468018 0.078003 7.69444E-11
0.00422608 0.0704346 7.76681E-11
0.00302491 0.0504153 7.75072E-11
0.00403565 0.0672608 7.73796E-11
-0.0153588 0.25598 7.75494E-11
0.00254151 0.0423584 7.69739E-11
0.0116822 0.194703 7.73391E-11
0.00176514 0.0294189 7.73012E-11
0.00142822 0.0238037 7.72762E-11
0.0154614 0.25769 7.66721E-11
0.00267333 0.0445556 7.80312E-11
0.00684814 0.114136 7.76482E-11
0.00261474 0.0435791 7.73751E-11
0.00185303 0.0308838 7.7383E-11
-0.00853271 0.142212 7.77881E-11
0.0138794 0.231323 7.77495E-11
-0.00451906 0.0753176 7.76846E-11
0.0115064 0.191773 7.6678E-11
0.0169701 0.282835 7.75822E-11
0.00796143 0.13269 7.77238E-11
-0.00485597 0.0809328 7.67561E-11
-0.00134034 0.0223389 7.76985E-11
0.00479736 0.0799561 7.82691E-11
0.00435792 0.0726319 7.57346E-11
-0.00369873 0.0616456 7.77763E-11
0.00573487 0.0955811 7.72021E-11
0.0096753 0.161255 7.76924E-11
0.000314942 0.00524903 7.76096E-11
0.0151684 0.252808 7.76722E-11
-0.00762452 0.127075 7.77131E-11
-0.00239503 0.0399171 7.64632E-11
0.00714112 0.119019 7.63351E-11
0.00114991 0.0191651 7.79184E-11
0.00145751 0.0242919 7.76256E-11
-0.0114917 0.191529 7.70399E-11
0.000329591 0.00549318 7.68646E-11
0.00135498 0.0225831 7.65053E-11
-0.00114991 0.0191651 7.79998E-11
0.0087085 0.145142 7.70031E-11
-0.00875243 0.145874 7.7634E-11
0.00963134 0.160522 7.75215E-11
-0.00999755 0.166626 7.66394E-11
-0.00888428 0.148071 7.80682E-11
0.0105688 0.176147 7.75716E-11
-0.00301026 0.0501711 7.73262E-11
0.010891 0.181517 7.69922E-11
0.0022046 0.0367433 7.68843E-11
0.00926514 0.154419 7.66112E-11
-0.00381592 0.0635987 7.75524E-11
-0.00941162 0.15686 7.66457E-11
0.00302491 0.0504153 7.73817E-11
-0.00955811 0.159302 7.76329E-11
0.0104662 0.174437 7.65291E-11
0.0204125 0.340209 7.72899E-11
-0.0125756 0.209593 7.7121E-11
0.00197021 0.0328369 7.604E-11
-0.012019 0.200317 7.75659E-11
0.00739014 0.123169 7.66554E-11
-0.00415284 0.0692139 7.79817E-11
0.00330322 0.0550537 7.73949E-11
0.0026001 0.0433349 7.76077E-11
0.00104737 0.0174561 7.6736E-11
-0.000754395 0.0125733 7.77654E-11
0.00177978 0.0296631 7.72185E-11
-0.00396242 0.0660403 7.60662E-11
-0.00284912 0.0474853 7.69091E-11
-0.0140845 0.234742 7.7973E-11
-0.000944824 0.0157471 7.78929E-11
0.0130737 0.217896 7.6345E-11
0.00387452 0.0645753 7.7757E-11
0.0166625 0.277709 7.72267E-11
0.00195557 0.0325928 7.76985E-11
0.00131103 0.0218506 7.73997E-11
-0.00173584 0.0289306 7.6442E-11
-0.0114038 0.190063 7.7521E-11
0.0162231 0.270386 7.67935E-11
0.00353761 0.0589601 7.68042E-11
-0.00570557 0.0950928 7.6217E-11
-0.00312745 0.0521241 7.7375E-11
0.00563233 0.0938721 7.77904E-11
0.00823974 0.137329 7.65472E-11
-0.00639406 0.106568 7.73583E-11
-0.00440185 0.0733642 7.71761E-11
0.00929443 0.154907 7.66556E-11
-0.00320068 0.0533448 7.75377E-11
0.00123779 0.0206298 7.71516E-11
0.0141137 0.235228 7.62361E-11
-0.0021167 0.0352784 7.59478E-11
-0.00460694 0.0767823 7.64715E-11
-0.0127221 0.212035 7.69115E-11
0.00721437 0.120239 7.76739E-11
-0.00315674 0.0526123 7.58481E-11
0.00605713 0.100952 7.78631E-11
-0.00596923 0.0994872 7.75915E-11
-0.00365479 0.0609132 7.73943E-11
-0.00119385 0.0198974 7.75388E-11
-0.00697999 0.116333 7.68064E-11
0.00368409 0.0614015 7.76322E-11
-0.00561767 0.0936279 7.77874E-11
0.00787354 0.131226 7.7814E-11
0.0104516 0.174193 7.69257E-11
0.00302491 0.0504153 7.70431E-11
-0.0011792 0.0196533 7.80993E-11
-0.0131176 0.218628 7.73225E-11
-0.00563233 0.0938721 7.78004E-11
-0.000974122 0.0162354 7.7641E-11
0.000314942 0.00524903 7.68615E-11
-0.00498779 0.0831299 7.71716E-11
-0.00295167 0.0491944 7.74179E-11
0.0120336 0.200561 7.74155E-11
-0.00113525 0.0189209 7.62606E-11
-0.00103272 0.0172119 7.70582E-11
-0.00177978 0.0296631 7.79084E-11
-0.0125756 0.209593 7.79612E-11
0.00236572 0.0394287 7.59313E-11
0.00308351 0.0513918 7.74562E-11
0.00320068 0.0533448 7.76728E-11
-0.00199952 0.0333253 7.71422E-11
-0.00424072 0.0706787 7.76463E-11
-0.00446046 0.0743409 7.65421E-11
0.00651124 0.108521 7.67149E-11
0.00279053 0.0465088 7.67316E-11
0.0154906 0.258178 7.6755E-11
0.00252685 0.0421142 7.64937E-11
-0.00238038 0.0396729 7.64226E-11
-0.0123998 0.206663 7.6518E-11
-0.029436 0.4906 7.76822E-11
-0.000300294 0.00500489 7.76719E-11
-0.00320068 0.0533448 7.76636E-11
-0.0059253 0.0987549 7.7391E-11
-0.00577881 0.0963136 7.76192E-11
-0.00207276 0.0345461 7.83006E-11
