0.00407959 0.0679932 1.20019E-10
0.00494386 0.0823976 1.18773E-10
-0.0049292 0.0821534 1.18462E-10
9.5215E-05 0.00158692 1.18879E-10
-0.00163329 0.0272216 1.18984E-10
0.00150147 0.0250244 1.19452E-10
0.00884032 0.147339 1.16791E-10
0.0112134 0.186889 1.2074E-10
0.0168823 0.281372 1.19271E-10
0.0101147 0.168579 1.20403E-10
-0.00204347 0.0340578 1.18484E-10
-0.00897217 0.149536 1.18527E-10
-0.0202075 0.336792 1.19894E-10
-0.006438 0.1073 1.19031E-10
-0.00731691 0.121948 1.19133E-10
0.00821045 0.136841 1.20482E-10
-0.00287842 0.0479736 1.19984E-10
-0.0180834 0.30139 1.20286E-10
0.00242432 0.0404054 1.20806E-10
0.0100415 0.167358 1.20194E-10
-0.00267333 0.0445556 1.19274E-10
-0.00281982 0.0469971 1.19061E-10
0.0119311 0.198852 1.18295E-10
-0.00309815 0.0516358 1.19412E-10
0.0108764 0.181273 1.18966E-10
-0.00487061 0.0811768 1.18183E-10
0.00258545 0.0430908 1.19972E-10
-0.00800537 0.133423 1.16714E-10
-0.0132055 0.220091 1.19613E-10
-0.00624756 0.104126 1.17132E-10
-0.000900879 0.0150147 1.19005E-10
-0.00385987 0.0643311 1.19182E-10
-0.0100122 0.16687 1.17941E-10
-0.00334717 0.0557863 1.16491E-10
0.00245362 0.0408937 1.1974E-10
-0.00325927 0.0543213 1.18488E-10
0.00645264 0.107544 1.19799E-10
-0.0078003 0.130005 1.1997E-10
0.0121216 0.202027 1.1953E-10
0.000739747 0.0123291 1.20156E-10
-0.000695801 0.0115967 1.19827E-10
-0.0161939 0.269898 1.1719E-10
0.00267333 0.0445556 1.20385E-10
-0.00621827 0.103638 1.19054E-10
0.00510499 0.0850831 1.19625E-10
0.00369873 0.0616456 1.19178E-10
-0.00459228 0.0765381 1.20172E-10
5.12697E-05 0.000854496 1.19711E-10
0.00520752 0.0867919 1.18122E-10
0.0133959 0.223265 1.19384E-10
-0.0127954 0.213256 1.17625E-10
-0.00816649 0.136108 1.19872E-10
0.000725098 0.012085 1.19484E-10
0.00695068 0.115845 1.1723E-10
-0.00724365 0.120728 1.18674E-10
0.00618897 0.103149 1.18859E-10
-0.00613038 0.102173 1.1813E-10
0.0107738 0.179564 1.18305E-10
0.00885498 0.147583 1.19392E-10
0.0118432 0.197387 1.16404E-10
-0.0108617 0.181029 1.19743E-10
0.00227783 0.0379639 1.18573E-10
-0.0145092 0.24182 1.19738E-10
-0.00315674 0.0526123 1.19687E-10
-0.0100415 0.167358 1.20576E-10
-0.00470948 0.0784913 1.19431E-10
6.59183E-05 0.00109864 1.195E-10
-0.00500245 0.0833741 1.20332E-10
0.00368409 0.0614015 1.20361E-10
-0.0062622 0.10437 1.17889E-10
0.00201417 0.0335694 1.20818E-10
0.00699463 0.116577 1.17713E-10
-0.00664306 0.110718 1.20038E-10
-0.0087085 0.145142 1.19281E-10
0.0025122 0.0418701 1.19437E-10
7.32425E-06 0.000122071 1.19582E-10
-0.00301026 0.0501711 1.18612E-10
-0.00719972 0.119995 1.19023E-10
0.00542725 0.0904541 1.20396E-10
0.00226319 0.0377198 1.18232E-10
-0.00608642 0.10144 1.18289E-10
-0.00176514 0.0294189 1.18662E-10
0.00857665 0.142944 1.19969E-10
-0.00217529 0.0362549 1.1861E-10
-0.00971924 0.161987 1.19323E-10
0.00756592 0.126099 1.18775E-10
-0.0035083 0.0584717 1.18236E-10
-0.012019 0.200317 1.19725E-10
0.00214601 0.0357668 1.18414E-10
0.00318604 0.0531006 1.17297E-10
-0.00431397 0.0718994 1.16928E-10
-0.000754395 0.0125733 1.17984E-10
0.00684814 0.114136 1.18377E-10
-0.00696533 0.116089 1.18903E-10
-0.000754395 0.0125733 1.20655E-10
-0.00755127 0.125855 1.19549E-10
0.00577881 0.0963136 1.18329E-10
-0.00465089 0.0775148 1.19113E-10
-0.00366945 0.0611574 1.1922E-10
0.00437257 0.0728761 1.18406E-10
-0.00201417 0.0335694 1.2019E-10
-0.00743409 0.123901 1.2025E-10
0.00533936 0.0889893 1.19E-10
0.00218994 0.0364991 1.19283E-10
-0.0133519 0.222532 1.19266E-10
0.0048999 0.0816651 1.18045E-10
-0.00470948 0.0784913 1.17564E-10
-0.00368409 0.0614015 1.20319E-10
-0.00258545 0.0430908 1.20032E-10
-0.00860596 0.143433 1.19265E-10
0.0078003 0.130005 1.19157E-10
0.000490723 0.00817872 1.1824E-10
0.0126488 0.210814 1.17747E-10
0.00949952 0.158325 1.20379E-10
-0.00837157 0.139526 1.18718E-10
-0.00633546 0.105591 1.19748E-10
-0.00421142 0.0701904 1.19092E-10
-0.00841553 0.140259 1.19033E-10
0.00511963 0.0853273 1.18005E-10
-0.0119457 0.199096 1.1911E-10
0.00632081 0.105347 1.17409E-10
0.0140845 0.234742 1.21517E-10
0.000930176 0.0155029 1.17835E-10
-0.0112427 0.187378 1.18746E-10
-0.00607177 0.101196 1.19517E-10
-0.00427003 0.0711671 1.19778E-10
0.0112427 0.187378 1.16691E-10
-0.00388916 0.0648194 1.20301E-10
-0.00510499 0.0850831 1.20396E-10
0.00254151 0.0423584 1.19749E-10
-0.00197021 0.0328369 1.20666E-10
-0.0123266 0.205443 1.18634E-10
0.00494386 0.0823976 1.19372E-10
0.00930907 0.155151 1.20004E-10
0.000666505 0.0111084 1.19149E-10
0.00601318 0.10022 1.20237E-10
0.00043213 0.00720217 1.19093E-10
0.00415284 0.0692139 1.19862E-10
-0.0197973 0.329956 1.20238E-10
-0.00328858 0.0548096 1.19915E-10
-0.00900147 0.150024 1.17712E-10
0.00302491 0.0504153 1.18919E-10
0.00229249 0.0382081 1.20507E-10
-0.00697999 0.116333 1.18293E-10
-0.010144 0.169067 1.19987E-10
-0.00658448 0.109741 1.19166E-10
0.00703858 0.11731 1.1718E-10
-0.000183106 0.00305178 1.19296E-10
-0.000285645 0.00476075 1.19196E-10
0.0048999 0.0816651 1.18366E-10
0.00135498 0.0225831 1.19335E-10
-0.00585206 0.0975343 1.188E-10
0.00397706 0.0662843 1.19838E-10
-0.00372804 0.0621339 1.19655E-10
0.00687744 0.114624 1.18311E-10
0.00743409 0.123901 1.18718E-10
-0.00563233 0.0938721 1.19422E-10
0.000212403 0.00354005 1.19561E-10
-6.59183E-05 0.00109864 1.2104E-10
0.00514893 0.0858155 1.19405E-10
0.0058667 0.0977783 1.19135E-10
-0.00394777 0.0657961 1.20174E-10
-0.00145751 0.0242919 1.19055E-10
-0.019519 0.325317 1.18076E-10
-0.000373536 0.0062256 1.17455E-10
-0.00440185 0.0733642 1.1648E-10
0.00460694 0.0767823 1.20041E-10
-0.00702393 0.117066 1.18802E-10
0.000285645 0.00476075 1.21347E-10
0.00547119 0.0911865 1.18674E-10
0.00239503 0.0399171 1.19771E-10
-0.00601318 0.10022 1.18313E-10
0.00551514 0.0919189 1.19647E-10
0.00819579 0.136597 1.17969E-10
0.0011792 0.0196533 1.18664E-10
0.00154541 0.0257568 1.18017E-10
0.00831299 0.13855 1.20149E-10
-0.00224854 0.0374756 1.18239E-10
-0.000695801 0.0115967 1.18653E-10
0.00733155 0.122193 1.19439E-10
0.00287842 0.0479736 1.20127E-10
0.00476807 0.0794678 1.18082E-10
-0.00331788 0.0552979 1.18451E-10
0.00816649 0.136108 1.1927E-10
-0.00576416 0.0960694 1.19334E-10
0.0101586 0.169311 1.19023E-10
0.00273194 0.0455323 1.19887E-10
-0.0144359 0.240599 1.20809E-10
-3.66213E-05 0.000610354 1.20815E-10
-0.00513429 0.0855714 1.1699E-10
-0.0124437 0.207396 1.17046E-10
-2.19728E-05 0.000366213 1.17842E-10
-0.00318604 0.0531006 1.19808E-10
-0.0134252 0.223753 1.19287E-10
9.5215E-05 0.00158692 1.17728E-10
0.00535401 0.0892334 1.20637E-10
0.00312745 0.0521241 1.17202E-10
0.00473877 0.0789796 1.18447E-10
-0.00630615 0.105103 1.20287E-10
0.00122315 0.0203858 1.19893E-10
