0.0229761 0.382935 7.13518E-11
0.0116382 0.19397 6.94381E-11
-0.00145751 0.0242919 7.12017E-11
-0.000285645 0.00476075 7.06312E-11
-0.00563233 0.0938721 7.20546E-11
-0.00542725 0.0904541 7.0827E-11
-0.00180909 0.0301514 6.95516E-11
-0.0031421 0.0523683 6.94355E-11
-0.00270264 0.0450439 7.02907E-11
-0.00340576 0.0567628 6.93152E-11
0.0199146 0.33191 7.02855E-11
-0.00393312 0.0655519 6.96194E-11
-0.0184204 0.307007 7.08087E-11
-0.00252685 0.0421142 7.22255E-11
-0.0189477 0.315796 7.16735E-11
0.0234448 0.390747 7.06119E-11
0.00593995 0.0989991 6.91146E-11
-0.00201417 0.0335694 7.08529E-11
0.00951416 0.158569 7.01994E-11
0.0109643 0.182738 7.05126E-11
-0.00812255 0.135376 6.92001E-11
0.00985107 0.164185 7.07063E-11
-0.00114991 0.0191651 7.14078E-11
-0.00519286 0.0865477 7.09417E-11
-0.00500245 0.0833741 7.03236E-11
0.0325269 0.542116 6.95962E-11
0.00574952 0.0958253 7.07051E-11
-0.0205444 0.342407 7.08873E-11
0.00380127 0.0633546 6.86563E-11
-0.0270483 0.450806 7.09919E-11
-0.0258471 0.430786 7.09174E-11
0.00328858 0.0548096 6.85524E-11
0.0196069 0.326782 7.01834E-11
0.00802002 0.133667 6.97301E-11
-0.00977783 0.162964 7.08879E-11
-0.0040503 0.0675049 7.09691E-11
-0.00274659 0.0457764 6.88635E-11
-0.00240968 0.0401613 7.09864E-11
0.0155786 0.259642 6.99339E-11
-0.00126709 0.0211181 6.88485E-11
0.00197021 0.0328369 7.01849E-11
0.0170727 0.284544 6.981E-11
-0.0296117 0.493529 7.28083E-11
-6.59183E-05 0.00109864 6.80325E-11
0.00574952 0.0958253 6.96558E-11
-0.0262866 0.43811 6.96788E-11
-0.0113013 0.188355 6.96922E-11
0.00898681 0.14978 6.92266E-11
-0.00561767 0.0936279 6.91981E-11
0.00197021 0.0328369 7.07478E-11
-0.011184 0.186401 7.06928E-11
-0.021394 0.356567 7.20347E-11
0.0182153 0.303588 6.76531E-11
0.0169701 0.282835 6.97563E-11
0.00547119 0.0911865 7.0733E-11
0.0052954 0.0882567 7.0888E-11
0.0184204 0.307007 7.04658E-11
0.0164428 0.274047 6.93144E-11
-0.0217163 0.361938 7.12489E-11
0.00318604 0.0531006 7.06102E-11
-0.0299927 0.499878 6.93029E-11
0.0362036 0.603392 6.79175E-11
-0.0110082 0.183471 7.22533E-11
-0.0147876 0.246459 6.91162E-11
0.00071045 0.0118408 6.90386E-11
0.00945556 0.157593 6.91758E-11
-0.020105 0.335084 6.9868E-11
-0.0162524 0.270873 7.04843E-11
-0.00227783 0.0379639 6.91795E-11
0.0076538 0.127563 7.12301E-11
0.00337647 0.0562746 6.93273E-11
-0.0231078 0.385131 7.21455E-11
-0.000490723 0.00817872 7.05758E-11
-0.0175122 0.29187 7.26239E-11
0.00774169 0.129028 7.11102E-11
-0.0196362 0.32727 7.09101E-11
0.0147876 0.246459 6.83233E-11
0.00446046 0.0743409 7.05875E-11
-0.00845946 0.140991 7.08929E-11
-0.012473 0.207884 6.95727E-11
0.0125463 0.209105 7.04093E-11
0.0101879 0.169799 7.08552E-11
-0.0293041 0.488402 7.20235E-11
-0.000549317 0.00915528 7.05506E-11
0.00457764 0.076294 7.03569E-11
0.0361156 0.601928 7.05496E-11
-0.000754395 0.0125733 6.90709E-11
-0.009646 0.160767 7.20295E-11
-0.0164574 0.274291 6.97695E-11
-0.00497315 0.0828858 6.90131E-11
-0.00110596 0.0184326 7.10599E-11
0.0240893 0.401488 6.805E-11
-0.0199146 0.33191 7.10131E-11
0.0126049 0.210082 7.03199E-11
-0.0126342 0.21057 6.99154E-11
0.000725098 0.012085 6.86714E-11
0.00782959 0.130493 7.01429E-11
0.0271215 0.452026 7.07659E-11
-0.0125902 0.209837 7.10941E-11
0.00818115 0.136352 6.9227E-11
-0.0143774 0.239623 7.05837E-11
0.00257079 0.0428466 7.09001E-11
-0.0214233 0.357055 7.02623E-11
0.00330322 0.0550537 6.92906E-11
-0.0163256 0.272093 7.02069E-11
0.00347901 0.0579834 6.91757E-11
-0.00800537 0.133423 7.13607E-11
-0.0120483 0.200805 7.00039E-11
-0.0143774 0.239623 7.20958E-11
0.035603 0.593383 6.88005E-11
-0.00873779 0.14563 7.02028E-11
-0.0146264 0.243773 7.05674E-11
-0.0106274 0.177123 7.0327E-11
0.0167066 0.278443 7.01774E-11
0.0199438 0.332398 7.10835E-11
0.0268285 0.447142 6.95087E-11
-0.00113525 0.0189209 6.98604E-11
-0.0316186 0.526977 7.22569E-11
-0.0190648 0.317747 7.03328E-11
-0.00970459 0.161743 7.01101E-11
0.0210571 0.350951 7.00425E-11
0.00712648 0.118775 7.0864E-11
-0.016106 0.268433 7.16387E-11
0.0165893 0.276488 6.99681E-11
0.0107006 0.178343 7.14295E-11
-0.0261108 0.43518 7.12302E-11
0.0261841 0.436401 6.94384E-11
0.00985107 0.164185 7.02444E-11
0.0140258 0.233764 6.98786E-11
0.0162378 0.27063 7.10698E-11
-0.0114624 0.19104 7.16185E-11
-0.0145531 0.242553 6.89452E-11
-0.0120776 0.201294 7.07496E-11
0.0368335 0.613892 6.96817E-11
0.00797607 0.132935 6.9301E-11
0.0173949 0.289916 7.0078E-11
-0.00551514 0.0919189 6.86164E-11
0.0127807 0.213012 6.82232E-11
-0.0192993 0.321655 7.04596E-11
0.0236645 0.394409 7.01888E-11
0.0151977 0.253296 7.0203E-11
-0.00248291 0.0413818 7.13143E-11
-0.016809 0.280151 7.12118E-11
-0.0300952 0.501587 6.86489E-11
0.00299562 0.0499269 7.04152E-11
-0.00322999 0.0538331 6.89092E-11
-0.00886962 0.147827 7.0868E-11
0.00438721 0.0731202 7.00495E-11
0.00274659 0.0457764 6.99259E-11
0.0308715 0.514526 6.95081E-11
-0.0105248 0.175414 7.13345E-11
0.0141869 0.236448 7.04643E-11
-0.0016919 0.0281983 7.0367E-11
0.0238842 0.39807 7.07687E-11
0.00917725 0.152954 7.12145E-11
0.0096167 0.160278 6.96319E-11
0.000183106 0.00305178 6.90257E-11
0.0298608 0.49768 6.92545E-11
-0.000329591 0.00549318 6.83085E-11
-0.0126781 0.211303 7.02733E-11
0.0136303 0.227172 7.16671E-11
-0.00497315 0.0828858 6.87646E-11
-0.00183839 0.0306398 6.99169E-11
-0.00769776 0.128296 6.80696E-11
0.0134106 0.223509 6.97018E-11
0.0322193 0.536988 6.96252E-11
-0.0123851 0.206419 7.09871E-11
-0.010232 0.170533 6.99626E-11
-0.0132055 0.220091 7.1113E-11
0.00336182 0.0560304 6.84022E-11
0.00481202 0.0802003 6.89923E-11
-0.010598 0.176634 7.18558E-11
-0.0190648 0.317747 7.1268E-11
0.0220825 0.368042 6.98978E-11
0.00422608 0.0704346 7.12468E-11
-0.00601318 0.10022 6.97262E-11
-0.00327392 0.0545654 7.13783E-11
-0.00853271 0.142212 6.95595E-11
0.0048999 0.0816651 7.01603E-11
-0.000856934 0.0142822 6.97336E-11
-0.0109497 0.182494 6.90992E-11
-0.00157471 0.0262451 7.09164E-11
0.00863525 0.143921 6.9355E-11
0.00409423 0.0682372 7.07554E-11
-0.0198853 0.331421 7.02709E-11
0.0021167 0.0352784 7.10305E-11
0.00356691 0.0594484 6.95968E-11
-0.0408765 0.681275 7.17655E-11
0.0107885 0.179808 6.91329E-11
-0.0306811 0.511352 7.24736E-11
0.00977783 0.162964 6.7972E-11
-0.0174976 0.291626 7.00567E-11
-0.00473877 0.0789796 7.05248E-11
0.00337647 0.0562746 6.88839E-11
0.0146996 0.244994 7.05433E-11
-0.017307 0.288451 6.94889E-11
-0.0160766 0.267944 6.89667E-11
0.00658448 0.109741 7.0372E-11
-0.0025122 0.0418701 6.9469E-11
-0.00440185 0.0733642 7.12867E-11
