0.0137915 0.229858 7.81145E-11
-0.00680419 0.113403 7.97895E-11
-0.0213354 0.355591 8.05116E-11
-0.00213135 0.0355226 8.04356E-11
-0.00550049 0.0916748 7.89977E-11
0.0126635 0.211058 8.01053E-11
0.00397706 0.0662843 8.06061E-11
-0.00569092 0.0948486 7.98113E-11
-0.000578614 0.00964357 8.12167E-11
0.00708252 0.118042 7.83365E-11
0.00623292 0.103882 7.91934E-11
0.0110082 0.183471 8.02582E-11
-0.00542725 0.0904541 7.83978E-11
0.00330322 0.0550537 8.02373E-11
0.0104516 0.174193 7.90145E-11
-0.00437257 0.0728761 8.06887E-11
0.00320068 0.0533448 8.04401E-11
0.00459228 0.0765381 7.80617E-11
0.00311279 0.0518799 8.01763E-11
0.00153076 0.0255128 8.05059E-11
0.00079834 0.0133057 8.01157E-11
-0.0142455 0.237425 8.00783E-11
0.00747804 0.124634 7.95699E-11
0.0132055 0.220091 7.96767E-11
-0.0116528 0.194214 8.10633E-11
0.0203393 0.338989 8.03032E-11
-0.0124584 0.20764 8.05508E-11
0.00390382 0.0650636 8.03791E-11
-0.00384522 0.064087 8.09477E-11
-0.00207276 0.0345461 7.9038E-11
0.00270264 0.0450439 7.99482E-11
0.0053247 0.0887451 7.8246E-11
-0.00495851 0.0826417 8.10509E-11
-0.00645264 0.107544 8.11878E-11
-0.0106859 0.178099 8.10508E-11
-0.000183106 0.00305178 8.04612E-11
-0.010232 0.170533 8.05806E-11
-0.0096753 0.161255 8.12556E-11
0.00320068 0.0533448 7.83991E-11
0.00205812 0.0343019 8.00891E-11
0.00922119 0.153687 8.17618E-11
0.0213061 0.355102 8.03921E-11
-0.00364015 0.0606691 8.03315E-11
-0.00394777 0.0657961 8.02856E-11
0.0011792 0.0196533 8.12797E-11
0.0132494 0.220823 8.0486E-11
-7.32425E-06 0.000122071 7.87272E-11
0.00697999 0.116333 8.08631E-11
-0.00511963 0.0853273 7.94237E-11
-0.0158423 0.264038 7.89364E-11
0.00100342 0.0167236 8.11762E-11
-0.00554444 0.0924073 8.03436E-11
0.00104737 0.0174561 8.00854E-11
0.0142601 0.237669 8.03965E-11
0.00633546 0.105591 7.96713E-11
-0.00188233 0.0313721 8.04418E-11
-0.00384522 0.064087 8.04757E-11
0.022273 0.371217 7.95491E-11
0.00191162 0.0318603 7.93135E-11
-0.0074048 0.123413 8.0235E-11
-0.0199146 0.33191 8.03773E-11
0.0110961 0.184936 8.07021E-11
0.0101733 0.169555 7.84033E-11
-0.0108031 0.180053 8.05873E-11
0.0117407 0.195678 7.88179E-11
0.0244115 0.406858 8.01077E-11
0.00866454 0.144409 7.9345E-11
0.0010913 0.0181884 8.01965E-11
0.000270996 0.00451661 7.96518E-11
0.006438 0.1073 7.86845E-11
-0.00375733 0.0626221 8.06685E-11
0.0129126 0.21521 8.1312E-11
0.00800537 0.133423 7.91672E-11
-0.0112427 0.187378 8.06618E-11
-0.00523682 0.0872803 7.91166E-11
-0.00602784 0.100464 7.89635E-11
-0.00116455 0.0194092 8.07695E-11
-0.0182153 0.303588 8.11375E-11
0.0086206 0.143677 8.09492E-11
-0.0119897 0.199828 8.02768E-11
0.0196215 0.327026 8.08591E-11
0.00245362 0.0408937 8.05495E-11
0.0086792 0.144653 8.04085E-11
-0.00613038 0.102173 8.00811E-11
-0.00658448 0.109741 8.10036E-11
-0.00929443 0.154907 7.95628E-11
0.0184057 0.306762 8.06117E-11
-0.00990965 0.165161 8.00854E-11
0.0200024 0.333374 8.1233E-11
-0.0135717 0.226195 8.09254E-11
0.00821045 0.136841 7.94429E-11
-0.0127807 0.213012 8.05344E-11
0.000329591 0.00549318 8.07128E-11
0.00755127 0.125855 7.84982E-11
3.66213E-05 0.000610354 8.10981E-11
0.0200757 0.334595 8.05286E-11
-0.0109789 0.182982 7.99247E-11
0.00595459 0.0992432 7.85391E-11
-0.0102173 0.170288 8.03999E-11
0.00264405 0.0440674 8.08862E-11
-0.00550049 0.0916748 8.12209E-11
-0.00372804 0.0621339 8.10792E-11
0.0155053 0.258422 8.14511E-11
0.0224488 0.374148 8.19374E-11
0.00503175 0.0838624 8.08069E-11
0.0110082 0.183471 7.85468E-11
-0.00460694 0.0767823 8.02152E-11
0.0212035 0.353392 8.04563E-11
-0.00356691 0.0594484 8.10334E-11
-0.00662842 0.110474 8.06531E-11
-0.017058 0.2843 8.06632E-11
-0.00689209 0.114868 7.93853E-11
-0.000461426 0.00769043 8.18555E-11
-0.00409423 0.0682372 7.81174E-11
0.00772705 0.128784 7.82387E-11
-0.00173584 0.0289306 7.96989E-11
-0.0433813 0.723023 8.18223E-11
0.0104662 0.174437 7.90907E-11
-0.0298901 0.498168 7.98954E-11
-0.00741945 0.123657 7.93838E-11
-0.0205883 0.343139 7.93525E-11
0.00283447 0.0472412 8.01768E-11
0.00516358 0.0860596 8.03344E-11
0.00636475 0.106079 8.06501E-11
-0.0161792 0.269654 7.87145E-11
0.00135498 0.0225831 8.0913E-11
0.00478271 0.0797119 8.02725E-11
-0.0263598 0.439331 7.93669E-11
-0.000476075 0.00793458 8.07393E-11
0.0246898 0.411498 7.84584E-11
-0.0185961 0.309936 7.86768E-11
0.00122315 0.0203858 8.0982E-11
0.000725098 0.012085 8.12795E-11
0.00393312 0.0655519 8.0756E-11
-0.00344971 0.0574952 8.09354E-11
0.0163256 0.272093 8.06046E-11
0.009646 0.160767 8.12664E-11
-0.0143187 0.238646 7.99164E-11
0.00412354 0.0687256 7.82287E-11
-0.00753662 0.12561 8.10857E-11
-0.0170874 0.284789 8.23357E-11
-0.00497315 0.0828858 8.09521E-11
-0.00172119 0.0286864 8.10893E-11
-0.00771241 0.12854 7.83226E-11
0.000930176 0.0155029 8.14709E-11
0.00208742 0.0347903 8.03881E-11
0.00968995 0.161499 7.87341E-11
0.0109204 0.182007 7.85708E-11
0.00573487 0.0955811 7.99004E-11
0.019812 0.3302 7.90771E-11
0.0026294 0.0438233 8.01669E-11
0.00580811 0.0968019 8.05789E-11
-0.00545655 0.0909424 8.07475E-11
-0.00689209 0.114868 8.00706E-11
-0.0109204 0.182007 8.19031E-11
8.05667E-05 0.00134278 7.89116E-11
0.00766846 0.127808 8.12474E-11
0.00821045 0.136841 7.86376E-11
-0.00052002 0.008667 7.8994E-11
0.00235108 0.0391846 8.00369E-11
0.00633546 0.105591 7.90833E-11
0.00429931 0.0716553 8.09245E-11
0.00708252 0.118042 8.11117E-11
0.0252319 0.420532 7.92164E-11
0.0101294 0.168823 7.91684E-11
0.0198266 0.330444 8.0581E-11
0.00188233 0.0313721 7.97901E-11
0.0182299 0.303832 7.83214E-11
-0.00144287 0.0240478 7.92095E-11
-0.00659912 0.109985 8.00319E-11
-0.0105688 0.176147 8.09437E-11
0.00391847 0.0653078 8.08956E-11
0.00214601 0.0357668 7.98739E-11
-0.00859131 0.143188 8.01125E-11
0.00637941 0.106323 8.03872E-11
0.00107666 0.0179443 8.02022E-11
0.0137036 0.228393 8.07718E-11
0.00422608 0.0704346 8.07905E-11
-0.0256713 0.427855 8.05062E-11
0.00605713 0.100952 8.15268E-11
9.5215E-05 0.00158692 8.09087E-11
-0.00577881 0.0963136 8.07567E-11
-0.00478271 0.0797119 7.91546E-11
0.000651857 0.0108643 8.05108E-11
0.0135717 0.226195 8.05776E-11
0.0204125 0.340209 7.99907E-11
0.0153881 0.256468 7.85866E-11
-0.00134034 0.0223389 7.95807E-11
0.0053247 0.0887451 8.09086E-11
-0.00444581 0.0740968 8.10311E-11
-0.00511963 0.0853273 8.04807E-11
-0.0117699 0.196166 8.12722E-11
0.0232837 0.388062 7.99775E-11
0.0125023 0.208372 7.97085E-11
-0.00930907 0.155151 7.98532E-11
0.00079834 0.0133057 8.05503E-11
0.00996824 0.166137 8.01605E-11
0.0201928 0.336547 7.80815E-11
0.00591064 0.0985108 8.09046E-11
0.00281982 0.0469971 8.05945E-11
