-9.5215E-05 0.00158692 3.27366E-10
0.000227051 0.00378418 3.03783E-10
0.00649659 0.108276 3.34667E-10
0.00633546 0.105591 3.27568E-10
-0.00141357 0.0235596 3.23395E-10
0.00364015 0.0606691 3.25552E-10
0.00484132 0.0806886 3.16525E-10
-0.00468018 0.078003 3.07379E-10
-0.00163329 0.0272216 3.25745E-10
-0.0118871 0.198119 3.06182E-10
-0.00391847 0.0653078 3.28749E-10
0.00988037 0.164673 3.26584E-10
0.0105834 0.17639 3.21367E-10
-3.66213E-05 0.000610354 3.1802E-10
-0.000417481 0.00695803 3.1888E-10
-0.00195557 0.0325928 3.26334E-10
-0.00349366 0.0582276 3.22218E-10
0.00558837 0.0931396 3.29454E-10
-0.00872314 0.145386 3.13174E-10
-0.000739747 0.0123291 3.13473E-10
-0.0072876 0.12146 3.24584E-10
0.00339112 0.0565187 3.19631E-10
0.00838623 0.13977 3.16163E-10
0.00503175 0.0838624 3.2959E-10
-0.00293702 0.0489503 3.22424E-10
0.00413818 0.0689697 3.18301E-10
0.0112134 0.186889 3.27066E-10
0.00560302 0.0933837 3.2632E-10
0.0182445 0.304076 3.29261E-10
0.00511963 0.0853273 3.13521E-10
-0.00542725 0.0904541 3.25912E-10
-0.00488525 0.0814209 3.16039E-10
0.00971924 0.161987 3.25899E-10
0.0115064 0.191773 3.22248E-10
0.00418213 0.0697022 3.21514E-10
-0.00617431 0.102905 3.2265E-10
-0.0226978 0.378297 3.15775E-10
-0.001604 0.0267334 3.26471E-10
-0.00554444 0.0924073 3.11246E-10
-0.000314942 0.00524903 3.29423E-10
0.0127954 0.213256 3.15399E-10
0.000607911 0.0101319 3.1276E-10
0.011477 0.191284 3.30323E-10
-0.00446046 0.0743409 3.14512E-10
-0.00303956 0.0506593 3.15961E-10
0.00175048 0.0291747 3.34627E-10
-0.00526611 0.0877685 3.226E-10
0.00309815 0.0516358 3.23193E-10
0.00221924 0.0369873 3.2474E-10
-0.00182373 0.0303956 3.26462E-10
0.00368409 0.0614015 3.19168E-10
0.00173584 0.0289306 3.17775E-10
0.00164795 0.0274658 3.16117E-10
0.000476075 0.00793458 3.15395E-10
0.000754395 0.0125733 3.2511E-10
-0.00148682 0.0247803 3.22368E-10
-0.00841553 0.140259 3.23352E-10
-0.0212622 0.354369 3.2478E-10
-0.0151831 0.253052 3.11722E-10
0.00610108 0.101685 3.20112E-10
0.0174243 0.290405 3.19082E-10
-0.0281176 0.468627 3.20355E-10
-0.0016919 0.0281983 3.20085E-10
0.00378663 0.0631104 3.18773E-10
-0.0040503 0.0675049 3.15549E-10
0.0110376 0.183959 3.37148E-10
-0.0120483 0.200805 3.1995E-10
-0.00429931 0.0716553 3.2421E-10
-0.00321533 0.0535889 3.17128E-10
-0.00481202 0.0802003 3.2181E-10
-0.00443115 0.0738526 3.31775E-10
-0.00340576 0.0567628 3.2099E-10
0.0116235 0.193726 3.24542E-10
-0.0141576 0.23596 3.20745E-10
0.00646728 0.107788 3.16833E-10
0.00813719 0.13562 3.24315E-10
-0.0135131 0.225218 3.2127E-10
0.0074048 0.123413 3.27375E-10
0.010935 0.18225 3.19129E-10
0.00577881 0.0963136 3.20581E-10
0.0126342 0.21057 3.21199E-10
-0.00570557 0.0950928 3.25953E-10
-0.0111694 0.186157 3.31886E-10
0.00197021 0.0328369 3.19762E-10
0.00873779 0.14563 3.15284E-10
0.00536865 0.0894775 3.14638E-10
-0.000739747 0.0123291 3.21645E-10
-0.00176514 0.0294189 3.15703E-10
-0.0199878 0.33313 3.11414E-10
-0.0118432 0.197387 3.1986E-10
0.0144946 0.241577 3.23758E-10
-0.000139161 0.00231935 3.15383E-10
0.00192626 0.0321044 3.19078E-10
-0.00863525 0.143921 3.21328E-10
0.00358156 0.0596926 3.23455E-10
-0.0121508 0.202514 3.14155E-10
0.012268 0.204467 3.29335E-10
-0.00315674 0.0526123 3.14483E-10
-0.00920655 0.153442 3.13993E-10
-0.0165454 0.275756 3.12739E-10
0.00158936 0.0264893 3.29086E-10
0.0242212 0.403687 3.18038E-10
0.00114991 0.0191651 3.16859E-10
5.12697E-05 0.000854496 3.15968E-10
0.00932372 0.155395 3.22427E-10
-0.00230713 0.0384522 3.42503E-10
-0.000739747 0.0123291 3.28409E-10
0.00639406 0.106568 3.23856E-10
0.0198266 0.330444 3.20212E-10
-0.00100342 0.0167236 3.33065E-10
-0.0118286 0.197142 3.27465E-10
-0.00528075 0.0880126 3.13098E-10
0.00214601 0.0357668 3.10965E-10
0.0076831 0.128052 3.23266E-10
-0.00306886 0.0511476 3.12921E-10
0.00511963 0.0853273 3.12859E-10
3.66213E-05 0.000610354 3.24826E-10
0.00901611 0.150269 3.12797E-10
-0.0117699 0.196166 3.10782E-10
0.00484132 0.0806886 3.34228E-10
0.00734619 0.122437 3.11384E-10
0.00136964 0.0228273 3.2483E-10
0.0117407 0.195678 3.24705E-10
0.00182373 0.0303956 3.19991E-10
-0.00158936 0.0264893 3.30111E-10
-0.011521 0.192017 3.1835E-10
0.00156005 0.0260009 3.13209E-10
0.0179662 0.299437 3.21448E-10
0.00596923 0.0994872 3.16453E-10
-0.004021 0.0670166 3.1959E-10
0.0205883 0.343139 3.18904E-10
-0.0106713 0.177855 3.1475E-10
0.00356691 0.0594484 3.32773E-10
-0.00216065 0.0360108 3.19429E-10
-0.000534668 0.00891113 3.12697E-10
0.010935 0.18225 3.13156E-10
0.00848876 0.141479 3.16492E-10
-0.00475343 0.0792238 3.22131E-10
-0.00791749 0.131958 3.19928E-10
-0.00400634 0.0667724 3.20217E-10
0.0172192 0.286987 3.22216E-10
0.000373536 0.0062256 3.24218E-10
0.00302491 0.0504153 3.26378E-10
0.00552979 0.0921631 3.24708E-10
0.0120044 0.200073 3.23229E-10
0.00668701 0.11145 3.20403E-10
-0.00804931 0.134155 3.27713E-10
0.00368409 0.0614015 3.24287E-10
-0.019182 0.319701 3.27537E-10
-0.00832763 0.138794 3.15556E-10
0.00595459 0.0992432 3.13042E-10
-0.00161865 0.0269775 3.21056E-10
-0.00475343 0.0792238 3.13512E-10
-0.0090747 0.151245 3.15091E-10
-0.00756592 0.126099 3.15526E-10
0.0111547 0.185913 3.21878E-10
-0.00503175 0.0838624 3.19111E-10
-0.0122095 0.203491 3.11145E-10
0.000417481 0.00695803 3.15768E-10
0.00385987 0.0643311 3.12429E-10
0.00465089 0.0775148 3.2287E-10
0.00889893 0.148315 3.22836E-10
0.0166186 0.276977 3.2294E-10
0.00355225 0.0592042 3.23087E-10
0.00342042 0.0570069 3.35687E-10
0.0054126 0.0902099 3.07991E-10
-0.0076831 0.128052 3.22823E-10
0.000666505 0.0111084 3.10758E-10
-0.0101879 0.169799 3.23095E-10
0.00755127 0.125855 3.24137E-10
0.00437257 0.0728761 3.21261E-10
-0.00560302 0.0933837 3.24523E-10
0.00460694 0.0767823 3.24215E-10
0.0112866 0.188111 3.07723E-10
-0.000974122 0.0162354 3.2725E-10
-0.00717042 0.119507 3.14581E-10
-0.00443115 0.0738526 3.35315E-10
0.00448975 0.0748292 3.30382E-10
0.00309815 0.0516358 3.22498E-10
-0.0197973 0.329956 3.32466E-10
0.00580811 0.0968019 3.16133E-10
-0.00845946 0.140991 3.09487E-10
-0.00617431 0.102905 3.26891E-10
-0.000285645 0.00476075 3.28185E-10
-0.0108764 0.181273 3.2317E-10
-0.0142016 0.236693 3.08096E-10
-0.00315674 0.0526123 3.29351E-10
-0.0128393 0.213988 3.23457E-10
-0.00646728 0.107788 3.22475E-10
0.00292237 0.0487061 3.25446E-10
0.00413818 0.0689697 3.25363E-10
-0.010935 0.18225 3.15932E-10
-0.00268799 0.0447998 3.04922E-10
-0.00722901 0.120484 3.33274E-10
0.000988771 0.0164795 3.17446E-10
-0.00844482 0.140747 3.29282E-10
-0.0118725 0.197875 3.23466E-10
0.0183031 0.305052 3.31121E-10
0.00585206 0.0975343 3.2389E-10
0.00298097 0.0496828 3.04862E-10
