0.014348 0.239134 1.20563E-10
-0.00387452 0.0645753 1.2026E-10
-0.000739747 0.0123291 1.20881E-10
-0.0121655 0.202758 1.2028E-10
0.0216138 0.360229 1.17674E-10
-0.00422608 0.0704346 1.19815E-10
-0.0211156 0.351928 1.18342E-10
0.0119018 0.198364 1.20074E-10
0.00903076 0.150513 1.17314E-10
0.00790284 0.131714 1.17524E-10
-0.00101806 0.0169677 1.17641E-10
0.0225805 0.376342 1.1915E-10
0.00582277 0.0970461 1.19354E-10
0.00125244 0.0208739 1.18454E-10
0.00151612 0.0252686 1.19035E-10
-0.0151391 0.252319 1.19913E-10
0.0142162 0.236937 1.20795E-10
0.00929443 0.154907 1.17218E-10
-0.00385987 0.0643311 1.19514E-10
0.00523682 0.0872803 1.17982E-10
-0.0117992 0.196654 1.20802E-10
-0.00381592 0.0635987 1.19653E-10
0.00218994 0.0364991 1.20177E-10
0.00079834 0.0133057 1.18903E-10
-0.00498779 0.0831299 1.2015E-10
0.0141869 0.236448 1.19164E-10
0.0125756 0.209593 1.20632E-10
0.00525147 0.0875244 1.1955E-10
-0.0143187 0.238646 1.20817E-10
-0.00766846 0.127808 1.20463E-10
0.00327392 0.0545654 1.1954E-10
-0.0346801 0.578002 1.23325E-10
0.00718507 0.119751 1.18854E-10
-0.00374268 0.062378 1.20043E-10
0.0139379 0.232299 1.1886E-10
-0.0142895 0.238158 1.20214E-10
-0.00835693 0.139282 1.19415E-10
-0.0054126 0.0902099 1.19372E-10
0.00202881 0.0338136 1.16751E-10
-0.00753662 0.12561 1.19158E-10
0.00791749 0.131958 1.1965E-10
0.00826904 0.137817 1.1799E-10
0.0142162 0.236937 1.16509E-10
0.0145531 0.242553 1.19378E-10
0.015725 0.262084 1.19464E-10
0.00383058 0.0638429 1.16209E-10
-0.00154541 0.0257568 1.18718E-10
0.00819579 0.136597 1.22522E-10
-0.00583742 0.0972903 1.20191E-10
-0.00441651 0.0736084 1.16995E-10
0.00167724 0.0279541 1.21133E-10
0.00221924 0.0369873 1.17682E-10
-0.00230713 0.0384522 1.19648E-10
0.00519286 0.0865477 1.18768E-10
-0.000783692 0.0130615 1.1802E-10
0.00470948 0.0784913 1.19514E-10
0.0201197 0.335328 1.18629E-10
-0.00202881 0.0338136 1.16548E-10
0.012268 0.204467 1.17998E-10
0.0035962 0.0599367 1.19174E-10
0.0147729 0.246215 1.18424E-10
-0.0050171 0.0836183 1.20599E-10
0.00775635 0.129272 1.18111E-10
0.00281982 0.0469971 1.19289E-10
-0.0045337 0.0755617 1.18592E-10
0.00599854 0.0999756 1.19567E-10
0.00744873 0.124146 1.18724E-10
0.00822509 0.137085 1.19236E-10
-0.00208742 0.0347903 1.18329E-10
0.0157397 0.262328 1.20874E-10
-0.0179808 0.299681 1.1853E-10
-0.014392 0.239867 1.17468E-10
0.00882567 0.147095 1.19097E-10
0.0086792 0.144653 1.18821E-10
0.00261474 0.0435791 1.17529E-10
0.00246826 0.0411377 1.18419E-10
0.0096167 0.160278 1.18699E-10
0.0126781 0.211303 1.17676E-10
-0.00812255 0.135376 1.19061E-10
0.021145 0.352417 1.19292E-10
0.000754395 0.0125733 1.20839E-10
-0.0164135 0.273559 1.20103E-10
-0.00324463 0.0540772 1.17512E-10
-0.00744873 0.124146 1.22227E-10
-0.00523682 0.0872803 1.17934E-10
0.0127807 0.213012 1.18209E-10
-0.00210206 0.0350343 1.19391E-10
0.00180909 0.0301514 1.17862E-10
-0.00806396 0.134399 1.20467E-10
-0.0035083 0.0584717 1.17784E-10
0.00346436 0.0577393 1.20385E-10
0.00736085 0.122681 1.17471E-10
0.00153076 0.0255128 1.18804E-10
0.00100342 0.0167236 1.20499E-10
-0.0191967 0.319946 1.17667E-10
0.000666505 0.0111084 1.18404E-10
0.00743409 0.123901 1.19892E-10
0.00243897 0.0406496 1.18517E-10
0.00254151 0.0423584 1.21804E-10
-0.00510499 0.0850831 1.18681E-10
-0.000461426 0.00769043 1.18279E-10
-0.00588134 0.0980224 1.19545E-10
-0.0058667 0.0977783 1.20466E-10
0.0104369 0.173948 1.2062E-10
-0.00747804 0.124634 1.18602E-10
-0.00863525 0.143921 1.16659E-10
-0.000930176 0.0155029 1.19769E-10
0.000812989 0.0135498 1.19026E-10
-0.00684814 0.114136 1.18214E-10
-0.0116968 0.194947 1.16447E-10
-0.00242432 0.0404054 1.22045E-10
0.0106274 0.177123 1.19158E-10
0.0121655 0.202758 1.19391E-10
0.00881103 0.146851 1.19468E-10
-0.00459228 0.0765381 1.18584E-10
0.0002417 0.00402833 1.17283E-10
0.0167066 0.278443 1.1998E-10
0.00744873 0.124146 1.18205E-10
0.00384522 0.064087 1.18871E-10
-0.00542725 0.0904541 1.19422E-10
0.012473 0.207884 1.18367E-10
0.0086499 0.144165 1.17578E-10
-0.0115649 0.192749 1.21857E-10
-0.00835693 0.139282 1.17659E-10
0.0128979 0.214966 1.18036E-10
-0.00381592 0.0635987 1.2041E-10
-0.00161865 0.0269775 1.17674E-10
-0.00656982 0.109497 1.19207E-10
-0.009104 0.151733 1.20279E-10
-0.00930907 0.155151 1.19461E-10
0.0120336 0.200561 1.19691E-10
0.00533936 0.0889893 1.16719E-10
0.004021 0.0670166 1.19772E-10
0.00507569 0.0845948 1.20357E-10
-0.0167798 0.279663 1.18964E-10
0.0172777 0.287962 1.19268E-10
0.0145825 0.243041 1.20877E-10
-0.00454836 0.0758059 1.18085E-10
0.00823974 0.137329 1.19426E-10
-0.00478271 0.0797119 1.19032E-10
0.00240968 0.0401613 1.18431E-10
-0.0151977 0.253296 1.19911E-10
-0.00443115 0.0738526 1.22409E-10
-0.00172119 0.0286864 1.18345E-10
0.00202881 0.0338136 1.19512E-10
-0.00577881 0.0963136 1.19224E-10
-0.00555908 0.0926513 1.20647E-10
0.0117846 0.19641 1.17379E-10
0.000461426 0.00769043 1.21163E-10
0.0185083 0.308472 1.16966E-10
0.00793213 0.132202 1.1973E-10
-0.00526611 0.0877685 1.15328E-10
-0.00551514 0.0919189 1.19337E-10
0.015769 0.262817 1.17941E-10
0.00526611 0.0877685 1.17471E-10
-0.000578614 0.00964357 1.17751E-10
0.00321533 0.0535889 1.21368E-10
-0.0104662 0.174437 1.19299E-10
-0.00516358 0.0860596 1.18231E-10
0.00828368 0.138061 1.18588E-10
-0.0101733 0.169555 1.16758E-10
-0.00292237 0.0487061 1.16371E-10
0.00569092 0.0948486 1.1665E-10
-0.0108325 0.180541 1.18538E-10
0.0164721 0.274535 1.18345E-10
-0.00993895 0.165649 1.17645E-10
0.000109864 0.00183106 1.19774E-10
-0.000417481 0.00695803 1.16975E-10
0.00308351 0.0513918 1.20767E-10
-0.00374268 0.062378 1.21714E-10
-0.00205812 0.0343019 1.17676E-10
-0.00617431 0.102905 1.17843E-10
0.018728 0.312134 1.19053E-10
0.001604 0.0267334 1.20865E-10
-0.0164574 0.274291 1.18865E-10
-0.0180687 0.301146 1.20147E-10
0.0122241 0.203735 1.19028E-10
0.000578614 0.00964357 1.21711E-10
0.000344239 0.00573732 1.157E-10
0.00302491 0.0504153 1.17116E-10
-0.00387452 0.0645753 1.17089E-10
-0.0180394 0.300657 1.18631E-10
-0.0200318 0.333863 1.20139E-10
0.0202661 0.337767 1.16455E-10
0.0153295 0.255492 1.18899E-10
0.00106201 0.0177003 1.18714E-10
0.00473877 0.0789796 1.17227E-10
0.0111255 0.185425 1.17302E-10
0.00469482 0.0782471 1.21101E-10
0.00475343 0.0792238 1.19908E-10
0.00295167 0.0491944 1.17434E-10
0.000212403 0.00354005 1.21476E-10
0.000930176 0.0155029 1.17925E-10
-0.0134691 0.224486 1.19031E-10
-0.0205005 0.341675 1.19592E-10
-0.000886231 0.0147705 1.20353E-10
-0.00213135 0.0355226 1.17545E-10
-0.00784424 0.130737 1.16975E-10
0.0138207 0.230346 1.20245E-10
0.0076538 0.127563 1.16621E-10
