0.0170727 0.284544 7.13524E-11
0.00385987 0.0643311 7.19302E-11
-0.00494386 0.0823976 7.15197E-11
-0.0116382 0.19397 7.20738E-11
0.013557 0.225951 7.08531E-11
-0.00633546 0.105591 7.35258E-11
-0.00317139 0.0528564 7.38665E-11
-0.0039917 0.0665283 7.24015E-11
0.0087085 0.145142 7.36085E-11
0.0016626 0.0277099 7.22486E-11
-0.0175122 0.29187 7.16371E-11
0.00232177 0.0386963 7.32539E-11
-0.00361086 0.0601809 7.22695E-11
-0.00646728 0.107788 7.15357E-11
0.023225 0.387084 7.2432E-11
0.0203393 0.338989 7.16129E-11
0.0139526 0.232543 7.18836E-11
0.00784424 0.130737 7.23536E-11
-0.00637941 0.106323 7.13569E-11
0.00511963 0.0853273 7.18578E-11
-0.00574952 0.0958253 7.15623E-11
-0.0185083 0.308472 7.14216E-11
0.000446778 0.0074463 7.18652E-11
0.0117699 0.196166 7.24295E-11
0.00813719 0.13562 7.18729E-11
0.00605713 0.100952 7.19049E-11
-0.00277588 0.0462646 7.2356E-11
0.0166186 0.276977 7.18996E-11
-0.0166919 0.278198 7.36913E-11
0.00303956 0.0506593 7.12741E-11
-0.00580811 0.0968019 7.19771E-11
-0.0212182 0.353637 7.13903E-11
0.00536865 0.0894775 7.21863E-11
0.0066577 0.110962 7.14572E-11
-0.0214233 0.357055 7.21648E-11
-0.0102466 0.170777 7.25409E-11
-0.00139893 0.0233154 7.25455E-11
0.0113452 0.189087 7.18691E-11
0.00451906 0.0753176 7.16259E-11
0.0112573 0.187622 7.25058E-11
0.00396242 0.0660403 7.0977E-11
0.00446046 0.0743409 7.0892E-11
-0.005896 0.0982666 7.14099E-11
-0.0141429 0.235716 7.23295E-11
-0.00826904 0.137817 7.14744E-11
0.00239503 0.0399171 7.15327E-11
0.0167358 0.27893 7.19559E-11
-0.00863525 0.143921 7.20084E-11
0.000769043 0.0128174 7.18069E-11
-0.0157397 0.262328 7.23258E-11
-0.023269 0.387817 7.21426E-11
0.00432862 0.0721436 7.19688E-11
-0.000373536 0.0062256 7.19494E-11
-0.00888428 0.148071 7.21176E-11
-0.0192114 0.32019 7.09799E-11
0.00255615 0.0426025 7.13642E-11
-0.00194092 0.0323486 7.19784E-11
0.0238842 0.39807 7.22339E-11
-0.00636475 0.106079 7.17251E-11
-0.0121801 0.203003 7.26296E-11
0.00853271 0.142212 7.28439E-11
-0.0122241 0.203735 7.37069E-11
0.010935 0.18225 7.25362E-11
0.0114917 0.191529 7.09892E-11
0.0137768 0.229613 7.25014E-11
-0.00736085 0.122681 7.18291E-11
0.00103272 0.0172119 7.25719E-11
-0.0120483 0.200805 7.3487E-11
-0.0353833 0.589722 7.27408E-11
-0.0124437 0.207396 7.14991E-11
0.0110376 0.183959 7.18726E-11
-0.0171313 0.285521 7.27295E-11
-5.12697E-05 0.000854496 7.02008E-11
0.0145531 0.242553 7.18079E-11
-0.0162963 0.271605 7.14113E-11
-0.0106127 0.176878 7.34448E-11
-0.0080786 0.134643 7.38135E-11
0.00438721 0.0731202 7.23706E-11
-0.0239867 0.399779 7.4309E-11
-0.000270996 0.00451661 7.28736E-11
0.0117261 0.195435 7.19955E-11
0.0150952 0.251587 7.04799E-11
-0.0134691 0.224486 7.17211E-11
-0.0178198 0.296997 7.165E-11
-0.020808 0.3468 7.17503E-11
0.00385987 0.0643311 7.38891E-11
-0.0184643 0.307738 7.16141E-11
-0.000666505 0.0111084 7.16966E-11
0.0159595 0.265991 7.17656E-11
-0.00620361 0.103394 7.14559E-11
0.0161499 0.269165 7.26724E-11
-0.0208667 0.347778 7.41239E-11
0.016062 0.2677 7.17368E-11
-0.00668701 0.11145 7.35051E-11
-0.00939697 0.156616 7.18286E-11
0.00980712 0.163452 7.10533E-11
0.0147729 0.246215 7.18052E-11
0.000402833 0.00671388 7.237E-11
0.00281982 0.0469971 7.1929E-11
-0.0160766 0.267944 7.14251E-11
0.00866454 0.144409 7.09643E-11
-0.00303956 0.0506593 7.233E-11
0.0107738 0.179564 7.11614E-11
0.0102612 0.17102 7.18302E-11
-0.00381592 0.0635987 7.26352E-11
-0.0137328 0.228881 7.18502E-11
0.00971924 0.161987 7.06719E-11
-0.00280518 0.0467529 7.14686E-11
-0.0176147 0.293579 7.38345E-11
0.00620361 0.103394 7.24445E-11
0.0170727 0.284544 7.28527E-11
-0.0117407 0.195678 7.31152E-11
0.0311791 0.519652 7.18874E-11
0.00303956 0.0506593 7.22482E-11
0.00794677 0.132446 7.2702E-11
-0.021145 0.352417 7.2423E-11
0.012107 0.201783 7.05119E-11
0.0136742 0.227904 7.22317E-11
0.00147217 0.0245361 7.20857E-11
-0.0151098 0.251831 7.03034E-11
0.0036255 0.060425 7.30974E-11
-0.00328858 0.0548096 7.23697E-11
0.00560302 0.0933837 7.1024E-11
0.00495851 0.0826417 7.15265E-11
0.0180102 0.30017 7.17331E-11
0.000358888 0.00598146 7.30684E-11
0.00276123 0.0460205 7.14226E-11
-0.00787354 0.131226 7.21253E-11
0.000212403 0.00354005 7.22728E-11
-0.00602784 0.100464 7.09272E-11
0.00823974 0.137329 7.17262E-11
0.010891 0.181517 7.26239E-11
0.00697999 0.116333 7.14928E-11
0.0128832 0.214721 7.23465E-11
-0.00416749 0.0694581 7.27618E-11
-0.0224195 0.373658 7.12287E-11
-0.00536865 0.0894775 7.27927E-11
0.0189624 0.316041 7.24984E-11
-0.0232104 0.38684 7.4094E-11
0.00321533 0.0535889 7.14598E-11
0.01385 0.230834 7.17495E-11
-0.00847412 0.141235 7.21352E-11
0.0173217 0.288695 7.11962E-11
0.00218994 0.0364991 7.24126E-11
-0.00995359 0.165893 7.20486E-11
-0.0225805 0.376342 7.18867E-11
-0.00913329 0.152222 7.09641E-11
-0.00693604 0.115601 7.19897E-11
-0.0202221 0.337035 7.39349E-11
-0.0133666 0.222777 7.26555E-11
0.0131761 0.219603 7.10995E-11
0.0201782 0.336303 7.20591E-11
0.0119018 0.198364 6.99898E-11
-0.017146 0.285766 7.36526E-11
-0.00958741 0.15979 7.28473E-11
-0.0174096 0.290161 7.11724E-11
-0.0151098 0.251831 7.26808E-11
0.0135277 0.225463 6.99732E-11
0.00687744 0.114624 7.17135E-11
-0.0176147 0.293579 7.08284E-11
-0.0134106 0.223509 7.2248E-11
0.00753662 0.12561 7.14211E-11
-0.0205005 0.341675 7.21423E-11
-0.00468018 0.078003 6.99976E-11
0.00340576 0.0567628 7.32103E-11
-0.0234009 0.390014 7.37721E-11
0.0333911 0.556518 7.13209E-11
0.00941162 0.15686 7.28156E-11
0.0255248 0.425413 7.08934E-11
-0.00848876 0.141479 7.25744E-11
0.0147582 0.245971 7.10554E-11
-0.00787354 0.131226 7.12214E-11
-0.00709717 0.118286 7.25722E-11
-0.00186768 0.0311279 7.05071E-11
-0.000754395 0.0125733 7.1551E-11
0.017351 0.289184 7.22893E-11
0.00377197 0.0628662 7.12802E-11
-0.00290771 0.0484619 7.04916E-11
0.00614503 0.102417 7.27863E-11
0.0161353 0.268922 7.1937E-11
0.00343507 0.0572511 7.24162E-11
-0.0117992 0.196654 7.22373E-11
-0.00167724 0.0279541 7.27511E-11
0.00730226 0.121704 7.13435E-11
0.00125244 0.0208739 7.12585E-11
-0.016018 0.266967 7.31789E-11
-0.00837157 0.139526 7.1726E-11
0.00277588 0.0462646 7.28313E-11
-0.0111547 0.185913 7.14226E-11
-0.0209252 0.348754 7.25127E-11
-0.00289307 0.0482178 7.25823E-11
-0.00438721 0.0731202 7.1829E-11
-0.00446046 0.0743409 7.08763E-11
-0.0156957 0.261596 7.38534E-11
0.0058667 0.0977783 7.28837E-11
0.000153809 0.00256348 7.26649E-11
-0.000812989 0.0135498 7.27226E-11
-0.0289672 0.482788 7.13472E-11
-0.0234741 0.391236 7.27825E-11
-0.015271 0.254517 7.32697E-11
