0.00396242 0.0660403 1.16868E-10
0.00796143 0.13269 1.16553E-10
0.00708252 0.118042 1.19482E-10
0.00545655 0.0909424 1.1713E-10
-0.00103272 0.0172119 1.18362E-10
0.00469482 0.0782471 1.16561E-10
-0.004021 0.0670166 1.18573E-10
0.000212403 0.00354005 1.19101E-10
-0.00664306 0.110718 1.18559E-10
0.00583742 0.0972903 1.16195E-10
-0.00479736 0.0799561 1.16234E-10
-0.000915527 0.0152588 1.16851E-10
0.00778564 0.129761 1.18463E-10
0.000959473 0.0159912 1.19194E-10
0.00605713 0.100952 1.18238E-10
0.00276123 0.0460205 1.18627E-10
0.0080786 0.134643 1.16814E-10
0.0120336 0.200561 1.16795E-10
-0.00759522 0.126587 1.1964E-10
-0.000563965 0.00939942 1.16443E-10
0.00481202 0.0802003 1.19176E-10
-0.00412354 0.0687256 1.16474E-10
-0.00374268 0.062378 1.1885E-10
-0.000358888 0.00598146 1.16342E-10
0.00277588 0.0462646 1.16291E-10
-0.0101 0.168334 1.17703E-10
-0.0119165 0.198608 1.16984E-10
0.016062 0.2677 1.16405E-10
0.012268 0.204467 1.19958E-10
0.00680419 0.113403 1.18568E-10
0.00243897 0.0406496 1.18454E-10
0.00869384 0.144897 1.18987E-10
0.0142748 0.237914 1.1899E-10
0.00756592 0.126099 1.19579E-10
0.00583742 0.0972903 1.16624E-10
0.016062 0.2677 1.16783E-10
0.00052002 0.008667 1.18996E-10
-0.00175048 0.0291747 1.16126E-10
-0.00741945 0.123657 1.19062E-10
-0.00983642 0.16394 1.15941E-10
-0.000944824 0.0157471 1.1871E-10
-0.00948487 0.158081 1.17073E-10
-0.00702393 0.117066 1.18173E-10
-0.0035083 0.0584717 1.17069E-10
-0.00299562 0.0499269 1.18805E-10
3.66213E-05 0.000610354 1.1884E-10
-0.00358156 0.0596926 1.18357E-10
-0.00337647 0.0562746 1.1642E-10
0.00372804 0.0621339 1.16463E-10
-0.0136889 0.228149 1.17859E-10
0.00148682 0.0247803 1.16937E-10
-0.00355225 0.0592042 1.18161E-10
0.0025122 0.0418701 1.18622E-10
-0.0142162 0.236937 1.17158E-10
-0.00588134 0.0980224 1.16924E-10
0.00248291 0.0413818 1.19116E-10
0.00906006 0.151001 1.19283E-10
-0.00711183 0.11853 1.19126E-10
-0.00637941 0.106323 1.16327E-10
0.0107738 0.179564 1.19319E-10
-0.00718507 0.119751 1.18543E-10
0.00418213 0.0697022 1.19173E-10
-0.0115064 0.191773 1.18122E-10
-0.00372804 0.0621339 1.17783E-10
-0.00257079 0.0428466 1.17304E-10
-0.00339112 0.0565187 1.17506E-10
0.00545655 0.0909424 1.17319E-10
-0.000915527 0.0152588 1.16646E-10
0.00658448 0.109741 1.18575E-10
0.0102758 0.171264 1.16342E-10
-0.00443115 0.0738526 1.16625E-10
-0.00993895 0.165649 1.1652E-10
0.00336182 0.0560304 1.17716E-10
0.00982178 0.163696 1.16503E-10
-0.00503175 0.0838624 1.18759E-10
0.00895751 0.149292 1.16052E-10
0.00383058 0.0638429 1.19504E-10
-0.0086206 0.143677 1.16886E-10
0.0045337 0.0755617 1.18042E-10
-0.00695068 0.115845 1.16076E-10
0.00497315 0.0828858 1.19466E-10
-0.00563233 0.0938721 1.16695E-10
-0.0130884 0.21814 1.17267E-10
-0.000783692 0.0130615 1.1688E-10
-0.00214601 0.0357668 1.19157E-10
-0.00478271 0.0797119 1.15818E-10
0.000227051 0.00378418 1.19185E-10
-6.59183E-05 0.00109864 1.16684E-10
0.00302491 0.0504153 1.16798E-10
-0.00443115 0.0738526 1.15625E-10
-0.00566162 0.0943603 1.16778E-10
0.000783692 0.0130615 1.18713E-10
-0.00853271 0.142212 1.15785E-10
-0.0103491 0.172485 1.1982E-10
0.00923584 0.153931 1.16591E-10
-0.000212403 0.00354005 1.18614E-10
-0.00441651 0.0736084 1.16381E-10
-0.0122534 0.204223 1.166E-10
0.00248291 0.0413818 1.16269E-10
0.0110082 0.183471 1.16218E-10
0.00223389 0.0372314 1.16531E-10
-0.0121655 0.202758 1.18097E-10
0.0016919 0.0281983 1.18642E-10
0.00717042 0.119507 1.17738E-10
-0.00330322 0.0550537 1.18385E-10
-0.00875243 0.145874 1.19064E-10
-0.0010913 0.0181884 1.1722E-10
0.00123779 0.0206298 1.16329E-10
0.00850342 0.141724 1.16429E-10
-0.00371339 0.0618898 1.16835E-10
-0.00678955 0.113159 1.18239E-10
0.0048999 0.0816651 1.19433E-10
-0.00381592 0.0635987 1.17184E-10
-2.19728E-05 0.000366213 1.16658E-10
-0.00547119 0.0911865 1.1661E-10
-0.00249756 0.0416259 1.19211E-10
0.00349366 0.0582276 1.16275E-10
0.0196508 0.327514 1.16496E-10
-0.0031421 0.0523683 1.17139E-10
0.00731691 0.121948 1.18972E-10
-0.00352296 0.0587159 1.18305E-10
-0.00945556 0.157593 1.16399E-10
0.00881103 0.146851 1.19096E-10
-0.00563233 0.0938721 1.16617E-10
0.0121801 0.203003 1.16644E-10
-0.00787354 0.131226 1.19756E-10
-0.0010913 0.0181884 1.18334E-10
0.00901611 0.150269 1.18094E-10
-0.00724365 0.120728 1.1633E-10
0.00239503 0.0399171 1.17292E-10
-0.00239503 0.0399171 1.18971E-10
-9.5215E-05 0.00158692 1.19169E-10
-0.000944824 0.0157471 1.16166E-10
0.00519286 0.0865477 1.19394E-10
0.00258545 0.0430908 1.15734E-10
0.00312745 0.0521241 1.19012E-10
-0.000666505 0.0111084 1.19199E-10
-0.00840087 0.140015 1.16262E-10
0.00358156 0.0596926 1.17948E-10
0.00103272 0.0172119 1.1894E-10
-0.00781495 0.130249 1.18836E-10
-0.000827638 0.013794 1.18906E-10
0.00384522 0.064087 1.19408E-10
0.0122974 0.204957 1.19123E-10
-0.0132201 0.220335 1.16348E-10
0.0058667 0.0977783 1.1906E-10
0.0205737 0.342895 1.16706E-10
0.00702393 0.117066 1.1858E-10
-0.000153809 0.00256348 1.17072E-10
0.0072583 0.120972 1.18775E-10
-0.0036255 0.060425 1.17345E-10
0.00186768 0.0311279 1.19303E-10
-0.0105688 0.176147 1.18302E-10
0.0118725 0.197875 1.19193E-10
0.00829834 0.138306 1.1684E-10
-0.000373536 0.0062256 1.16141E-10
-0.00387452 0.0645753 1.16674E-10
0.00296631 0.0494386 1.17E-10
-0.0102612 0.17102 1.16908E-10
0.0134691 0.224486 1.18858E-10
-0.00558837 0.0931396 1.19199E-10
-0.00853271 0.142212 1.16505E-10
0.00331788 0.0552979 1.18854E-10
0.00478271 0.0797119 1.18552E-10
0.0058667 0.0977783 1.17569E-10
-0.00148682 0.0247803 1.16085E-10
-0.00497315 0.0828858 1.1714E-10
0.00804931 0.134155 1.19483E-10
-0.0110522 0.184203 1.19234E-10
0.00334717 0.0557863 1.16661E-10
0.0115356 0.192261 1.19205E-10
0.000300294 0.00500489 1.16388E-10
-0.00189697 0.0316162 1.1887E-10
0.0138647 0.231079 1.19244E-10
-0.00901611 0.150269 1.1941E-10
0.00787354 0.131226 1.16413E-10
0.00617431 0.102905 1.16404E-10
0.0137621 0.229369 1.17259E-10
0.0016919 0.0281983 1.17444E-10
0.0062622 0.10437 1.16426E-10
-0.00558837 0.0931396 1.16479E-10
0.00462159 0.0770264 1.18338E-10
-0.000651857 0.0108643 1.16626E-10
0.00432862 0.0721436 1.19069E-10
0.00879639 0.146606 1.17398E-10
-0.00396242 0.0660403 1.17935E-10
-0.00170654 0.0284423 1.15825E-10
-0.00762452 0.127075 1.19319E-10
-0.00717042 0.119507 1.16533E-10
-0.010642 0.177367 1.18994E-10
-0.0126342 0.21057 1.18454E-10
-0.00990965 0.165161 1.17862E-10
-0.0118871 0.198119 1.17201E-10
-0.000505372 0.00842286 1.18117E-10
-0.023269 0.387817 1.16357E-10
0.00985107 0.164185 1.16786E-10
0.00284912 0.0474853 1.18877E-10
0.0116382 0.19397 1.18676E-10
-0.00802002 0.133667 1.15528E-10
-0.0109497 0.182494 1.18944E-10
