0.0010913 0.0181884 8.99955E-11
-0.00249756 0.0416259 9.03115E-11
-0.00406495 0.0677491 8.95465E-11
-0.0106859 0.178099 9.05345E-11
0.000607911 0.0101319 8.8524E-11
0.00901611 0.150269 8.98196E-11
0.00444581 0.0740968 8.77892E-11
-0.000637208 0.0106201 8.74065E-11
0.00576416 0.0960694 8.94952E-11
0.00752198 0.125366 8.99405E-11
0.00128173 0.0213622 8.9852E-11
0.0145238 0.242064 8.95199E-11
0.00156005 0.0260009 8.85546E-11
0.00161865 0.0269775 9.01863E-11
-0.0111547 0.185913 8.99336E-11
-0.0253344 0.42224 8.94363E-11
-0.0036255 0.060425 8.83891E-11
0.00302491 0.0504153 8.90036E-11
0.00951416 0.158569 8.81655E-11
0.00116455 0.0194092 8.75384E-11
0.00495851 0.0826417 8.76041E-11
-0.0117699 0.196166 8.79055E-11
0.00132569 0.0220948 8.85411E-11
-0.00268799 0.0447998 8.73332E-11
-0.0139819 0.233032 8.98266E-11
-0.00869384 0.144897 8.86927E-11
0.00120849 0.0201416 8.77791E-11
-0.00750733 0.125122 8.8641E-11
0.00043213 0.00720217 8.92653E-11
0.00457764 0.076294 8.73663E-11
-0.0115503 0.192505 8.88196E-11
-0.00791749 0.131958 8.80627E-11
-0.0167505 0.279174 8.95714E-11
-0.00667235 0.111206 9.02195E-11
0.0109497 0.182494 8.91611E-11
0.00135498 0.0225831 8.99414E-11
0.0131615 0.219358 8.98934E-11
-0.00301026 0.0501711 8.80389E-11
-0.000476075 0.00793458 8.79678E-11
0.00277588 0.0462646 9.04309E-11
-0.0202514 0.337523 8.9365E-11
0.000183106 0.00305178 8.92565E-11
-0.00856201 0.1427 9.01721E-11
0.0199585 0.332643 8.90738E-11
0.00110596 0.0184326 8.97423E-11
0.0087085 0.145142 9.0126E-11
0.00734619 0.122437 8.78985E-11
0.0110082 0.183471 8.84273E-11
0.0059253 0.0987549 8.99949E-11
-0.00891357 0.14856 8.86795E-11
0.00415284 0.0692139 8.96601E-11
0.00383058 0.0638429 8.886E-11
0.00052002 0.008667 9.02097E-11
-0.0022046 0.0367433 8.86285E-11
-0.00437257 0.0728761 8.97308E-11
0.00557372 0.0928954 8.96871E-11
-0.0166479 0.277465 9.0041E-11
0.00361086 0.0601809 8.90583E-11
0.0030542 0.0509034 8.73853E-11
-0.00935303 0.155884 8.73879E-11
0.00511963 0.0853273 8.9766E-11
-0.0143187 0.238646 8.83448E-11
0.0021167 0.0352784 8.99771E-11
0.0114185 0.190308 8.97061E-11
0.0113745 0.189575 8.96452E-11
-0.00427003 0.0711671 8.81352E-11
0.00306886 0.0511476 8.9867E-11
-0.00079834 0.0133057 8.74981E-11
-0.000183106 0.00305178 8.74483E-11
0.00298097 0.0496828 8.73924E-11
-0.00551514 0.0919189 8.76152E-11
0.00837157 0.139526 8.73769E-11
-0.00473877 0.0789796 9.02794E-11
-0.00476807 0.0794678 8.99697E-11
-0.0181274 0.302123 8.97058E-11
0.00189697 0.0316162 8.89888E-11
-0.00696533 0.116089 9.01613E-11
-0.00885498 0.147583 8.97841E-11
0.012473 0.207884 9.02413E-11
-0.00816649 0.136108 8.9571E-11
-0.0030542 0.0509034 8.7701E-11
0.0063501 0.105835 8.91766E-11
-0.00513429 0.0855714 8.86219E-11
-0.00878173 0.146362 8.74481E-11
0.0119165 0.198608 8.76422E-11
-0.00832763 0.138794 8.80602E-11
0.0177027 0.295044 9.00685E-11
-0.00195557 0.0325928 8.74054E-11
-0.011975 0.199584 8.85623E-11
-0.00377197 0.0628662 9.00849E-11
-0.00435792 0.0726319 8.91866E-11
0.00835693 0.139282 8.98296E-11
0.0175122 0.29187 8.86814E-11
0.011184 0.186401 9.01478E-11
0.0147582 0.245971 8.86769E-11
0.0076831 0.128052 8.86616E-11
0.0104955 0.174925 9.02215E-11
0.0050171 0.0836183 8.81932E-11
-0.00365479 0.0609132 8.98779E-11
0.00185303 0.0308838 8.81365E-11
-0.00746339 0.12439 8.95371E-11
-0.00522216 0.0870361 8.90067E-11
-0.00223389 0.0372314 8.84507E-11
0.0031421 0.0523683 8.99192E-11
0.0205591 0.342652 9.01719E-11
-0.00243897 0.0406496 8.72896E-11
0.0157104 0.26184 8.76948E-11
-0.00418213 0.0697022 8.95307E-11
0.000739747 0.0123291 8.87423E-11
-0.0139379 0.232299 9.00057E-11
-0.0156811 0.261352 8.9089E-11
0.000944824 0.0157471 8.79881E-11
-6.59183E-05 0.00109864 8.85296E-11
0.000256348 0.00427247 8.73789E-11
0.00932372 0.155395 8.98303E-11
0.00221924 0.0369873 9.01105E-11
-0.00349366 0.0582276 8.85767E-11
0.0110668 0.184447 8.95676E-11
0.00283447 0.0472412 8.97481E-11
-0.000974122 0.0162354 8.80357E-11
-0.0182006 0.303344 9.06944E-11
-0.0133519 0.222532 8.72847E-11
0.00101806 0.0169677 8.98607E-11
-0.00465089 0.0775148 8.74206E-11
0.0086792 0.144653 8.88139E-11
-0.00229249 0.0382081 8.85293E-11
-0.00410888 0.0684814 9.03925E-11
-0.00949952 0.158325 8.9451E-11
0.0107738 0.179564 8.84703E-11
-0.00966064 0.161011 8.85452E-11
-0.0257738 0.429564 8.88794E-11
-0.000314942 0.00524903 8.82805E-11
0.00239503 0.0399171 8.94527E-11
0.000900879 0.0150147 8.99609E-11
-0.00722901 0.120484 8.73798E-11
-0.00161865 0.0269775 9.00077E-11
0.00813719 0.13562 8.72676E-11
-0.00482666 0.0804444 8.87374E-11
-0.00476807 0.0794678 8.99605E-11
0.0054419 0.0906983 8.76013E-11
-0.0117407 0.195678 8.9922E-11
0.00648194 0.108032 8.79456E-11
0.009646 0.160767 8.86401E-11
0.00239503 0.0399171 8.84395E-11
-0.00308351 0.0513918 8.99032E-11
-0.000505372 0.00842286 8.80763E-11
0.0156518 0.260863 8.87052E-11
0.0113013 0.188355 8.90842E-11
-0.00210206 0.0350343 8.88176E-11
0.00646728 0.107788 8.82093E-11
-0.00315674 0.0526123 8.86238E-11
-0.00869384 0.144897 8.87896E-11
-0.00659912 0.109985 8.90645E-11
0.000739747 0.0123291 8.97231E-11
-0.00157471 0.0262451 8.90414E-11
0.0063501 0.105835 8.89903E-11
-0.00585206 0.0975343 8.9162E-11
-0.0101586 0.169311 9.01283E-11
-0.00271728 0.0452881 8.99104E-11
-0.0072583 0.120972 8.75754E-11
-0.0120923 0.201538 8.81588E-11
0.0185961 0.309936 8.7375E-11
-0.00218994 0.0364991 8.88976E-11
-0.00202881 0.0338136 9.00762E-11
0.00208742 0.0347903 8.83467E-11
0.00279053 0.0465088 8.88139E-11
-0.000285645 0.00476075 9.0015E-11
-0.00572021 0.0953369 8.7392E-11
-0.0118286 0.197142 8.81061E-11
-0.00598389 0.0997314 8.8576E-11
-0.00358156 0.0596926 8.80565E-11
-0.00277588 0.0462646 8.97522E-11
0.000695801 0.0115967 8.82238E-11
0.00172119 0.0286864 8.8641E-11
-0.00312745 0.0521241 8.87282E-11
0.00289307 0.0482178 9.01408E-11
-0.00385987 0.0643311 9.01622E-11
0.00340576 0.0567628 8.95682E-11
0.00542725 0.0904541 8.80356E-11
-0.0139086 0.231811 8.85229E-11
0.0050464 0.0841066 8.80633E-11
0.00659912 0.109985 8.78631E-11
0.00336182 0.0560304 8.81305E-11
-0.00446046 0.0743409 8.99108E-11
-0.00358156 0.0596926 8.84395E-11
0.000651857 0.0108643 8.86319E-11
-0.00342042 0.0570069 8.86756E-11
-0.0106274 0.177123 9.02917E-11
0.0105395 0.175658 8.80847E-11
0.00387452 0.0645753 8.93042E-11
-0.00144287 0.0240478 8.95801E-11
0.00303956 0.0506593 8.87083E-11
0.00886962 0.147827 8.89634E-11
0.0108031 0.180053 8.87676E-11
0.00664306 0.110718 9.00139E-11
-0.00816649 0.136108 8.98199E-11
-0.00281982 0.0469971 8.84289E-11
-0.010891 0.181517 8.8304E-11
-0.00733155 0.122193 8.81853E-11
0.00717042 0.119507 8.83351E-11
