0.00353761 0.0589601 8.01308E-10
-0.00378663 0.0631104 8.13274E-10
0.00668701 0.11145 8.13456E-10
0.0104662 0.174437 8.61605E-10
0.00419677 0.0699463 8.2238E-10
0.0102466 0.170777 8.31925E-10
0.00383058 0.0638429 8.21397E-10
0.000270996 0.00451661 7.94768E-10
-0.0102173 0.170288 7.84838E-10
-8.05667E-05 0.00134278 7.74506E-10
0.00286376 0.0477294 7.96331E-10
-0.00388916 0.0648194 7.855E-10
0.000681153 0.0113526 8.01989E-10
-0.0050464 0.0841066 8.13259E-10
0.000827638 0.013794 8.21019E-10
0.00922119 0.153687 7.84846E-10
-0.00135498 0.0225831 7.94776E-10
-0.00572021 0.0953369 8.25381E-10
-0.00760987 0.126831 7.74544E-10
-0.00355225 0.0592042 7.82957E-10
0.00995359 0.165893 8.02371E-10
-0.00613038 0.102173 7.6862E-10
-0.00377197 0.0628662 8.13347E-10
-0.00604249 0.100708 8.0264E-10
-0.0067456 0.112427 7.75726E-10
0.00752198 0.125366 8.33513E-10
0.000139161 0.00231935 7.7586E-10
0.00246826 0.0411377 8.32565E-10
-0.00161865 0.0269775 8.151E-10
-0.00229249 0.0382081 7.84778E-10
-0.00147217 0.0245361 8.04884E-10
0.00347901 0.0579834 8.25119E-10
-0.00163329 0.0272216 8.22495E-10
0.00122315 0.0203858 7.69147E-10
0.00569092 0.0948486 8.05051E-10
0.000930176 0.0155029 7.94805E-10
0.00257079 0.0428466 8.22165E-10
0.0090747 0.151245 8.03482E-10
0.00557372 0.0928954 8.01987E-10
-0.0067749 0.112915 7.92003E-10
0.000842286 0.0140381 8.22082E-10
0.00881103 0.146851 8.12584E-10
-0.00191162 0.0318603 8.04949E-10
-0.00214601 0.0357668 8.21289E-10
-0.00371339 0.0618898 7.94794E-10
-0.00116455 0.0194092 8.15097E-10
0.00273194 0.0455323 7.84986E-10
0.00875243 0.145874 8.12222E-10
0.00564698 0.0941163 7.84619E-10
0.00920655 0.153442 7.81526E-10
0.00884032 0.147339 8.04912E-10
-0.00153076 0.0255128 8.1512E-10
-0.00979248 0.163208 8.32221E-10
0.00273194 0.0455323 8.05045E-10
0.0062622 0.10437 7.94787E-10
-0.00189697 0.0316162 7.94902E-10
-0.00292237 0.0487061 8.12017E-10
-0.00485597 0.0809328 8.11929E-10
-0.00270264 0.0450439 8.13289E-10
0.00750733 0.125122 8.13374E-10
-0.004021 0.0670166 7.75035E-10
-0.00689209 0.114868 8.0086E-10
-0.00891357 0.14856 7.86609E-10
0.00960205 0.160034 7.94823E-10
-0.00131103 0.0218506 8.32146E-10
0.00292237 0.0487061 8.04927E-10
0.0112573 0.187622 7.77588E-10
0.00154541 0.0257568 8.01662E-10
-0.00267333 0.0445556 8.04996E-10
-0.010935 0.18225 8.05094E-10
-0.00369873 0.0616456 7.82766E-10
-0.00179444 0.0299073 7.84704E-10
0.00246826 0.0411377 8.04877E-10
0.00380127 0.0633546 7.87064E-10
-0.00697999 0.116333 8.15152E-10
-0.0036255 0.060425 8.02138E-10
-0.000388184 0.00646973 8.21629E-10
0.00462159 0.0770264 8.15143E-10
-0.00356691 0.0594484 8.23473E-10
0.00615967 0.102661 7.65437E-10
0.00311279 0.0518799 7.84746E-10
0.00347901 0.0579834 7.94865E-10
0.0110082 0.183471 8.25109E-10
-0.00885498 0.147583 7.86282E-10
-0.00161865 0.0269775 7.94838E-10
-0.00202881 0.0338136 7.86874E-10
0.000666505 0.0111084 8.22247E-10
0.00167724 0.0279541 7.95961E-10
0.00368409 0.0614015 7.92112E-10
-0.00381592 0.0635987 7.85658E-10
0.00205812 0.0343019 8.02535E-10
0.00733155 0.122193 7.94791E-10
-0.00153076 0.0255128 7.85945E-10
0.00513429 0.0855714 8.22677E-10
-0.00216065 0.0360108 7.85572E-10
-0.00273194 0.0455323 8.13421E-10
0.00158936 0.0264893 7.94885E-10
-0.000314942 0.00524903 8.04928E-10
0.0026294 0.0438233 8.23359E-10
-0.00182373 0.0303956 8.01183E-10
-0.000842286 0.0140381 7.94788E-10
0.015227 0.253784 8.12045E-10
-0.00287842 0.0479736 8.11779E-10
0.00892822 0.148804 8.11132E-10
-0.010144 0.169067 7.84661E-10
-0.00579347 0.0965578 7.84706E-10
-0.00443115 0.0738526 7.74541E-10
0.00277588 0.0462646 7.88612E-10
-0.00752198 0.125366 7.84714E-10
-0.00516358 0.0860596 8.21238E-10
-0.00352296 0.0587159 7.92142E-10
-0.000681153 0.0113526 8.13504E-10
0.00629151 0.104858 8.22419E-10
0.00988037 0.164673 8.22383E-10
-0.000446778 0.0074463 8.11794E-10
0.00052002 0.008667 7.9484E-10
-0.00591064 0.0985108 7.91601E-10
-0.0011792 0.0196533 8.15117E-10
0.0096167 0.160278 7.93164E-10
-0.000900879 0.0150147 7.94837E-10
-0.00186768 0.0311279 8.05178E-10
0.00651124 0.108521 7.82922E-10
0.00446046 0.0743409 7.76255E-10
0.00844482 0.140747 8.01461E-10
-0.00167724 0.0279541 8.12509E-10
-0.00245362 0.0408937 8.32616E-10
0.00383058 0.0638429 7.91808E-10
0.0025122 0.0418701 8.1182E-10
0.00283447 0.0472412 7.93079E-10
0.00873779 0.14563 7.84634E-10
0.00421142 0.0701904 8.30396E-10
-0.00406495 0.0677491 7.94856E-10
0.00812255 0.135376 8.11669E-10
0.0063501 0.105835 7.94779E-10
-0.0066577 0.110962 7.96522E-10
0.00724365 0.120728 7.94701E-10
0.00952881 0.158813 7.74607E-10
0.000783692 0.0130615 7.94906E-10
0.00574952 0.0958253 7.78688E-10
0.00733155 0.122193 7.81951E-10
0.00526611 0.0877685 7.64375E-10
0.00331788 0.0552979 7.64266E-10
-0.0125317 0.208862 8.03306E-10
-0.000695801 0.0115967 8.0312E-10
0.0139526 0.232543 8.03229E-10
0.018391 0.306517 8.02525E-10
0.0035962 0.0599367 8.22092E-10
-0.00476807 0.0794678 8.0496E-10
-0.00180909 0.0301514 8.01879E-10
0.000139161 0.00231935 7.95641E-10
0.00747804 0.124634 8.21943E-10
0.00242432 0.0404054 8.05017E-10
-0.000124513 0.00207521 8.11466E-10
0.00712648 0.118775 8.15154E-10
0.00963134 0.160522 8.23542E-10
0.00797607 0.132935 8.02297E-10
-0.00179444 0.0299073 7.84752E-10
0.0135717 0.226195 8.0328E-10
-0.000285645 0.00476075 7.94987E-10
-0.0166039 0.276732 8.01918E-10
0.000168458 0.00280763 7.77797E-10
0.00645264 0.107544 7.64371E-10
0.0152856 0.25476 8.11319E-10
0.00243897 0.0406496 8.02087E-10
0.000358888 0.00598146 7.86398E-10
0.0072583 0.120972 7.84562E-10
0.000373536 0.0062256 8.02008E-10
0.0163256 0.272093 7.92259E-10
0.0058667 0.0977783 8.1179E-10
0.0161353 0.268922 8.02212E-10
-0.00413818 0.0689697 7.95004E-10
0.00126709 0.0211181 7.94869E-10
0.00393312 0.0655519 8.01217E-10
-0.00267333 0.0445556 7.89118E-10
0.000344239 0.00573732 8.32533E-10
-0.00481202 0.0802003 8.22162E-10
0.00435792 0.0726319 8.04925E-10
-0.0025122 0.0418701 7.94781E-10
0.0054419 0.0906983 7.71021E-10
-0.0110815 0.184692 8.03338E-10
-0.00988037 0.164673 7.84665E-10
0.00107666 0.0179443 8.02072E-10
0.0117407 0.195678 7.64401E-10
-0.00107666 0.0179443 7.92385E-10
-0.00318604 0.0531006 7.68494E-10
-0.000153809 0.00256348 7.96246E-10
0.0016626 0.0277099 8.15117E-10
-0.00911865 0.151977 8.25092E-10
0.00257079 0.0428466 8.11738E-10
0.0274146 0.45691 7.94857E-10
0.00418213 0.0697022 7.84769E-10
-0.00432862 0.0721436 8.11514E-10
-0.000124513 0.00207521 8.12457E-10
0.00451906 0.0753176 7.82796E-10
0.00516358 0.0860596 8.05041E-10
-0.00731691 0.121948 8.05044E-10
0.000227051 0.00378418 8.05074E-10
0.00866454 0.144409 8.15418E-10
0.0021167 0.0352784 8.05312E-10
-0.00290771 0.0484619 8.11777E-10
