0.00216065 0.0360108 9.72086E-11
-0.0174829 0.291381 9.54352E-11
0.000490723 0.00817872 9.67353E-11
-0.00217529 0.0362549 9.73596E-11
0.00733155 0.122193 9.73429E-11
0.00649659 0.108276 9.52658E-11
-0.00599854 0.0999756 9.76352E-11
0.0102026 0.170043 9.4794E-11
0.000197755 0.00329592 9.70974E-11
-0.00926514 0.154419 9.67889E-11
0.0137182 0.228637 9.70638E-11
-0.0143041 0.238402 9.72431E-11
-0.00353761 0.0589601 9.67225E-11
0.00381592 0.0635987 9.70477E-11
0.00739014 0.123169 9.72345E-11
-0.00296631 0.0494386 9.47544E-11
-0.00403565 0.0672608 9.75545E-11
-0.0233862 0.38977 9.51209E-11
-0.00429931 0.0716553 9.70598E-11
0.0121508 0.202514 9.70715E-11
-0.0143334 0.23889 9.6831E-11
0.00270264 0.0450439 9.66804E-11
0.0222144 0.37024 9.61178E-11
-0.00418213 0.0697022 9.69814E-11
0.00246826 0.0411377 9.71481E-11
0.0112427 0.187378 9.52005E-11
-0.000139161 0.00231935 9.64415E-11
0.00441651 0.0736084 9.51173E-11
0.00585206 0.0975343 9.72105E-11
0.000856934 0.0142822 9.67851E-11
-0.010642 0.177367 9.75036E-11
-0.022727 0.378784 9.54971E-11
-0.00886962 0.147827 9.49872E-11
-0.00366945 0.0611574 9.51474E-11
0.0114185 0.190308 9.72725E-11
-0.00831299 0.13855 9.52126E-11
0.00712648 0.118775 9.53636E-11
-0.00265869 0.0443115 9.46258E-11
-0.0166772 0.277953 9.74042E-11
0.00132569 0.0220948 9.54099E-11
0.00561767 0.0936279 9.50795E-11
-0.00150147 0.0250244 9.45792E-11
-0.000681153 0.0113526 9.5251E-11
-0.00952881 0.158813 9.46571E-11
-0.00151612 0.0252686 9.55575E-11
0.00941162 0.15686 9.71643E-11
0.013264 0.221068 9.69002E-11
0.00161865 0.0269775 9.69076E-11
-0.00708252 0.118042 9.48837E-11
-0.000153809 0.00256348 9.77307E-11
-0.00772705 0.128784 9.54982E-11
0.0164721 0.274535 9.72583E-11
-0.00422608 0.0704346 9.68301E-11
0.00727296 0.121216 9.73585E-11
-0.0159009 0.265014 9.48159E-11
-0.00531006 0.0885009 9.52126E-11
0.0068335 0.113892 9.70884E-11
0.00167724 0.0279541 9.75452E-11
0.000285645 0.00476075 9.75619E-11
-0.00591064 0.0985108 9.7295E-11
0.00511963 0.0853273 9.67764E-11
0.0152124 0.25354 9.67988E-11
0.00258545 0.0430908 9.46903E-11
0.00599854 0.0999756 9.65407E-11
0.0117992 0.196654 9.65125E-11
-0.000402833 0.00671388 9.7391E-11
-0.00177978 0.0296631 9.50336E-11
0.00161865 0.0269775 9.65329E-11
0.00306886 0.0511476 9.50282E-11
0.0104808 0.174681 9.71097E-11
-0.00633546 0.105591 9.49817E-11
0.00513429 0.0855714 9.72384E-11
-0.00615967 0.102661 9.69274E-11
0.00645264 0.107544 9.72808E-11
-0.00835693 0.139282 9.49239E-11
-0.0141283 0.235472 9.4589E-11
0.010144 0.169067 9.70642E-11
0.0132933 0.221556 9.52329E-11
-0.00579347 0.0965578 9.49182E-11
0.00863525 0.143921 9.68424E-11
0.00550049 0.0916748 9.51953E-11
0.00320068 0.0533448 9.61602E-11
0.0131615 0.219358 9.51336E-11
-0.00191162 0.0318603 9.70177E-11
-0.0119604 0.19934 9.67148E-11
-0.00670165 0.111694 9.51008E-11
0.009646 0.160767 9.70992E-11
-0.00998289 0.166381 9.43964E-11
0.00979248 0.163208 9.71375E-11
-0.00226319 0.0377198 9.57319E-11
0.0101294 0.168823 9.54448E-11
0.0108764 0.181273 9.64114E-11
0.00542725 0.0904541 9.54124E-11
0.00509033 0.0848389 9.47903E-11
-0.00361086 0.0601809 9.49013E-11
-0.00400634 0.0667724 9.54038E-11
0.00418213 0.0697022 9.63786E-11
0.00879639 0.146606 9.51374E-11
0.00889893 0.148315 9.70425E-11
-0.00043213 0.00720217 9.66717E-11
-0.00416749 0.0694581 9.49338E-11
-0.0205883 0.343139 9.54174E-11
-0.00513429 0.0855714 9.715E-11
-0.00661377 0.110229 9.71868E-11
-0.00189697 0.0316162 9.67667E-11
-0.00342042 0.0570069 9.73859E-11
-0.0136449 0.227416 9.49937E-11
0.00999755 0.166626 9.63711E-11
-0.00614503 0.102417 9.71944E-11
-0.00324463 0.0540772 9.43652E-11
0.00495851 0.0826417 9.4424E-11
0.00828368 0.138061 9.7409E-11
0.000300294 0.00500489 9.73169E-11
0.000651857 0.0108643 9.47396E-11
-0.00385987 0.0643311 9.73851E-11
0.00620361 0.103394 9.65356E-11
0.0148901 0.248168 9.64704E-11
0.000988771 0.0164795 9.73066E-11
0.00484132 0.0806886 9.73141E-11
-0.000695801 0.0115967 9.51287E-11
0.00199952 0.0333253 9.7076E-11
-0.00917725 0.152954 9.5352E-11
-0.0201928 0.336547 9.7252E-11
-0.00432862 0.0721436 9.82496E-11
0.00498779 0.0831299 9.69763E-11
-0.00274659 0.0457764 9.67891E-11
0.0108471 0.180785 9.74457E-11
-0.00564698 0.0941163 9.61469E-11
0.00624756 0.104126 9.58445E-11
0.00908936 0.151489 9.66097E-11
0.000168458 0.00280763 9.48929E-11
0.0131469 0.219115 9.64334E-11
0.00280518 0.0467529 9.74106E-11
-0.0102905 0.171508 9.71804E-11
-0.00290771 0.0484619 9.67418E-11
0.00264405 0.0440674 9.72991E-11
0.0128393 0.213988 9.70273E-11
-0.0206616 0.34436 9.67105E-11
-0.00487061 0.0811768 9.42326E-11
0.00476807 0.0794678 9.71251E-11
-0.0108178 0.180297 9.71965E-11
-0.00147217 0.0245361 9.68138E-11
0.00491456 0.0819093 9.50834E-11
-0.0072583 0.120972 9.49477E-11
0.00591064 0.0985108 9.5946E-11
-0.000900879 0.0150147 9.68584E-11
0.00610108 0.101685 9.73152E-11
0.0076831 0.128052 9.7438E-11
-0.000227051 0.00378418 9.72029E-11
0.0125756 0.209593 9.46122E-11
-0.00920655 0.153442 9.70566E-11
0.00973389 0.162231 9.66639E-11
-0.00749268 0.124878 9.71702E-11
-0.00610108 0.101685 9.68146E-11
-0.0100561 0.167602 9.4972E-11
-0.012517 0.208617 9.77252E-11
0.00923584 0.153931 9.49777E-11
-0.00153076 0.0255128 9.56469E-11
-0.00387452 0.0645753 9.68769E-11
9.5215E-05 0.00158692 9.63336E-11
0.00879639 0.146606 9.70512E-11
0.0100122 0.16687 9.53524E-11
-0.00301026 0.0501711 9.46987E-11
-0.0182885 0.304808 9.49427E-11
0.00689209 0.114868 9.50089E-11
0.00623292 0.103882 9.78562E-11
-0.0166625 0.277709 9.70933E-11
-0.00197021 0.0328369 9.62516E-11
-0.00265869 0.0443115 9.46895E-11
-0.00261474 0.0435791 9.66456E-11
0.00564698 0.0941163 9.56777E-11
-0.00488525 0.0814209 9.54808E-11
0.00517822 0.0863037 9.55169E-11
0.00914795 0.152466 9.47884E-11
-0.00446046 0.0743409 9.71734E-11
-0.00132569 0.0220948 9.74844E-11
0.00743409 0.123901 9.6852E-11
-0.010891 0.181517 9.71313E-11
0.00226319 0.0377198 9.6806E-11
-0.0180102 0.30017 9.73727E-11
-0.00785888 0.130981 9.71416E-11
-3.66213E-05 0.000610354 9.70781E-11
0.0148901 0.248168 9.56562E-11
-0.00468018 0.078003 9.69239E-11
0.00511963 0.0853273 9.69113E-11
0.0072583 0.120972 9.73634E-11
-0.00749268 0.124878 9.7354E-11
0.0102612 0.17102 9.46591E-11
-0.00353761 0.0589601 9.75323E-11
0.00454836 0.0758059 9.5466E-11
0.0195044 0.325073 9.445E-11
-0.00396242 0.0660403 9.75234E-11
0.00204347 0.0340578 9.62237E-11
0.00179444 0.0299073 9.6002E-11
-5.12697E-05 0.000854496 9.74745E-11
-0.00487061 0.0811768 9.7495E-11
-0.00230713 0.0384522 9.65154E-11
-0.00062256 0.010376 9.69747E-11
-0.000842286 0.0140381 9.51148E-11
-0.00834228 0.139038 9.48255E-11
