0.0257812 0.429688 1.38518E-10
-0.00421875 0.0703125 1.40169E-10
-0.00796875 0.132812 1.39114E-10
-0.00796875 0.132812 1.40835E-10
-0.00890625 0.148438 1.44617E-10
-0.0210937 0.351562 1.40655E-10
-0.0126562 0.210938 1.43234E-10
0.0107812 0.179688 1.3817E-10
-0.0126562 0.210938 1.4368E-10
-0.0173437 0.289062 1.39938E-10
0.00140625 0.0234375 1.40893E-10
0.00421875 0.0703125 1.43263E-10
0.00328125 0.0546875 1.43394E-10
0.00609375 0.101563 1.39913E-10
0.00328125 0.0546875 1.45329E-10
0.00609375 0.101563 1.41743E-10
0.00890625 0.148438 1.38218E-10
0.0117188 0.195312 1.41791E-10
0.00140625 0.0234375 1.41651E-10
0.00421875 0.0703125 1.407E-10
-0.00703125 0.117188 1.43769E-10
-0.00140625 0.0234375 1.45353E-10
-0.0220313 0.367188 1.40037E-10
0.00421875 0.0703125 1.39559E-10
-0.0295312 0.492188 1.41101E-10
0.0126562 0.210938 1.40928E-10
-0.00328125 0.0546875 1.43314E-10
-0.0117188 0.195312 1.40604E-10
-0.0135937 0.226562 1.44945E-10
0.00609375 0.101563 1.39534E-10
0.00140625 0.0234375 1.41684E-10
-0.0107812 0.179688 1.43227E-10
0.00234375 0.0390625 1.43653E-10
-0.00609375 0.101563 1.39473E-10
-0.0173437 0.289062 1.399E-10
0.0154687 0.257812 1.40442E-10
-0.0201563 0.335938 1.45344E-10
0.00890625 0.148438 1.4079E-10
-0.0135937 0.226562 1.4526E-10
-0.0117188 0.195312 1.39115E-10
-0.00515625 0.0859375 1.4072E-10
0.00421875 0.0703125 1.39378E-10
0.00796875 0.132812 1.39716E-10
-0.00796875 0.132812 1.45435E-10
0.00140625 0.0234375 1.39229E-10
-0.0210937 0.351562 1.44061E-10
-0.00421875 0.0703125 1.45193E-10
0.0145312 0.242188 1.40168E-10
0.00609375 0.101563 1.40534E-10
0.00984375 0.164062 1.4067E-10
0.00046875 0.0078125 1.44957E-10
0.00046875 0.0078125 1.40741E-10
-0.00140625 0.0234375 1.40105E-10
-0.00421875 0.0703125 1.45366E-10
-0.00234375 0.0390625 1.43502E-10
-0.00890625 0.148438 1.40808E-10
-0.0229688 0.382813 1.44359E-10
0.0126562 0.210938 1.44729E-10
-0.0182812 0.304688 1.39073E-10
-0.00234375 0.0390625 1.44494E-10
0.0257812 0.429688 1.42468E-10
0.00703125 0.117188 1.42874E-10
-0.0220313 0.367188 1.39504E-10
0.0164062 0.273437 1.38755E-10
0.00140625 0.0234375 1.38793E-10
-0.00046875 0.0078125 1.42145E-10
-0.00890625 0.148438 1.40275E-10
0.00515625 0.0859375 1.39658E-10
-0.0135937 0.226562 1.4163E-10
-0.00515625 0.0859375 1.38797E-10
0.00140625 0.0234375 1.38236E-10
-0.00046875 0.0078125 1.40735E-10
-0.0117188 0.195312 1.43281E-10
-0.00703125 0.117188 1.42706E-10
-0.00703125 0.117188 1.44162E-10
-0.00703125 0.117188 1.40137E-10
0.00328125 0.0546875 1.41408E-10
-0.00421875 0.0703125 1.46283E-10
-0.0154687 0.257812 1.43251E-10
0.00796875 0.132812 1.45316E-10
-0.00703125 0.117188 1.40591E-10
-0.00234375 0.0390625 1.42135E-10
-0.0107812 0.179688 1.40208E-10
-0.00046875 0.0078125 1.39519E-10
0.0192187 0.320312 1.44342E-10
-0.0117188 0.195312 1.39319E-10
-0.00609375 0.101563 1.409E-10
-0.00140625 0.0234375 1.39047E-10
0.0117188 0.195312 1.40224E-10
-0.00703125 0.117188 1.41785E-10
-0.00421875 0.0703125 1.40126E-10
0.0117188 0.195312 1.4478E-10
0.00703125 0.117188 1.41345E-10
-0.00046875 0.0078125 1.4317E-10
-0.00796875 0.132812 1.42809E-10
-0.00046875 0.0078125 1.45657E-10
0.0210937 0.351562 1.38829E-10
-0.00515625 0.0859375 1.43916E-10
-0.00515625 0.0859375 1.42378E-10
0.00046875 0.0078125 1.44056E-10
0.00328125 0.0546875 1.41086E-10
-0.0154687 0.257812 1.43758E-10
0.0135937 0.226562 1.4119E-10
-0.00984375 0.164062 1.42792E-10
-0.00328125 0.0546875 1.41789E-10
-0.0117188 0.195312 1.443E-10
0.00796875 0.132812 1.39105E-10
-0.0145312 0.242188 1.4141E-10
0.00515625 0.0859375 1.38541E-10
-0.0173437 0.289062 1.43415E-10
-0.00140625 0.0234375 1.44471E-10
0.0135937 0.226562 1.43362E-10
-0.00421875 0.0703125 1.38735E-10
0.00328125 0.0546875 1.40239E-10
0.0164062 0.273437 1.38393E-10
0.00515625 0.0859375 1.38366E-10
0.00046875 0.0078125 1.39791E-10
0.00140625 0.0234375 1.40722E-10
-0.0117188 0.195312 1.38193E-10
0.00515625 0.0859375 1.44509E-10
-0.0145312 0.242188 1.42676E-10
0.00796875 0.132812 1.45521E-10
-0.00328125 0.0546875 1.41652E-10
-0.00515625 0.0859375 1.40929E-10
0.0182812 0.304688 1.38717E-10
-0.00046875 0.0078125 1.44182E-10
0.00421875 0.0703125 1.45585E-10
-0.00140625 0.0234375 1.40579E-10
-0.00421875 0.0703125 1.41178E-10
0.0201563 0.335938 1.43488E-10
0.0145312 0.242188 1.42375E-10
0.00984375 0.164062 1.43074E-10
-0.00515625 0.0859375 1.42394E-10
-0.00046875 0.0078125 1.40648E-10
0.0107812 0.179688 1.4173E-10
0.00046875 0.0078125 1.40864E-10
0.00890625 0.148438 1.38995E-10
-0.00984375 0.164062 1.40786E-10
0.00234375 0.0390625 1.44777E-10
0.00328125 0.0546875 1.40741E-10
-0.00046875 0.0078125 1.41646E-10
-0.00234375 0.0390625 1.41754E-10
-0.0164062 0.273437 1.43843E-10
-0.00421875 0.0703125 1.40343E-10
0.00796875 0.132812 1.44722E-10
0.00703125 0.117188 1.41419E-10
-0.00140625 0.0234375 1.41961E-10
0.00234375 0.0390625 1.4309E-10
0.00515625 0.0859375 1.38626E-10
0.00234375 0.0390625 1.41373E-10
0.00328125 0.0546875 1.39391E-10
0.00890625 0.148438 1.40933E-10
-0.00515625 0.0859375 1.45822E-10
-0.00328125 0.0546875 1.40347E-10
0.0117188 0.195312 1.40404E-10
-0.00890625 0.148438 1.4388E-10
0.0126562 0.210938 1.4075E-10
-0.00234375 0.0390625 1.4153E-10
-0.00984375 0.164062 1.38568E-10
-0.00515625 0.0859375 1.40031E-10
0.0117188 0.195312 1.4282E-10
-0.00609375 0.101563 1.40745E-10
-0.00421875 0.0703125 1.44096E-10
-0.0164062 0.273437 1.41163E-10
-0.00234375 0.0390625 1.38211E-10
-0.0135937 0.226562 1.45919E-10
-0.00796875 0.132812 1.39954E-10
0.00609375 0.101563 1.39279E-10
0.00140625 0.0234375 1.43689E-10
-0.00796875 0.132812 1.40557E-10
0.00515625 0.0859375 1.46148E-10
-0.00515625 0.0859375 1.40934E-10
-0.0192187 0.320312 1.40797E-10
0.00140625 0.0234375 1.43534E-10
0.00515625 0.0859375 1.40024E-10
-0.00328125 0.0546875 1.41022E-10
-0.0145312 0.242188 1.42476E-10
0.00140625 0.0234375 1.38821E-10
0.00515625 0.0859375 1.39417E-10
-0.0145312 0.242188 1.43305E-10
-0.00421875 0.0703125 1.40815E-10
-0.00234375 0.0390625 1.4412E-10
0.00703125 0.117188 1.42163E-10
-0.0117188 0.195312 1.4027E-10
-0.00328125 0.0546875 1.44056E-10
-0.00515625 0.0859375 1.40509E-10
-0.00140625 0.0234375 1.40157E-10
0.0173437 0.289062 1.4288E-10
0.00515625 0.0859375 1.45641E-10
-0.00140625 0.0234375 1.44289E-10
-0.00421875 0.0703125 1.41141E-10
-0.00515625 0.0859375 1.46355E-10
0.00328125 0.0546875 1.40846E-10
-0.0145312 0.242188 1.44535E-10
0.00234375 0.0390625 1.44076E-10
0.00890625 0.148438 1.4046E-10
0.00328125 0.0546875 1.39774E-10
-0.0201563 0.335938 1.44347E-10
-0.00140625 0.0234375 1.38925E-10
0.00515625 0.0859375 1.43557E-10
