0.0182812 0.304688 1.24927E-10
-0.0173437 0.289062 1.27336E-10
0.00796875 0.132812 1.25092E-10
-0.0201563 0.335938 1.32167E-10
0.00515625 0.0859375 1.2949E-10
-0.00328125 0.0546875 1.28589E-10
0.0107812 0.179688 1.28136E-10
0.00703125 0.117188 1.29094E-10
0.0182812 0.304688 1.28456E-10
-0.00609375 0.101563 1.27832E-10
-0.00046875 0.0078125 1.26816E-10
-0.00609375 0.101563 1.2895E-10
-0.00421875 0.0703125 1.31782E-10
-0.0182812 0.304688 1.3061E-10
-0.00328125 0.0546875 1.31333E-10
0.00703125 0.117188 1.27225E-10
0.00984375 0.164062 1.29503E-10
-0.0220313 0.367188 1.32687E-10
-0.0173437 0.289062 1.26972E-10
-0.00609375 0.101563 1.30104E-10
0.0117188 0.195312 1.2627E-10
0.0117188 0.195312 1.27621E-10
0.00703125 0.117188 1.32001E-10
0.00140625 0.0234375 1.27614E-10
-0.0117188 0.195312 1.30939E-10
0.0323438 0.539063 1.27433E-10
-0.00703125 0.117188 1.29125E-10
0.00046875 0.0078125 1.24182E-10
-0.00140625 0.0234375 1.31612E-10
0.00703125 0.117188 1.3083E-10
-0.0210937 0.351562 1.30601E-10
-0.0276563 0.460938 1.29469E-10
-0.0182812 0.304688 1.29378E-10
-0.0182812 0.304688 1.29094E-10
-0.00703125 0.117188 1.32002E-10
0.00796875 0.132812 1.31195E-10
-0.00515625 0.0859375 1.27764E-10
-0.00609375 0.101563 1.3003E-10
-0.0332812 0.554688 1.30742E-10
0.00796875 0.132812 1.31837E-10
-0.00515625 0.0859375 1.29532E-10
-0.0182812 0.304688 1.28086E-10
0.00421875 0.0703125 1.29991E-10
-0.0192187 0.320312 1.34055E-10
0.00984375 0.164062 1.30611E-10
-0.00515625 0.0859375 1.29849E-10
0.0248437 0.414062 1.26185E-10
0.00515625 0.0859375 1.28284E-10
-0.00046875 0.0078125 1.31285E-10
0.00328125 0.0546875 1.28479E-10
0.0173437 0.289062 1.27858E-10
-0.00515625 0.0859375 1.29005E-10
-0.0173437 0.289062 1.31836E-10
0.0126562 0.210938 1.26352E-10
0.00703125 0.117188 1.26622E-10
0.00796875 0.132812 1.28654E-10
0.00046875 0.0078125 1.30588E-10
-0.00984375 0.164062 1.29673E-10
-0.0117188 0.195312 1.31637E-10
-0.00703125 0.117188 1.32226E-10
-0.00984375 0.164062 1.32716E-10
0.0192187 0.320312 1.28914E-10
-0.0210937 0.351562 1.31897E-10
0.00234375 0.0390625 1.26515E-10
0.0117188 0.195312 1.29023E-10
-0.00421875 0.0703125 1.29236E-10
0.0276563 0.460938 1.27202E-10
-0.0210937 0.351562 1.3249E-10
-0.0117188 0.195312 1.31522E-10
-0.0210937 0.351562 1.28976E-10
-0.0220313 0.367188 1.31846E-10
0.0154687 0.257812 1.26928E-10
0.00796875 0.132812 1.27851E-10
-0.00609375 0.101563 1.29208E-10
0.0154687 0.257812 1.26752E-10
-0.00328125 0.0546875 1.33227E-10
-0.00796875 0.132812 1.31491E-10
-0.00234375 0.0390625 1.32194E-10
-0.00140625 0.0234375 1.32333E-10
0.00609375 0.101563 1.23864E-10
-0.0201563 0.335938 1.3031E-10
-0.0117188 0.195312 1.29177E-10
-0.0145312 0.242188 1.29243E-10
-0.0117188 0.195312 1.33809E-10
-0.0107812 0.179688 1.30843E-10
-0.00796875 0.132812 1.3146E-10
-0.0164062 0.273437 1.28892E-10
0.0135937 0.226562 1.26763E-10
0.0192187 0.320312 1.31112E-10
0.00890625 0.148438 1.25215E-10
0.0126562 0.210938 1.28502E-10
-0.0164062 0.273437 1.29804E-10
-0.00890625 0.148438 1.29589E-10
-0.00796875 0.132812 1.29707E-10
0.0126562 0.210938 1.26654E-10
0.00515625 0.0859375 1.30986E-10
-0.00046875 0.0078125 1.30304E-10
-0.00703125 0.117188 1.31664E-10
0.00234375 0.0390625 1.30471E-10
0.00421875 0.0703125 1.27771E-10
-0.00609375 0.101563 1.26847E-10
0.00515625 0.0859375 1.31541E-10
0.0154687 0.257812 1.26094E-10
0.0182812 0.304688 1.27592E-10
0.0135937 0.226562 1.27686E-10
0.00515625 0.0859375 1.28718E-10
0.00796875 0.132812 1.25999E-10
0.00515625 0.0859375 1.27646E-10
-0.00515625 0.0859375 1.29261E-10
-0.0117188 0.195312 1.31885E-10
-0.0107812 0.179688 1.27427E-10
-0.0145312 0.242188 1.28391E-10
0.0248437 0.414062 1.28335E-10
0.0164062 0.273437 1.28385E-10
0.00234375 0.0390625 1.27209E-10
0.00140625 0.0234375 1.29376E-10
0.00703125 0.117188 1.26017E-10
-0.00328125 0.0546875 1.29863E-10
-0.0210937 0.351562 1.30659E-10
-0.0126562 0.210938 1.32654E-10
-0.0107812 0.179688 1.30745E-10
-0.00140625 0.0234375 1.30284E-10
-0.00703125 0.117188 1.27179E-10
0.00796875 0.132812 1.31422E-10
-0.00140625 0.0234375 1.31241E-10
0.00984375 0.164062 1.2643E-10
-0.0126562 0.210938 1.30669E-10
0.0117188 0.195312 1.26738E-10
-0.00984375 0.164062 1.29507E-10
0.0117188 0.195312 1.30491E-10
0.00046875 0.0078125 1.31032E-10
0.00421875 0.0703125 1.30368E-10
-0.00515625 0.0859375 1.33752E-10
0.0182812 0.304688 1.27311E-10
0.00421875 0.0703125 1.27113E-10
-0.0154687 0.257812 1.27233E-10
0.0126562 0.210938 1.28812E-10
0.00984375 0.164062 1.26955E-10
0.00796875 0.132812 1.31389E-10
-0.00609375 0.101563 1.30884E-10
0.0126562 0.210938 1.29321E-10
0.0220313 0.367188 1.25666E-10
-0.00984375 0.164062 1.30601E-10
0.00984375 0.164062 1.28961E-10
-0.0239062 0.398437 1.32437E-10
0.0117188 0.195312 1.27245E-10
-0.0107812 0.179688 1.32891E-10
0.00609375 0.101563 1.26629E-10
-0.0192187 0.320312 1.28801E-10
-0.00515625 0.0859375 1.29076E-10
-0.0173437 0.289062 1.32617E-10
0.0164062 0.273437 1.29796E-10
-0.00328125 0.0546875 1.28649E-10
-0.0173437 0.289062 1.32635E-10
-0.00796875 0.132812 1.32748E-10
0.00140625 0.0234375 1.29819E-10
-0.00328125 0.0546875 1.29255E-10
0.00796875 0.132812 1.28973E-10
0.00515625 0.0859375 1.26356E-10
0.00796875 0.132812 1.2981E-10
-0.00609375 0.101563 1.26922E-10
0.00046875 0.0078125 1.28455E-10
0.0164062 0.273437 1.265E-10
-0.00140625 0.0234375 1.31662E-10
-0.00046875 0.0078125 1.28343E-10
0.00890625 0.148438 1.31455E-10
-0.00234375 0.0390625 1.27867E-10
0.0107812 0.179688 1.30155E-10
0.00328125 0.0546875 1.32913E-10
0.00046875 0.0078125 1.30464E-10
-0.00140625 0.0234375 1.26421E-10
0.0239062 0.398437 1.31846E-10
-0.0107812 0.179688 1.26791E-10
0.0126562 0.210938 1.29096E-10
0.0107812 0.179688 1.26282E-10
-0.0295312 0.492188 1.32213E-10
-0.00421875 0.0703125 1.29187E-10
0.0182812 0.304688 1.24641E-10
0.00234375 0.0390625 1.28434E-10
-0.0164062 0.273437 1.29577E-10
-0.0173437 0.289062 1.26937E-10
-0.00234375 0.0390625 1.33478E-10
-0.00609375 0.101563 1.27718E-10
0.0135937 0.226562 1.28549E-10
0.0126562 0.210938 1.25948E-10
-0.00328125 0.0546875 1.2934E-10
-0.00046875 0.0078125 1.27132E-10
-0.0126562 0.210938 1.31728E-10
0.00703125 0.117188 1.26903E-10
-0.0135937 0.226562 1.30372E-10
0.00140625 0.0234375 1.33951E-10
0.0154687 0.257812 1.27446E-10
-0.00515625 0.0859375 1.30978E-10
-0.0239062 0.398437 1.31915E-10
0.00140625 0.0234375 1.30064E-10
-0.00515625 0.0859375 1.28335E-10
-0.00046875 0.0078125 1.26435E-10
-0.00328125 0.0546875 1.31658E-10
-0.00703125 0.117188 1.30501E-10
-0.0182812 0.304688 1.33037E-10
