-0.0111987 0.186645 8.49115E-11
0.00525147 0.0875244 8.50907E-11
-0.00686278 0.11438 8.56748E-11
-0.00112061 0.0186768 8.53876E-11
-0.00343507 0.0572511 8.57974E-11
-0.0150805 0.251343 8.57843E-11
0.00894287 0.149048 8.66486E-11
0.00226319 0.0377198 8.57867E-11
0.0124145 0.206908 8.62497E-11
-0.00472413 0.0787354 8.68492E-11
0.0161207 0.268678 8.67514E-11
-0.00963134 0.160522 8.74294E-11
0.00944092 0.157349 8.63555E-11
-0.001604 0.0267334 8.5493E-11
0.00766846 0.127808 8.42268E-11
6.59183E-05 0.00109864 8.41869E-11
-0.0164574 0.274291 8.53752E-11
0.00585206 0.0975343 8.5897E-11
0.0174976 0.291626 8.53196E-11
-0.016355 0.272583 8.64356E-11
-0.00507569 0.0845948 8.54237E-11
-0.0129272 0.215453 8.61909E-11
-0.0126781 0.211303 8.5834E-11
-0.00610108 0.101685 8.40706E-11
0.0100854 0.16809 8.73035E-11
0.0059253 0.0987549 8.65411E-11
-0.00766846 0.127808 8.5695E-11
-0.00554444 0.0924073 8.63002E-11
0.00668701 0.11145 8.56545E-11
0.00396242 0.0660403 8.39765E-11
-0.00352296 0.0587159 8.47412E-11
-0.00567626 0.0946044 8.4689E-11
-0.0072583 0.120972 8.5525E-11
0.0163696 0.272827 8.51488E-11
0.0103198 0.171997 8.56345E-11
0.00888428 0.148071 8.5606E-11
0.00409423 0.0682372 8.48699E-11
-0.0080786 0.134643 8.74476E-11
-0.00649659 0.108276 8.67976E-11
-0.0256859 0.428099 8.56877E-11
0.0212768 0.354614 8.6364E-11
0.0123412 0.205687 8.45618E-11
0.0110668 0.184447 8.70817E-11
0.0074048 0.123413 8.72284E-11
-0.0124584 0.20764 8.4279E-11
-0.0110815 0.184692 8.58109E-11
-0.0123851 0.206419 8.71319E-11
-0.00510499 0.0850831 8.63977E-11
-0.00463623 0.0772706 8.57357E-11
0.0181567 0.302612 8.67762E-11
0.0157397 0.262328 8.70833E-11
-0.00280518 0.0467529 8.58431E-11
0.00224854 0.0374756 8.43925E-11
0.0206763 0.344604 8.43653E-11
0.000153809 0.00256348 8.64064E-11
-0.0104369 0.173948 8.58491E-11
-0.00936767 0.156128 8.57932E-11
-0.00700929 0.116821 8.56948E-11
-0.0117699 0.196166 8.6811E-11
0.00321533 0.0535889 8.62246E-11
0.00916259 0.15271 8.52983E-11
0.000827638 0.013794 8.57496E-11
-0.00158936 0.0264893 8.56958E-11
-0.0129858 0.21643 8.73047E-11
0.0050171 0.0836183 8.44231E-11
0.00614503 0.102417 8.56418E-11
-0.0153295 0.255492 8.53444E-11
-0.00473877 0.0789796 8.74773E-11
0.00661377 0.110229 8.59055E-11
-0.00355225 0.0592042 8.56345E-11
-0.0213647 0.356078 8.59977E-11
6.59183E-05 0.00109864 8.56937E-11
-0.00627685 0.104614 8.48212E-11
0.00497315 0.0828858 8.66936E-11
-0.00736085 0.122681 8.73666E-11
0.000974122 0.0162354 8.55996E-11
-0.00766846 0.127808 8.5586E-11
0.0232104 0.38684 8.56158E-11
0.00131103 0.0218506 8.5266E-11
-0.0125902 0.209837 8.56032E-11
-0.00573487 0.0955811 8.63701E-11
0.00705322 0.117554 8.56408E-11
-0.010642 0.177367 8.64102E-11
-0.00664306 0.110718 8.62854E-11
0.017146 0.285766 8.65462E-11
0.00132569 0.0220948 8.63586E-11
0.00583742 0.0972903 8.46476E-11
0.00270264 0.0450439 8.66255E-11
-0.0307543 0.512572 8.52531E-11
0.0128979 0.214966 8.5644E-11
0.00179444 0.0299073 8.46362E-11
-0.014392 0.239867 8.73214E-11
-0.00079834 0.0133057 8.59732E-11
0.00741945 0.123657 8.54232E-11
-0.00623292 0.103882 8.71302E-11
0.0073755 0.122925 8.71832E-11
0.0186988 0.311646 8.53643E-11
-0.00648194 0.108032 8.60411E-11
-0.00561767 0.0936279 8.44071E-11
-0.0160766 0.267944 8.68981E-11
0.00328858 0.0548096 8.51084E-11
0.0130151 0.216918 8.65312E-11
-0.00318604 0.0531006 8.45291E-11
-0.0211596 0.35266 8.57674E-11
0.00195557 0.0325928 8.64827E-11
0.0266381 0.443969 8.6618E-11
-0.00179444 0.0299073 8.51091E-11
-0.0106713 0.177855 8.73726E-11
-0.000417481 0.00695803 8.59805E-11
-0.00281982 0.0469971 8.47552E-11
-0.0202808 0.338012 8.52799E-11
0.00980712 0.163452 8.5893E-11
-0.00869384 0.144897 8.82966E-11
0.0142895 0.238158 8.67874E-11
0.0134985 0.224975 8.52046E-11
0.0101879 0.169799 8.43944E-11
0.00448975 0.0748292 8.63517E-11
-0.0108325 0.180541 8.59513E-11
-0.00951416 0.158569 8.59194E-11
0.0167944 0.279907 8.57788E-11
0.0193579 0.322632 8.54145E-11
-0.0154027 0.256713 8.38996E-11
-0.0125023 0.208372 8.66054E-11
-0.0189038 0.315064 8.65624E-11
0.000974122 0.0162354 8.51763E-11
-0.0110229 0.183715 8.57916E-11
0.00561767 0.0936279 8.58507E-11
0.018391 0.306517 8.65273E-11
-0.00834228 0.139038 8.52101E-11
0.0159302 0.265503 8.64913E-11
0.0127514 0.212523 8.56637E-11
-0.00145751 0.0242919 8.46132E-11
-0.00678955 0.113159 8.72128E-11
-0.0222437 0.370729 8.52833E-11
0.00340576 0.0567628 8.66436E-11
0.000651857 0.0108643 8.63355E-11
-0.00655517 0.109253 8.48042E-11
0.00232177 0.0386963 8.63194E-11
-0.0178929 0.298216 8.66134E-11
0.00176514 0.0294189 8.63697E-11
0.00120849 0.0201416 8.6622E-11
0.000490723 0.00817872 8.56182E-11
0.00687744 0.114624 8.46867E-11
-0.00290771 0.0484619 8.51611E-11
-0.0191967 0.319946 8.60328E-11
-0.018142 0.302368 8.44093E-11
0.00427003 0.0711671 8.65079E-11
0.000358888 0.00598146 8.6065E-11
0.000915527 0.0152588 8.58293E-11
-0.00898681 0.14978 8.5871E-11
-0.00793213 0.132202 8.53929E-11
-0.00393312 0.0655519 8.61902E-11
0.00774169 0.129028 8.70188E-11
0.0121655 0.202758 8.66272E-11
0.00448975 0.0748292 8.69536E-11
-0.00945556 0.157593 8.55755E-11
0.0119018 0.198364 8.42592E-11
0.0127954 0.213256 8.59647E-11
0.0147436 0.245727 8.71434E-11
0.0186108 0.31018 8.69097E-11
-0.0115356 0.192261 8.62388E-11
0.0134838 0.224731 8.67592E-11
0.00424072 0.0706787 8.64915E-11
0.0108325 0.180541 8.49211E-11
0.00287842 0.0479736 8.65012E-11
-0.028264 0.471067 8.55989E-11
0.0050171 0.0836183 8.68939E-11
-0.0145825 0.243041 8.57327E-11
0.0045337 0.0755617 8.72806E-11
0.0180248 0.300413 8.54883E-11
-0.00232177 0.0386963 8.49981E-11
-0.00440185 0.0733642 8.55872E-11
-0.0168823 0.281372 8.62694E-11
0.00692139 0.115356 8.49875E-11
-0.0100854 0.16809 8.70531E-11
0.00183839 0.0306398 8.56535E-11
-0.00289307 0.0482178 8.7964E-11
0.00172119 0.0286864 8.67783E-11
0.0161353 0.268922 8.60929E-11
-0.0136742 0.227904 8.74256E-11
-0.00572021 0.0953369 8.40177E-11
0.0049292 0.0821534 8.43486E-11
0.00353761 0.0589601 8.46552E-11
-0.0169115 0.281858 8.50083E-11
-0.00941162 0.15686 8.63457E-11
-0.0158423 0.264038 8.48082E-11
0.0197973 0.329956 8.66233E-11
-0.00443115 0.0738526 8.51753E-11
-0.00463623 0.0772706 8.53489E-11
0.00980712 0.163452 8.57862E-11
0.00198486 0.0330811 8.49254E-11
0.00856201 0.1427 8.64589E-11
-0.00873779 0.14563 8.44609E-11
-0.00558837 0.0931396 8.53812E-11
-2.19728E-05 0.000366213 8.58293E-11
-0.00079834 0.0133057 8.66583E-11
-0.00963134 0.160522 8.56922E-11
0.00917725 0.152954 8.53402E-11
0.00886962 0.147827 8.40558E-11
-0.00624756 0.104126 8.55591E-11
