-0.0132933 0.221556 1.03912E-10
0.0113305 0.188842 1.02686E-10
-0.000651857 0.0108643 1.03043E-10
0.00400634 0.0667724 1.03698E-10
0.00182373 0.0303956 1.03279E-10
-0.0174535 0.290892 1.03852E-10
-0.00517822 0.0863037 1.03446E-10
0.016018 0.266967 1.0327E-10
0.00132569 0.0220948 1.02204E-10
0.00213135 0.0355226 1.00126E-10
-0.00334717 0.0557863 1.04026E-10
0.00604249 0.100708 1.05356E-10
-0.024353 0.405883 1.03993E-10
0.0107446 0.179077 1.04555E-10
-0.011477 0.191284 1.02959E-10
0.00249756 0.0416259 1.04484E-10
0.00813719 0.13562 1.04024E-10
-0.0126488 0.210814 1.0231E-10
-0.00344971 0.0574952 1.03005E-10
0.0127807 0.213012 1.03711E-10
0.00809326 0.134888 1.01024E-10
-0.0116675 0.194459 1.02838E-10
0.00120849 0.0201416 1.04228E-10
-0.000344239 0.00573732 1.04097E-10
-0.00286376 0.0477294 1.02219E-10
-0.0145531 0.242553 1.00915E-10
0.00268799 0.0447998 1.02101E-10
-0.00292237 0.0487061 1.04698E-10
-0.00303956 0.0506593 1.04017E-10
-0.0128393 0.213988 1.0247E-10
-0.0120483 0.200805 1.04361E-10
0.00614503 0.102417 1.00946E-10
0.0138647 0.231079 1.01643E-10
-0.00429931 0.0716553 1.02151E-10
0.00658448 0.109741 1.0216E-10
-0.0114624 0.19104 1.03784E-10
-0.00280518 0.0467529 1.02136E-10
0.0101879 0.169799 1.02273E-10
0.00507569 0.0845948 1.01195E-10
0.000754395 0.0125733 1.02749E-10
-0.0214086 0.356811 1.04402E-10
-0.0287035 0.478392 1.0285E-10
-0.0090454 0.150757 1.01164E-10
-0.0087085 0.145142 1.0133E-10
-0.0158276 0.263794 1.02263E-10
0.00976319 0.16272 1.03845E-10
0.0110961 0.184936 1.00916E-10
-0.00113525 0.0189209 1.0337E-10
0.0126635 0.211058 1.02204E-10
-0.00286376 0.0477294 1.02742E-10
0.0185229 0.308715 1.02682E-10
0.00642336 0.107056 1.01396E-10
0.00860596 0.143433 1.02517E-10
0.00995359 0.165893 1.02424E-10
0.00434326 0.0723878 1.02242E-10
-0.0173803 0.289672 1.03692E-10
-0.00608642 0.10144 1.02041E-10
0.00955811 0.159302 1.03781E-10
0.0229907 0.383178 1.02106E-10
-0.0111255 0.185425 1.02597E-10
-0.024309 0.405151 1.02488E-10
-0.0031421 0.0523683 1.03825E-10
0.00686278 0.11438 1.04601E-10
-0.0016626 0.0277099 1.03954E-10
0.00258545 0.0430908 1.04549E-10
0.0136303 0.227172 1.01113E-10
-0.00901611 0.150269 1.05708E-10
0.00993895 0.165649 1.03143E-10
0.0022046 0.0367433 1.03208E-10
0.0103637 0.172728 1.0145E-10
-0.00240968 0.0401613 1.02411E-10
-0.0214086 0.356811 1.04141E-10
0.0149926 0.249878 1.01665E-10
-0.00823974 0.137329 1.03717E-10
-0.00052002 0.008667 1.02712E-10
-0.00416749 0.0694581 1.01063E-10
0.00270264 0.0450439 1.01566E-10
0.00661377 0.110229 1.01924E-10
-0.00998289 0.166381 1.01892E-10
0.0101294 0.168823 1.03016E-10
0.00878173 0.146362 1.00952E-10
-0.00387452 0.0645753 1.03543E-10
0.00249756 0.0416259 1.03268E-10
0.0114624 0.19104 1.03954E-10
0.0100415 0.167358 1.02648E-10
0.0109204 0.182007 1.02729E-10
-0.00822509 0.137085 1.03975E-10
-0.0186108 0.31018 1.04089E-10
0.0120923 0.201538 1.03316E-10
0.00947022 0.157837 1.0311E-10
-0.00873779 0.14563 1.02351E-10
0.00976319 0.16272 1.03655E-10
-0.010144 0.169067 1.03637E-10
0.00173584 0.0289306 1.03775E-10
0.00580811 0.0968019 1.01501E-10
0.0134252 0.223753 1.02706E-10
-0.00346436 0.0577393 1.03567E-10
0.00985107 0.164185 1.03943E-10
-0.00929443 0.154907 1.01475E-10
-0.00614503 0.102417 1.01242E-10
0.00695068 0.115845 1.02267E-10
0.00183839 0.0306398 1.03469E-10
0.018391 0.306517 1.00763E-10
0.0114624 0.19104 1.03757E-10
0.00548583 0.0914306 1.02924E-10
-0.0104369 0.173948 1.02945E-10
0.00403565 0.0672608 1.03871E-10
-0.00175048 0.0291747 1.02713E-10
0.00043213 0.00720217 1.0377E-10
0.00709717 0.118286 1.0403E-10
0.0117992 0.196654 1.03358E-10
0.00406495 0.0677491 1.03567E-10
0.00210206 0.0350343 1.02409E-10
0.0204712 0.341186 1.03454E-10
-0.00104737 0.0174561 1.02309E-10
0.00892822 0.148804 1.035E-10
0.00551514 0.0919189 1.02645E-10
0.00201417 0.0335694 1.01527E-10
0.000769043 0.0128174 1.03551E-10
0.0184643 0.307738 1.0139E-10
0.0103783 0.172972 1.03322E-10
0.00579347 0.0965578 1.03867E-10
-0.00150147 0.0250244 1.03037E-10
-0.0292309 0.487182 1.02055E-10
-0.00327392 0.0545654 1.01717E-10
-0.00670165 0.111694 1.01604E-10
-0.00835693 0.139282 1.02745E-10
-0.00819579 0.136597 1.03764E-10
0.0132787 0.221312 1.02203E-10
0.00876709 0.146118 1.04364E-10
0.00393312 0.0655519 1.0422E-10
0.00343507 0.0572511 1.00724E-10
-0.00170654 0.0284423 1.04091E-10
0.00246826 0.0411377 1.01958E-10
-0.0067749 0.112915 1.01408E-10
-0.0148755 0.247925 1.03736E-10
0.011184 0.186401 1.01835E-10
-0.000842286 0.0140381 1.03758E-10
-0.00365479 0.0609132 1.0413E-10
0.00163329 0.0272216 1.02707E-10
0.00328858 0.0548096 1.05198E-10
-0.0054419 0.0906983 1.02242E-10
-0.0166479 0.277465 1.04638E-10
-0.00371339 0.0618898 1.02085E-10
-0.00463623 0.0772706 1.02708E-10
0.00320068 0.0533448 1.0295E-10
-0.00126709 0.0211181 1.01131E-10
0.00277588 0.0462646 1.03543E-10
-0.0113891 0.189819 1.0316E-10
0.00349366 0.0582276 1.0174E-10
-0.00437257 0.0728761 1.02982E-10
-0.0103637 0.172728 1.03682E-10
-0.016018 0.266967 1.01184E-10
0.00960205 0.160034 1.04357E-10
0.0189477 0.315796 1.0358E-10
-0.0066577 0.110962 1.02848E-10
0.00925048 0.154175 1.03557E-10
0.000124513 0.00207521 1.04203E-10
0.00955811 0.159302 1.04012E-10
-0.000666505 0.0111084 1.03394E-10
0.0269751 0.449584 1.02883E-10
0.0164721 0.274535 1.04119E-10
0.00771241 0.12854 1.02498E-10
-0.00613038 0.102173 1.02232E-10
0.00506105 0.0843508 1.02429E-10
0.0103051 0.171753 1.03938E-10
-0.00642336 0.107056 1.01779E-10
-0.0160327 0.267212 1.03776E-10
-0.000402833 0.00671388 1.03631E-10
-0.00204347 0.0340578 1.02757E-10
-0.00629151 0.104858 1.04053E-10
-0.0146117 0.243529 1.03699E-10
0.00818115 0.136352 1.03167E-10
-0.0126635 0.211058 1.03285E-10
-0.0260229 0.433715 1.04031E-10
-0.00989501 0.164917 1.043E-10
-0.00598389 0.0997314 1.03565E-10
0.0109497 0.182494 1.04282E-10
0.001604 0.0267334 1.01118E-10
-0.0107006 0.178343 1.03472E-10
-0.00929443 0.154907 1.02036E-10
-0.00888428 0.148071 1.02616E-10
0.0113598 0.189331 1.04176E-10
0.00104737 0.0174561 1.02225E-10
-0.00276123 0.0460205 1.03358E-10
-0.00132569 0.0220948 1.03857E-10
-0.00459228 0.0765381 1.02526E-10
-0.0165307 0.275512 1.04144E-10
0.00485597 0.0809328 1.04666E-10
0.0189917 0.316528 1.04462E-10
-0.00700929 0.116821 1.01156E-10
-0.00825438 0.137573 1.03766E-10
-0.00134034 0.0223389 1.02277E-10
-0.0106859 0.178099 1.0274E-10
0.00602784 0.100464 1.02205E-10
-0.00843017 0.140503 1.03191E-10
-0.00134034 0.0223389 1.03517E-10
-0.00491456 0.0819093 1.03419E-10
0.00582277 0.0970461 1.03926E-10
-0.00813719 0.13562 1.03107E-10
