0.00985107 0.164185 1.84656E-10
0.0150659 0.251098 1.80735E-10
0.0125756 0.209593 1.83002E-10
0.0260375 0.433959 1.84074E-10
-0.000651857 0.0108643 1.84554E-10
-0.0184057 0.306762 1.85158E-10
-0.00989501 0.164917 1.80438E-10
0.0116528 0.194214 1.77326E-10
-0.0122387 0.203979 1.8189E-10
0.00232177 0.0386963 1.76883E-10
-0.0288207 0.480346 1.75423E-10
0.00873779 0.14563 1.76138E-10
0.00328858 0.0548096 1.82898E-10
0.00985107 0.164185 1.76256E-10
0.00649659 0.108276 1.77058E-10
0.0143334 0.23889 1.76834E-10
0.000900879 0.0150147 1.825E-10
0.017307 0.288451 1.88297E-10
-0.0142455 0.237425 1.82803E-10
-0.0081079 0.135132 1.75518E-10
0.00448975 0.0748292 1.82911E-10
0.000886231 0.0147705 1.76667E-10
-0.0045337 0.0755617 1.82645E-10
0.00128173 0.0213622 1.74303E-10
-0.0103051 0.171753 1.77337E-10
-2.19728E-05 0.000366213 1.81372E-10
-0.00671631 0.111938 1.76488E-10
-0.00280518 0.0467529 1.76846E-10
0.00126709 0.0211181 1.82935E-10
0.00755127 0.125855 1.76477E-10
-0.00557372 0.0928954 1.77365E-10
0.0036255 0.060425 1.82229E-10
-0.00882567 0.147095 1.75354E-10
0.000637208 0.0106201 1.80008E-10
-0.00123779 0.0206298 1.83807E-10
0.0153295 0.255492 1.77085E-10
-0.00523682 0.0872803 1.73391E-10
0.0045337 0.0755617 1.78166E-10
-0.00853271 0.142212 1.8237E-10
-0.00636475 0.106079 1.77959E-10
-0.00465089 0.0775148 1.83067E-10
0.0026001 0.0433349 1.78472E-10
-0.0175122 0.29187 1.82626E-10
-0.00243897 0.0406496 1.7884E-10
-0.00753662 0.12561 1.76914E-10
0.00240968 0.0401613 1.75469E-10
-0.00708252 0.118042 1.83936E-10
0.004021 0.0670166 1.75091E-10
0.0122241 0.203735 1.83919E-10
0.00157471 0.0262451 1.76688E-10
-0.00324463 0.0540772 1.83316E-10
-0.004021 0.0670166 1.79305E-10
-0.0119457 0.199096 1.7726E-10
-0.00472413 0.0787354 1.8002E-10
0.0110376 0.183959 1.82964E-10
-0.0136156 0.226928 1.74762E-10
-0.00958741 0.15979 1.83293E-10
-0.00163329 0.0272216 1.77801E-10
0.0101294 0.168823 1.77967E-10
-0.00122315 0.0203858 1.76159E-10
0.00752198 0.125366 1.75759E-10
-0.00157471 0.0262451 1.82496E-10
-0.00550049 0.0916748 1.8355E-10
0.00312745 0.0521241 1.79036E-10
6.59183E-05 0.00109864 1.84211E-10
-0.00312745 0.0521241 1.83208E-10
-0.00617431 0.102905 1.82568E-10
0.00235108 0.0391846 1.771E-10
0.0103637 0.172728 1.76925E-10
-0.000153809 0.00256348 1.83307E-10
0.00709717 0.118286 1.83741E-10
0.0022046 0.0367433 1.83851E-10
0.00135498 0.0225831 1.75016E-10
0.0030542 0.0509034 1.7641E-10
0.00328858 0.0548096 1.73722E-10
0.0067749 0.112915 1.77492E-10
-0.000666505 0.0111084 1.80339E-10
-0.00850342 0.141724 1.85429E-10
-0.00463623 0.0772706 1.76247E-10
-0.0171313 0.285521 1.75175E-10
0.00128173 0.0213622 1.83248E-10
-0.00733155 0.122193 1.78391E-10
0.0087085 0.145142 1.7722E-10
0.000417481 0.00695803 1.82102E-10
0.00652589 0.108765 1.75345E-10
-0.00960205 0.160034 1.7631E-10
0.000900879 0.0150147 1.84349E-10
-0.0169409 0.282348 1.83606E-10
0.0132201 0.220335 1.83424E-10
0.00585206 0.0975343 1.81936E-10
0.000827638 0.013794 1.82296E-10
0.00289307 0.0482178 1.76022E-10
0.0178198 0.296997 1.82554E-10
0.00320068 0.0533448 1.77543E-10
0.00695068 0.115845 1.77937E-10
-0.0074048 0.123413 1.74829E-10
-0.0136156 0.226928 1.75858E-10
-0.00700929 0.116821 1.82735E-10
-0.0174096 0.290161 1.82792E-10
0.0105395 0.175658 1.78191E-10
-0.00799073 0.133179 1.82824E-10
-0.00566162 0.0943603 1.83956E-10
-0.00930907 0.155151 1.84245E-10
-0.00429931 0.0716553 1.76858E-10
0.00202881 0.0338136 1.82119E-10
0.00604249 0.100708 1.76954E-10
0.0156957 0.261596 1.81677E-10
-0.00598389 0.0997314 1.76912E-10
0.00475343 0.0792238 1.76677E-10
0.000417481 0.00695803 1.75983E-10
-0.00993895 0.165649 1.8275E-10
-0.00303956 0.0506593 1.77168E-10
0.00268799 0.0447998 1.83127E-10
0.00596923 0.0994872 1.74464E-10
0.00112061 0.0186768 1.83799E-10
0.00194092 0.0323486 1.84171E-10
0.00999755 0.166626 1.83368E-10
-0.00637941 0.106323 1.76567E-10
-0.00610108 0.101685 1.82972E-10
-0.00971924 0.161987 1.75498E-10
-0.00126709 0.0211181 1.78281E-10
-0.013059 0.217651 1.78342E-10
-0.00134034 0.0223389 1.73874E-10
-0.00845946 0.140991 1.78776E-10
0.012268 0.204467 1.77611E-10
0.00191162 0.0318603 1.74318E-10
0.000856934 0.0142822 1.8328E-10
-0.010144 0.169067 1.78931E-10
-0.0058667 0.0977783 1.81015E-10
0.00654053 0.109009 1.8231E-10
0.00722901 0.120484 1.78622E-10
0.00381592 0.0635987 1.77638E-10
0.0129272 0.215453 1.77785E-10
0.000153809 0.00256348 1.77821E-10
0.000900879 0.0150147 1.83264E-10
-0.00481202 0.0802003 1.83563E-10
0.0140698 0.234497 1.86129E-10
0.0115503 0.192505 1.79884E-10
0.00831299 0.13855 1.75819E-10
-0.0119604 0.19934 1.74862E-10
0.0086206 0.143677 1.77071E-10
0.000871582 0.0145264 1.76245E-10
0.000739747 0.0123291 1.83747E-10
0.00154541 0.0257568 1.73331E-10
-0.00306886 0.0511476 1.84205E-10
-0.00175048 0.0291747 1.8491E-10
0.00481202 0.0802003 1.76001E-10
0.00920655 0.153442 1.77916E-10
0.000197755 0.00329592 1.77953E-10
-0.00699463 0.116577 1.83302E-10
-0.0100707 0.167846 1.78777E-10
-0.00473877 0.0789796 1.8349E-10
0.0127807 0.213012 1.82914E-10
0.000183106 0.00305178 1.75372E-10
-0.00952881 0.158813 1.82883E-10
-0.0101879 0.169799 1.76346E-10
-0.00343507 0.0572511 1.83393E-10
0.00558837 0.0931396 1.84318E-10
-0.0121508 0.202514 1.83338E-10
-0.00134034 0.0223389 1.82516E-10
-0.00175048 0.0291747 1.83E-10
0.00450441 0.0750734 1.82917E-10
-0.0114624 0.19104 1.81795E-10
-0.0050464 0.0841066 1.76266E-10
0.00331788 0.0552979 1.7675E-10
0.009646 0.160767 1.85462E-10
-0.016809 0.280151 1.84432E-10
0.0169262 0.282103 1.81856E-10
-0.00312745 0.0521241 1.83175E-10
-0.0104369 0.173948 1.81972E-10
-0.00715576 0.119263 1.7621E-10
0.000183106 0.00305178 1.84982E-10
-0.0035083 0.0584717 1.7771E-10
-0.00900147 0.150024 1.83975E-10
-0.0122534 0.204223 1.84998E-10
0.0103051 0.171753 1.75429E-10
-0.0211156 0.351928 1.83162E-10
-0.00385987 0.0643311 1.77112E-10
-0.00192626 0.0321044 1.8483E-10
0.00331788 0.0552979 1.7561E-10
0.00427003 0.0711671 1.84178E-10
-0.00229249 0.0382081 1.83809E-10
-0.00552979 0.0921631 1.8121E-10
0.0114331 0.190552 1.74955E-10
-0.0142308 0.237181 1.74345E-10
-0.0062622 0.10437 1.76235E-10
0.00542725 0.0904541 1.85171E-10
0.00944092 0.157349 1.77011E-10
-0.00661377 0.110229 1.82873E-10
-0.0115943 0.193238 1.73378E-10
-0.0128393 0.213988 1.8255E-10
-0.0030542 0.0509034 1.83376E-10
0.00147217 0.0245361 1.78061E-10
-0.0039917 0.0665283 1.75902E-10
-0.0206909 0.344849 1.7373E-10
0.00845946 0.140991 1.74773E-10
0.00450441 0.0750734 1.77242E-10
0.00993895 0.165649 1.78366E-10
-0.00151612 0.0252686 1.84671E-10
-6.59183E-05 0.00109864 1.81247E-10
