-0.000959473 0.0159912 7.95267E-11
-0.0111547 0.185913 8.00701E-11
0.0117114 0.195191 8.09657E-11
-0.0247777 0.412962 8.11911E-11
0.0234888 0.39148 8.1405E-11
-0.0190648 0.317747 7.93746E-11
-0.013601 0.226683 7.94365E-11
0.00982178 0.163696 8.16787E-11
0.00573487 0.0955811 8.10565E-11
0.00894287 0.149048 8.12462E-11
-0.00722901 0.120484 8.27182E-11
-0.00646728 0.107788 8.01409E-11
-0.0102026 0.170043 7.98681E-11
0.0144506 0.240843 8.00315E-11
0.00361086 0.0601809 8.09757E-11
0.000637208 0.0106201 7.95978E-11
0.00753662 0.12561 8.01318E-11
-0.0103929 0.173216 8.28618E-11
0.00416749 0.0694581 8.12943E-11
0.00132569 0.0220948 8.07068E-11
-0.0068335 0.113892 7.95244E-11
0.0121948 0.203247 7.8774E-11
0.00101806 0.0169677 8.03459E-11
0.00629151 0.104858 8.27775E-11
-0.00692139 0.115356 7.95231E-11
-0.00573487 0.0955811 8.0973E-11
0.0151245 0.252075 8.006E-11
-0.00648194 0.108032 8.03345E-11
-0.00557372 0.0928954 7.97693E-11
-0.0157837 0.263062 7.86659E-11
0.00796143 0.13269 8.0434E-11
-5.12697E-05 0.000854496 8.03821E-11
0.00750733 0.125122 8.08786E-11
-0.00788818 0.13147 8.09505E-11
-0.00615967 0.102661 8.03112E-11
0.00819579 0.136597 8.02664E-11
0.0178929 0.298216 7.96176E-11
-0.0162816 0.271361 8.09944E-11
0.005896 0.0982666 8.20858E-11
0.005896 0.0982666 7.96969E-11
0.000212403 0.00354005 8.24635E-11
-0.00621827 0.103638 8.01541E-11
0.0104516 0.174193 8.1286E-11
-0.0118871 0.198119 8.12623E-11
0.010144 0.169067 8.24707E-11
-0.012268 0.204467 8.12828E-11
-0.00207276 0.0345461 8.04517E-11
-0.00112061 0.0186768 8.09323E-11
0.0178344 0.29724 8.04474E-11
0.00708252 0.118042 8.02329E-11
-0.0128832 0.214721 8.0998E-11
-0.00671631 0.111938 8.0089E-11
0.00528075 0.0880126 8.09107E-11
-0.00901611 0.150269 8.13524E-11
-0.00135498 0.0225831 8.06012E-11
-0.0249096 0.415161 8.13789E-11
-0.00236572 0.0394287 8.01959E-11
-0.00243897 0.0406496 8.00104E-11
-0.00942626 0.157104 7.99778E-11
-0.00476807 0.0794678 8.05789E-11
0.00752198 0.125366 7.96441E-11
-0.00229249 0.0382081 8.09344E-11
0.00296631 0.0494386 8.17966E-11
-0.00974853 0.162476 7.93181E-11
0.0103491 0.172485 8.02875E-11
0.00900147 0.150024 8.01815E-11
-0.0153881 0.256468 8.01366E-11
-0.012312 0.2052 8.10305E-11
-0.00687744 0.114624 7.99664E-11
-0.0218482 0.364137 8.10209E-11
-0.0205005 0.341675 8.04217E-11
0.00487061 0.0811768 8.08438E-11
-0.0016919 0.0281983 7.99195E-11
0.00233642 0.0389404 8.24756E-11
0.0160474 0.267457 7.97974E-11
8.05667E-05 0.00134278 8.10156E-11
0.00695068 0.115845 8.05048E-11
-0.0133227 0.222045 8.10032E-11
0.0170287 0.283812 8.00396E-11
0.00693604 0.115601 8.01538E-11
-0.0016919 0.0281983 8.0131E-11
-0.0174243 0.290405 8.11284E-11
-0.000534668 0.00891113 8.07706E-11
0.00528075 0.0880126 7.99921E-11
-0.00942626 0.157104 7.96773E-11
-0.00566162 0.0943603 8.00024E-11
-0.0125463 0.209105 8.0321E-11
-0.00148682 0.0247803 8.00777E-11
0.00958741 0.15979 7.92525E-11
-0.0210277 0.350462 8.00672E-11
0.0123998 0.206663 8.07049E-11
-0.00900147 0.150024 8.07089E-11
-0.00591064 0.0985108 7.9784E-11
-0.00533936 0.0889893 8.0065E-11
-0.00835693 0.139282 8.01214E-11
-0.00183839 0.0306398 8.03342E-11
0.010891 0.181517 8.03526E-11
-0.00835693 0.139282 8.07169E-11
-0.0096753 0.161255 8.04136E-11
-0.0107299 0.178832 8.01405E-11
0.0392944 0.654907 8.07729E-11
0.0103929 0.173216 7.99255E-11
-0.0100415 0.167358 8.09234E-11
-0.0030542 0.0509034 8.08739E-11
0.00079834 0.0133057 7.99903E-11
0.00216065 0.0360108 8.11986E-11
-0.0177027 0.295044 8.11117E-11
0.00785888 0.130981 8.13151E-11
-0.000681153 0.0113526 8.02751E-11
0.0221411 0.369019 8.11487E-11
-0.00941162 0.15686 7.96755E-11
0.00428467 0.0714112 8.09191E-11
-0.0144946 0.241577 8.22015E-11
-0.011975 0.199584 7.97891E-11
0.00799073 0.133179 8.00823E-11
-0.0150073 0.250122 8.0875E-11
0.0118286 0.197142 8.14413E-11
-0.0153588 0.25598 8.02855E-11
0.00724365 0.120728 8.11603E-11
-0.00560302 0.0933837 8.16999E-11
-0.0135717 0.226195 8.07416E-11
0.00826904 0.137817 8.24607E-11
-0.00774169 0.129028 8.02678E-11
-0.00349366 0.0582276 7.98921E-11
0.00542725 0.0904541 7.98772E-11
0.00364015 0.0606691 8.11119E-11
0.0110522 0.184203 8.02212E-11
0.0189331 0.315552 7.99909E-11
-0.0186694 0.311157 7.94208E-11
-0.0112573 0.187622 7.93987E-11
0.012107 0.201783 7.98761E-11
0.00782959 0.130493 8.03831E-11
-0.0145238 0.242064 8.09088E-11
0.0273413 0.455688 8.0784E-11
0.00419677 0.0699463 8.07931E-11
-0.0129711 0.216186 8.03439E-11
-0.00236572 0.0394287 7.98513E-11
-0.00403565 0.0672608 8.1097E-11
0.000344239 0.00573732 8.13853E-11
-0.0200318 0.333863 8.07587E-11
0.0247484 0.412474 8.16492E-11
0.0132933 0.221556 8.0524E-11
0.0227124 0.37854 8.20891E-11
0.00785888 0.130981 7.95493E-11
-0.000915527 0.0152588 8.09133E-11
0.00198486 0.0330811 8.11666E-11
-0.000593263 0.00988771 8.09131E-11
0.00207276 0.0345461 8.10681E-11
0.00793213 0.132202 8.03718E-11
-0.00106201 0.0177003 8.08682E-11
-0.00979248 0.163208 8.05762E-11
0.00418213 0.0697022 8.13965E-11
-0.0167066 0.278443 8.14449E-11
-0.0249975 0.416625 8.1005E-11
0.0156664 0.261107 8.01281E-11
0.00418213 0.0697022 7.95779E-11
-0.00850342 0.141724 8.09036E-11
0.00576416 0.0960694 8.0009E-11
0.0172924 0.288207 7.93373E-11
-0.00624756 0.104126 8.14198E-11
-0.0114331 0.190552 7.98882E-11
-0.0136303 0.227172 8.07481E-11
-0.00252685 0.0421142 8.03585E-11
0.00443115 0.0738526 8.02819E-11
-0.0022046 0.0367433 8.02432E-11
-0.00216065 0.0360108 7.97469E-11
-0.0149634 0.249389 8.08035E-11
-0.00762452 0.127075 8.12723E-11
-0.000344239 0.00573732 8.19762E-11
-0.0129126 0.21521 8.03402E-11
-0.0118725 0.197875 8.08006E-11
0.0196069 0.326782 8.08749E-11
0.00703858 0.11731 8.1056E-11
0.0108617 0.181029 8.00423E-11
-0.00270264 0.0450439 8.03979E-11
0.00156005 0.0260009 8.08136E-11
0.00150147 0.0250244 8.0963E-11
0.00630615 0.105103 7.99586E-11
0.00293702 0.0489503 8.01132E-11
0.0156518 0.260863 7.95654E-11
-0.0115796 0.192993 8.00739E-11
0.000109864 0.00183106 8.05472E-11
0.00627685 0.104614 7.93881E-11
0.0236499 0.394165 8.09269E-11
-0.00639406 0.106568 8.03117E-11
-0.0103783 0.172972 8.055E-11
0.00693604 0.115601 8.0498E-11
-0.00630615 0.105103 8.02879E-11
-0.0199732 0.332887 7.99179E-11
-0.00448975 0.0748292 7.99305E-11
0.00226319 0.0377198 7.94629E-11
-0.0184643 0.307738 8.02737E-11
0.00708252 0.118042 7.99625E-11
0.006438 0.1073 8.27308E-11
-0.0175268 0.292113 8.09358E-11
-0.0179808 0.299681 8.08737E-11
0.0113598 0.189331 8.02889E-11
0.0163403 0.272338 8.10264E-11
0.0026001 0.0433349 7.947E-11
0.00454836 0.0758059 8.25175E-11
