-0.0196508 0.327514 7.37532E-10
0.00437257 0.0728761 6.83541E-10
-0.00451906 0.0753176 6.84689E-10
-0.00889893 0.148315 6.95081E-10
-0.00317139 0.0528564 6.98955E-10
-0.00183839 0.0306398 6.78365E-10
9.5215E-05 0.00158692 6.86674E-10
-0.00797607 0.132935 7.07021E-10
0.00238038 0.0396729 6.84564E-10
0.00591064 0.0985108 6.66408E-10
0.00258545 0.0430908 6.65985E-10
-0.000373536 0.0062256 6.95422E-10
-0.000212403 0.00354005 6.66958E-10
-0.00522216 0.0870361 6.78185E-10
0.0166625 0.277709 6.66673E-10
0.00421142 0.0701904 6.80539E-10
-0.00343507 0.0572511 6.96504E-10
-0.00649659 0.108276 7.02204E-10
0.00355225 0.0592042 6.958E-10
-0.000974122 0.0162354 7.05513E-10
-0.0035962 0.0599367 6.54422E-10
0.00656982 0.109497 6.76046E-10
0.00520752 0.0867919 6.76017E-10
-0.011228 0.187134 6.46036E-10
0.0049292 0.0821534 6.8373E-10
0.0119018 0.198364 6.67135E-10
0.00355225 0.0592042 6.74569E-10
-0.00177978 0.0296631 6.53182E-10
-0.00403565 0.0672608 6.6653E-10
-0.00388916 0.0648194 6.67531E-10
0.0126342 0.21057 6.6818E-10
0.0016919 0.0281983 7.22125E-10
-0.00580811 0.0968019 6.69599E-10
0.000915527 0.0152588 6.65986E-10
0.00926514 0.154419 6.96171E-10
-0.013103 0.218383 6.66893E-10
-0.00208742 0.0347903 7.31036E-10
0.0116089 0.193482 7.02955E-10
0.00113525 0.0189209 6.97405E-10
-0.0039917 0.0665283 6.64854E-10
0.00686278 0.11438 6.87584E-10
0.0129272 0.215453 6.55753E-10
0.0116235 0.193726 7.31197E-10
-0.0110668 0.184447 6.58722E-10
-0.0053247 0.0887451 6.7445E-10
0.00517822 0.0863037 7.27846E-10
0.0108617 0.181029 6.8482E-10
-0.0114477 0.190796 6.85457E-10
0.00163329 0.0272216 6.89779E-10
-0.0181713 0.302855 6.86663E-10
0.0157104 0.26184 6.77091E-10
0.00361086 0.0601809 6.75943E-10
-0.00680419 0.113403 7.06682E-10
-0.00239503 0.0399171 6.89971E-10
-0.00148682 0.0247803 6.55509E-10
-0.00785888 0.130981 6.74341E-10
0.00318604 0.0531006 7.09563E-10
0.00204347 0.0340578 6.55775E-10
-0.00993895 0.165649 6.70985E-10
0.00372804 0.0621339 6.76884E-10
0.0247777 0.412962 6.83428E-10
0.00494386 0.0823976 6.63109E-10
-0.00561767 0.0936279 6.95434E-10
0.00574952 0.0958253 6.70149E-10
-0.00853271 0.142212 6.78481E-10
-0.00850342 0.141724 6.85705E-10
0.0146117 0.243529 6.7206E-10
0.0170141 0.283568 6.95261E-10
-0.0026294 0.0438233 6.87926E-10
-0.00189697 0.0316162 6.73933E-10
-0.00378663 0.0631104 6.49785E-10
0.00711183 0.11853 6.75421E-10
-0.000373536 0.0062256 6.83156E-10
-0.000593263 0.00988771 6.71467E-10
0.00344971 0.0574952 6.73559E-10
-0.0104076 0.17346 6.68598E-10
-0.000783692 0.0130615 6.43235E-10
0.00727296 0.121216 7.13085E-10
-0.00976319 0.16272 6.8807E-10
0.00331788 0.0552979 6.41353E-10
0.000563965 0.00939942 6.85777E-10
-0.00462159 0.0770264 6.67658E-10
0.000886231 0.0147705 6.76714E-10
0.00309815 0.0516358 6.81128E-10
0.0022046 0.0367433 6.82917E-10
-0.00605713 0.100952 6.67965E-10
-0.00788818 0.13147 7.20457E-10
0.0104662 0.174437 6.51278E-10
0.0113159 0.188598 6.65056E-10
-0.00368409 0.0614015 6.95764E-10
0.0133812 0.223021 6.72969E-10
-0.00249756 0.0416259 6.92189E-10
-0.00690674 0.115112 6.85438E-10
-0.00574952 0.0958253 6.62574E-10
-0.0122827 0.204712 6.95545E-10
0.00945556 0.157593 6.55968E-10
0.00481202 0.0802003 6.7394E-10
-0.0107592 0.17932 6.91435E-10
-0.00699463 0.116577 6.67295E-10
0.00443115 0.0738526 7.07628E-10
-0.00661377 0.110229 6.778E-10
-0.00349366 0.0582276 6.6367E-10
7.32425E-06 0.000122071 6.6162E-10
0.00569092 0.0948486 6.85785E-10
-0.00071045 0.0118408 6.65721E-10
-0.0125463 0.209105 6.68858E-10
0.00409423 0.0682372 7.0183E-10
0.0134985 0.224975 6.68654E-10
0.000534668 0.00891113 6.87004E-10
0.00678955 0.113159 7.08918E-10
-0.00301026 0.0501711 6.45883E-10
0.0160766 0.267944 6.97176E-10
-0.012473 0.207884 6.80374E-10
0.00164795 0.0274658 6.65991E-10
0.00567626 0.0946044 6.88953E-10
0.0115649 0.192749 6.56226E-10
0.0138354 0.23059 6.36473E-10
0.00302491 0.0504153 6.55796E-10
0.00161865 0.0269775 6.55668E-10
0.00101806 0.0169677 6.82792E-10
0.00141357 0.0235596 6.95476E-10
0.010144 0.169067 6.65834E-10
0.00290771 0.0484619 7.01062E-10
0.0185522 0.309204 6.98997E-10
-0.00484132 0.0806886 7.29372E-10
-0.00120849 0.0201416 6.55673E-10
-0.00620361 0.103394 6.97158E-10
0.0237816 0.396361 6.76907E-10
-0.000637208 0.0106201 6.92767E-10
-0.00692139 0.115356 7.22285E-10
-0.0185083 0.308472 6.97899E-10
0.0016626 0.0277099 6.97053E-10
-0.00554444 0.0924073 7.15902E-10
0.00267333 0.0445556 6.88674E-10
0.00582277 0.0970461 7.62364E-10
0.00983642 0.16394 6.70251E-10
-0.0100561 0.167602 7.12502E-10
-0.0198559 0.330932 6.66527E-10
0.00488525 0.0814209 6.82808E-10
0.00743409 0.123901 6.87612E-10
0.0010913 0.0181884 6.78234E-10
0.00303956 0.0506593 6.64158E-10
-0.00620361 0.103394 6.68352E-10
-0.000886231 0.0147705 7.31742E-10
-0.00321533 0.0535889 6.87346E-10
0.000402833 0.00671388 6.7674E-10
0.00157471 0.0262451 6.96039E-10
-0.011975 0.199584 7.08559E-10
-0.00197021 0.0328369 6.75749E-10
-0.000900879 0.0150147 6.77013E-10
0.00144287 0.0240478 6.88953E-10
-0.00216065 0.0360108 6.7932E-10
0.00465089 0.0775148 6.98274E-10
0.00917725 0.152954 6.80301E-10
0.00468018 0.078003 6.70604E-10
0.00947022 0.157837 6.54874E-10
0.00491456 0.0819093 6.5543E-10
-0.00906006 0.151001 7.06181E-10
-0.017307 0.288451 6.40902E-10
0.00358156 0.0596926 7.00322E-10
-0.00632081 0.105347 6.68148E-10
-0.0130151 0.216918 6.87942E-10
0.0159009 0.265014 6.91578E-10
0.00756592 0.126099 6.89046E-10
-0.00322999 0.0538331 6.62244E-10
0.0053247 0.0887451 6.84114E-10
-0.000197755 0.00329592 6.91102E-10
-0.0115796 0.192993 6.81235E-10
-0.0126196 0.210326 6.43014E-10
-0.0066577 0.110962 6.97003E-10
-0.00462159 0.0770264 6.54029E-10
0.00419677 0.0699463 6.6819E-10
0.0230639 0.384399 6.41115E-10
-0.00465089 0.0775148 6.66263E-10
-0.00706787 0.117798 6.77728E-10
0.0048999 0.0816651 6.67887E-10
-0.01656 0.276001 6.84701E-10
-0.00974853 0.162476 6.76891E-10
0.0117114 0.195191 6.65105E-10
0.00873779 0.14563 6.65194E-10
-0.00963134 0.160522 6.7743E-10
-0.00550049 0.0916748 6.81003E-10
0.00567626 0.0946044 7.0542E-10
0.00334717 0.0557863 6.76092E-10
0.00951416 0.158569 6.83121E-10
0.0100707 0.167846 6.87236E-10
-0.00500245 0.0833741 6.9855E-10
-0.00497315 0.0828858 7.14171E-10
-0.00122315 0.0203858 6.92781E-10
0.00791749 0.131958 6.68327E-10
0.00495851 0.0826417 6.76115E-10
0.00221924 0.0369873 6.69122E-10
-0.00366945 0.0611574 6.66824E-10
0.00983642 0.16394 6.56813E-10
0.00913329 0.152222 6.41047E-10
-0.0104369 0.173948 6.37197E-10
-0.00957275 0.159546 6.97856E-10
0.00847412 0.141235 6.98365E-10
0.0074048 0.123413 7.26674E-10
0.0002417 0.00402833 6.77318E-10
