0.0273633 0.456055
-0.011543 0.192383
0.0331055 0.551758
0.0599414 0.999023
0.0137695 0.229492
0.00849609 0.141601
-0.0215039 0.358398
0.0170507 0.284178
0.029707 0.495117
-0.0197461 0.329102
0.0472852 0.788087
-0.0198633 0.331055
-0.00287109 0.0478516
0.010371 0.172851
-0.00392579 0.0654298
0.00322266 0.0537109
0.0462304 0.770507
-0.0120117 0.200195
0.0251367 0.418945
0.0199805 0.333008
-0.0368555 0.614258
-0.000175782 0.00292969
-0.0171679 0.286132
-0.0174023 0.290038
-0.0110742 0.18457
-0.0352148 0.586913
0.0599414 0.999023
0.00615235 0.102539
0.0340429 0.567382
0.0162305 0.270508
-0.00193359 0.0322266
0.0343945 0.573242
-0.010371 0.172851
0.000292969 0.00488282
-0.00919922 0.15332
0.0280664 0.467773
-0.0312304 0.520507
-0.0261914 0.436523
-0.00134766 0.0224609
0.000761719 0.0126953
-0.0293554 0.489257
0.00181641 0.0302734
0.0475195 0.791992
0.00369141 0.0615235
0.0360351 0.600585
-0.0118945 0.198242
-0.00439453 0.0732422
0.0336914 0.561523
-0.0411914 0.686523
0.00732423 0.12207
0.0358007 0.596679
0.0407227 0.678712
0.0154101 0.256835
0.0320508 0.53418
-0.0182226 0.30371
0.000644532 0.0107422
-0.0260742 0.43457
0.00662109 0.110351
-0.0333398 0.555663
-0.0145898 0.243163
-0.011543 0.192383
-0.016582 0.276367
0.0599414 0.999023
0.0580664 0.967773
-0.0101367 0.168945
-0.0306445 0.510742
0.0124804 0.208007
-0.00392579 0.0654298
0.0508007 0.846678
0.0479883 0.799805
-0.0510351 0.850585
-0.0599414 0.999023
-0.0280664 0.467773
0.0431836 0.719727
0.00533203 0.0888671
-0.0461133 0.768555
-0.00873046 0.145508
0.0314648 0.524413
-0.0250195 0.416992
-0.0306445 0.510742
0.0135351 0.225585
0.0256054 0.426757
-0.0553711 0.922852
0.0406055 0.676758
0.0441211 0.735352
0.0314648 0.524413
-0.0107226 0.17871
0.0599414 0.999023
-0.0236133 0.393555
-0.0539649 0.899415
-0.00708985 0.118164
0.0407227 0.678712
0.0219727 0.366212
-0.0295898 0.493163
0.00708985 0.118164
0.0292382 0.487303
0.0124804 0.208007
-0.00193359 0.0322266
-0.027832 0.463867
-0.0389649 0.649415
0.0177539 0.295898
-0.0339257 0.565428
0.00849609 0.141601
-0.00826171 0.137695
-0.00169922 0.0283203
-0.0110742 0.18457
-0.00685546 0.114258
0.0509179 0.848632
-0.00404297 0.0673828
0.0431836 0.719727
0.00544922 0.0908203
-0.000644532 0.0107422
-0.0489257 0.815428
0.029707 0.495117
-0.0144726 0.24121
0.0454102 0.756837
-0.011543 0.192383
-0.00580079 0.0966798
-0.0324024 0.54004
0.0293554 0.489257
-0.0199805 0.333008
0.0127148 0.211913
-0.017871 0.297851
0.0155273 0.258788
0.00873046 0.145508
0.000175782 0.00292969
0.00533203 0.0888671
-0.0284179 0.473632
0.0329883 0.549805
-0.0219727 0.366212
0.00685546 0.114258
0.0122461 0.204102
-0.000527344 0.00878907
0.00685546 0.114258
0.0210351 0.350585
-0.010957 0.182617
-0.0238476 0.39746
-0.00181641 0.0302734
0.033457 0.557617
0.0348632 0.581053
0.0408399 0.680665
-0.0149414 0.249023
-0.00416016 0.0693359
0.00416016 0.0693359
0.0495117 0.825195
-0.0158789 0.264648
0.00205079 0.0341798
0.0294726 0.49121
0.00275391 0.0458984
0.0175195 0.291992
-0.0251367 0.418945
-0.0101367 0.168945
-0.00861328 0.143555
0.0599414 0.999023
0.041543 0.692383
0.0216211 0.360352
-0.0152929 0.254883
-0.0599414 0.999023
0.0362695 0.604492
0.0241992 0.40332
0.0361523 0.602538
0.0304101 0.506835
-0.0384961 0.641602
0.0151758 0.25293
-0.0393164 0.655273
0.0137695 0.229492
0.0083789 0.139648
-0.00708985 0.118164
0.024082 0.401367
-0.031582 0.526367
0.0367383 0.612305
-0.00884765 0.147461
-0.0307617 0.512695
-0.00486329 0.0810548
0.0231445 0.385742
-0.00287109 0.0478516
-0.00955078 0.15918
0.0229102 0.381837
-0.0122461 0.204102
-5.8594E-05 0.000976567
-0.0055664 0.0927734
0.0135351 0.225585
-0.0265429 0.442383
-0.00111328 0.0185547
-0.0202148 0.336914
-0.00779297 0.129883
-0.0316992 0.52832
-0.0388477 0.647462
-0.0110742 0.18457
0.027832 0.463867
-0.0506835 0.844726
-0.0117773 0.196289
0.0135351 0.225585
-0.0464648 0.774413
-0.0350976 0.58496
0.0298242 0.49707
-0.00369141 0.0615235
-0.0566601 0.944336
0.0529102 0.881837
0.0394336 0.657227
