0.000292969 0.00488282
-0.00263672 0.0439453
0.00169922 0.0283203
-5.8594E-05 0.000976567
0.00134766 0.0224609
0.00345703 0.0576173
0.00486329 0.0810548
-0.00638673 0.106445
-0.014121 0.235351
-0.00333985 0.0556641
0.00216797 0.0361328
-0.0239648 0.399413
0.0127148 0.211913
-0.0149414 0.249023
0.0093164 0.155273
0.00498047 0.0830079
-0.00251953 0.0419922
-0.00345703 0.0576173
0.00451173 0.0751954
-0.0120117 0.200195
0.00404297 0.0673828
0.00322266 0.0537109
-0.00685546 0.114258
0.00486329 0.0810548
-0.00298829 0.0498048
-0.00955078 0.15918
0.000175782 0.00292969
-0.0145898 0.243163
5.8594E-05 0.000976567
0.00158203 0.0263672
0.000761719 0.0126953
0.00533203 0.0888671
0.0130664 0.217773
-0.0149414 0.249023
-0.0117773 0.196289
0.000996095 0.0166016
-0.000410157 0.00683594
0.0144726 0.24121
0.00580079 0.0966798
-0.017871 0.297851
0.000878906 0.0146484
0.0244335 0.407226
0.00404297 0.0673828
0.00814452 0.135742
0.024082 0.401367
0.0055664 0.0927734
0.0118945 0.198242
0.00791016 0.131836
0.0038086 0.0634766
0.00240235 0.0400391
-0.00251953 0.0419922
-5.8594E-05 0.000976567
0.000292969 0.00488282
0.0118945 0.198242
-0.00615235 0.102539
0.00638673 0.106445
0.0155273 0.258788
-0.0113086 0.188477
0.0047461 0.0791016
0.000292969 0.00488282
0.00357423 0.0595704
0.000996095 0.0166016
-0.0108398 0.180663
-0.0055664 0.0927734
-0.020332 0.338867
-0.00744141 0.124024
0.0123632 0.206054
0.00111328 0.0185547
0.00427735 0.0712891
-0.0114258 0.19043
0.0117773 0.196289
0.00650391 0.108399
-0.00662109 0.110351
-0.0123632 0.206054
-0.00779297 0.129883
-0.00544922 0.0908203
-0.00345703 0.0576173
-0.0107226 0.17871
0.00134766 0.0224609
-0.0174023 0.290038
0.00873046 0.145508
-0.00849609 0.141601
0.00814452 0.135742
0.00228516 0.0380859
0.00228516 0.0380859
-0.00498047 0.0830079
0.00779297 0.129883
0.000527344 0.00878907
0.0120117 0.200195
-0.00650391 0.108399
0.00228516 0.0380859
-0.000878906 0.0146484
0.00439453 0.0732422
-0.00662109 0.110351
-0.00673828 0.112305
0.00720704 0.120117
-0.00287109 0.0478516
0.00357423 0.0595704
0.00216797 0.0361328
0.00720704 0.120117
0.00345703 0.0576173
-0.0202148 0.336914
-0.0155273 0.258788
0.00849609 0.141601
0.000410157 0.00683594
-0.0093164 0.155273
-0.0143554 0.239257
0.00697266 0.116211
-0.0122461 0.204102
-0.00533203 0.0888671
0.00966797 0.161133
0.0162305 0.270508
0.00767578 0.12793
-0.00720704 0.120117
0.00158203 0.0263672
0.0158789 0.264648
-0.00181641 0.0302734
-0.00193359 0.0322266
0.00263672 0.0439453
-0.00298829 0.0498048
0.0118945 0.198242
-0.0117773 0.196289
-0.0131835 0.219726
0.00615235 0.102539
-0.00544922 0.0908203
-0.0137695 0.229492
-0.000996095 0.0166016
0.00720704 0.120117
0.0243164 0.405273
-0.0108398 0.180663
0.000292969 0.00488282
0.0154101 0.256835
0.00509766 0.084961
0.000644532 0.0107422
-0.00287109 0.0478516
-0.00287109 0.0478516
-0.0171679 0.286132
-0.00580079 0.0966798
0.00521484 0.086914
0.00615235 0.102539
0.0124804 0.208007
-0.00767578 0.12793
-0.00146484 0.0244141
0.00673828 0.112305
0.00708985 0.118164
-0.0254882 0.424803
0.00638673 0.106445
0.00509766 0.084961
0.0161133 0.268555
-0.00392579 0.0654298
0.00205079 0.0341798
-0.000175782 0.00292969
0.0257226 0.42871
-0.00263672 0.0439453
-0.0144726 0.24121
0.00111328 0.0185547
-0.00638673 0.106445
-0.0216211 0.360352
0.00720704 0.120117
0.00509766 0.084961
-0.0249023 0.415038
0.00123047 0.0205078
0.00251953 0.0419922
0.00275391 0.0458984
-0.00345703 0.0576173
-0.00263672 0.0439453
0.0209179 0.348632
0.00955078 0.15918
0.00462891 0.0771485
-0.00357423 0.0595704
-0.00439453 0.0732422
-0.00978516 0.163086
0.0181054 0.301757
0.000527344 0.00878907
0.00240235 0.0400391
0.00462891 0.0771485
-0.0101367 0.168945
0.00240235 0.0400391
0.00369141 0.0615235
0.012832 0.213867
0.0038086 0.0634766
-0.014121 0.235351
-0.0102539 0.170898
0.0075586 0.125977
-0.0151758 0.25293
0.0137695 0.229492
-0.0083789 0.139648
-0.0175195 0.291992
0.00826171 0.137695
-0.00849609 0.141601
0.00216797 0.0361328
-0.000761719 0.0126953
0.0138867 0.231445
0.00662109 0.110351
0.0151758 0.25293
-0.0113086 0.188477
0.017871 0.297851
0.00568359 0.0947266
-0.00146484 0.0244141
0.00673828 0.112305
