-0.00791016 0.131836
-0.0133007 0.221678
-0.0143554 0.239257
-0.0075586 0.125977
0.00650391 0.108399
0.0164648 0.274413
0.0104882 0.174803
0.00509766 0.084961
0.00802734 0.133789
0.00216797 0.0361328
-0.00896484 0.149414
0.00146484 0.0244141
0.00111328 0.0185547
-0.0083789 0.139648
0.00521484 0.086914
-0.00193359 0.0322266
-0.00123047 0.0205078
0.0124804 0.208007
-0.0122461 0.204102
-0.00357423 0.0595704
-0.00123047 0.0205078
0.00802734 0.133789
0.000292969 0.00488282
-0.000878906 0.0146484
0.00193359 0.0322266
-0.000761719 0.0126953
0.0182226 0.30371
0.00462891 0.0771485
0.0038086 0.0634766
0.0142382 0.237303
-0.0131835 0.219726
-0.020332 0.338867
0.014121 0.235351
0.00544922 0.0908203
0.0124804 0.208007
0.00216797 0.0361328
-0.00685546 0.114258
-0.00955078 0.15918
0.0131835 0.219726
0.0120117 0.200195
-0.0212695 0.354492
-0.00345703 0.0576173
-0.00451173 0.0751954
-0.00392579 0.0654298
-0.00720704 0.120117
-0.00580079 0.0966798
0.00509766 0.084961
0.00638673 0.106445
-0.00580079 0.0966798
0.00240235 0.0400391
0.00216797 0.0361328
0.00603516 0.100586
-0.00826171 0.137695
-0.000292969 0.00488282
-0.0124804 0.208007
0.00849609 0.141601
0.00427735 0.0712891
-0.0075586 0.125977
0.0151758 0.25293
-0.00123047 0.0205078
0.00615235 0.102539
-0.00732423 0.12207
-0.00615235 0.102539
-0.00357423 0.0595704
-0.0108398 0.180663
-0.00287109 0.0478516
-0.00732423 0.12207
0.00685546 0.114258
-0.0163476 0.27246
-0.00638673 0.106445
-0.0131835 0.219726
0.000410157 0.00683594
-0.0055664 0.0927734
-0.00533203 0.0888671
-0.00861328 0.143555
0.0162305 0.270508
0.0127148 0.211913
-0.00814452 0.135742
-0.00685546 0.114258
-0.00298829 0.0498048
0.014121 0.235351
0.0113086 0.188477
0.00275391 0.0458984
-0.00298829 0.0498048
-0.00322266 0.0537109
-0.000878906 0.0146484
-0.000527344 0.00878907
-0.00298829 0.0498048
0.00615235 0.102539
0.0243164 0.405273
0.00251953 0.0419922
-0.0185742 0.30957
-0.00111328 0.0185547
0.0161133 0.268555
-0.0134179 0.223632
-0.00427735 0.0712891
-0.00650391 0.108399
0.010371 0.172851
0.00673828 0.112305
-0.00685546 0.114258
0.00310547 0.0517578
0.0038086 0.0634766
-0.0286523 0.477538
-0.00345703 0.0576173
-0.00486329 0.0810548
0.00943359 0.157227
-0.00697266 0.116211
-0.00345703 0.0576173
-0.0135351 0.225585
-0.00134766 0.0224609
0.00533203 0.0888671
0.00416016 0.0693359
0.0122461 0.204102
0.0110742 0.18457
0.0122461 0.204102
0.0264258 0.44043
-0.000175782 0.00292969
-0.0129492 0.21582
0.0111914 0.186523
0.0047461 0.0791016
-0.0177539 0.295898
-0.00603516 0.100586
0.00216797 0.0361328
0.00638673 0.106445
0.000175782 0.00292969
0.00802734 0.133789
0.00650391 0.108399
0.00767578 0.12793
-0.0229102 0.381837
-0.00427735 0.0712891
-0.00732423 0.12207
-0.0104882 0.174803
-0.00439453 0.0732422
-0.0120117 0.200195
0.00427735 0.0712891
-0.00673828 0.112305
0.0120117 0.200195
-0.00662109 0.110351
0.00873046 0.145508
-0.00673828 0.112305
0.00826171 0.137695
0.014707 0.245117
-0.00802734 0.133789
0.00626953 0.104492
-0.00720704 0.120117
0.00685546 0.114258
-0.00779297 0.129883
-0.00439453 0.0732422
-0.00275391 0.0458984
0.00591797 0.0986328
-0.0150586 0.250977
-0.0137695 0.229492
-0.00357423 0.0595704
-0.00451173 0.0751954
0.0102539 0.170898
-0.00111328 0.0185547
-0.00744141 0.124024
0.00322266 0.0537109
0.0113086 0.188477
0.00193359 0.0322266
0.0111914 0.186523
0.0155273 0.258788
-0.00826171 0.137695
0.000996095 0.0166016
0.0195117 0.325195
0.00955078 0.15918
-0.00263672 0.0439453
-0.00404297 0.0673828
-0.0055664 0.0927734
-0.00369141 0.0615235
-0.00521484 0.086914
0.00169922 0.0283203
-0.00146484 0.0244141
-0.000644532 0.0107422
-0.00111328 0.0185547
-0.0138867 0.231445
-0.00322266 0.0537109
-0.00123047 0.0205078
-0.0047461 0.0791016
0.00134766 0.0224609
-0.00251953 0.0419922
0.00392579 0.0654298
0.0038086 0.0634766
-0.00943359 0.157227
0.00802734 0.133789
0.000878906 0.0146484
-0.00345703 0.0576173
-0.00263672 0.0439453
-0.000175782 0.00292969
0.00287109 0.0478516
0.00779297 0.129883
-0.00123047 0.0205078
0.011543 0.192383
-0.00404297 0.0673828
-0.00134766 0.0224609
0.00708985 0.118164
-0.00298829 0.0498048
-0.00439453 0.0732422
0.00568359 0.0947266
-0.00732423 0.12207
