-0.0111914 0.186523
0.00509766 0.084961
0.000410157 0.00683594
0.0164648 0.274413
-0.00908203 0.151367
-0.0093164 0.155273
-0.00943359 0.157227
-0.00966797 0.161133
-0.00310547 0.0517578
0.011543 0.192383
0.00849609 0.141601
-0.0113086 0.188477
-0.00193359 0.0322266
-0.0157617 0.262695
0.0152929 0.254883
0.0138867 0.231445
-0.0121289 0.202148
0.00779297 0.129883
0.0166992 0.27832
-0.0124804 0.208007
0.0213867 0.356445
0.00123047 0.0205078
-0.00205079 0.0341798
-0.00123047 0.0205078
0.00251953 0.0419922
-0.00404297 0.0673828
0.0093164 0.155273
-0.0177539 0.295898
-0.0155273 0.258788
0.00896484 0.149414
0.0277148 0.461914
0.00990233 0.165039
0.0237305 0.395508
-0.0114258 0.19043
0.0143554 0.239257
0.00814452 0.135742
0.0217383 0.362305
-0.00568359 0.0947266
0.00580079 0.0966798
0.00638673 0.106445
-0.010371 0.172851
0.0055664 0.0927734
0.00732423 0.12207
-0.0047461 0.0791016
-0.00908203 0.151367
-0.0118945 0.198242
-0.00251953 0.0419922
0.0152929 0.254883
-0.0159961 0.266602
0.00345703 0.0576173
-0.0114258 0.19043
-0.020332 0.338867
0.000292969 0.00488282
0.0191601 0.319335
-0.00673828 0.112305
-0.0113086 0.188477
-0.0263086 0.438477
-0.00896484 0.149414
0.00521484 0.086914
-0.00966797 0.161133
0.0163476 0.27246
-0.0121289 0.202148
0.00439453 0.0732422
-0.022793 0.379883
0.000175782 0.00292969
0.00216797 0.0361328
-0.000410157 0.00683594
-0.0124804 0.208007
0.0183398 0.305663
0.000292969 0.00488282
-0.00720704 0.120117
0.00591797 0.0986328
0.00158203 0.0263672
-0.0406055 0.676758
0.0101367 0.168945
-0.0138867 0.231445
0.00861328 0.143555
-0.0292382 0.487303
-0.0213867 0.356445
0.00544922 0.0908203
0.00884765 0.147461
0.0161133 0.268555
-0.0241992 0.40332
-0.00181641 0.0302734
-0.00791016 0.131836
0.00357423 0.0595704
0.0166992 0.27832
-0.00673828 0.112305
-0.0163476 0.27246
-0.0164648 0.274413
-0.00861328 0.143555
-0.00240235 0.0400391
-0.0101367 0.168945
0.0162305 0.270508
0.0312304 0.520507
-0.00216797 0.0361328
0.0150586 0.250977
-0.00228516 0.0380859
0.00791016 0.131836
-0.030996 0.516601
-0.0166992 0.27832
-0.0107226 0.17871
-0.0122461 0.204102
0.0208007 0.346679
0.0159961 0.266602
-0.0148242 0.24707
-0.00908203 0.151367
-0.0212695 0.354492
-0.011543 0.192383
0.0127148 0.211913
0.0152929 0.254883
0.0120117 0.200195
-0.0196289 0.327148
-0.00626953 0.104492
-0.0106054 0.176757
-0.00568359 0.0947266
-0.00884765 0.147461
0.0218555 0.364258
0.00509766 0.084961
0.0186914 0.311523
-0.00263672 0.0439453
0.0124804 0.208007
0.00744141 0.124024
0.017871 0.297851
0.0138867 0.231445
-0.0133007 0.221678
0.00580079 0.0966798
0.0129492 0.21582
-0.00966797 0.161133
-0.0083789 0.139648
0.017871 0.297851
0.0159961 0.266602
0.00884765 0.147461
0.014121 0.235351
0.0257226 0.42871
-0.0111914 0.186523
-0.0268945 0.448242
0.00626953 0.104492
0.00591797 0.0986328
-0.0123632 0.206054
-0.0243164 0.405273
0.0252539 0.420898
-0.0152929 0.254883
0.00263672 0.0439453
0.00263672 0.0439453
-0.00978516 0.163086
-0.00673828 0.112305
-0.00615235 0.102539
-0.00990233 0.165039
-0.0124804 0.208007
0.0238476 0.39746
-0.010957 0.182617
0.00826171 0.137695
-0.0155273 0.258788
-0.00240235 0.0400391
0.0131835 0.219726
-0.0154101 0.256835
5.8594E-05 0.000976567
0.00533203 0.0888671
-0.0151758 0.25293
0.00896484 0.149414
0.00462891 0.0771485
0.00333985 0.0556641
0.0102539 0.170898
0.00427735 0.0712891
0.00451173 0.0751954
-0.0122461 0.204102
-0.0130664 0.217773
0.0100195 0.166992
-0.00615235 0.102539
0.0185742 0.30957
-0.00134766 0.0224609
-0.000878906 0.0146484
0.00826171 0.137695
0.0156445 0.260742
0.0210351 0.350585
0.010957 0.182617
0.0199805 0.333008
-0.00205079 0.0341798
-0.00240235 0.0400391
-0.00498047 0.0830079
-0.0124804 0.208007
-0.00662109 0.110351
0.0284179 0.473632
0.014121 0.235351
0.0075586 0.125977
-0.000292969 0.00488282
-0.030996 0.516601
0.0142382 0.237303
-0.0150586 0.250977
-0.00896484 0.149414
-0.00990233 0.165039
-0.00521484 0.086914
-0.0136523 0.227538
-0.00802734 0.133789
-0.000996095 0.0166016
0.00275391 0.0458984
-0.0104882 0.174803
0.0257226 0.42871
0.00216797 0.0361328
