-0.00509766 0.084961
0.00603516 0.100586
0.00134766 0.0224609
-0.0106054 0.176757
-0.00720704 0.120117
-0.000527344 0.00878907
-0.0116602 0.194337
-0.0110742 0.18457
5.8594E-05 0.000976567
0.00287109 0.0478516
0.0140039 0.233398
0.00603516 0.100586
0.00720704 0.120117
-0.0172851 0.288085
0.00626953 0.104492
-0.0123632 0.206054
-0.00720704 0.120117
-0.00744141 0.124024
-0.0075586 0.125977
-0.0140039 0.233398
-0.0104882 0.174803
-0.00791016 0.131836
-0.000644532 0.0107422
-0.00884765 0.147461
0.0219727 0.366212
0.00802734 0.133789
0.0100195 0.166992
0.0149414 0.249023
0.011543 0.192383
-0.0192773 0.321288
-0.00791016 0.131836
-0.000996095 0.0166016
0.0215039 0.358398
-0.00216797 0.0361328
0.00650391 0.108399
-0.0205664 0.342773
-0.0055664 0.0927734
0.0108398 0.180663
0.0047461 0.0791016
-0.000527344 0.00878907
0.0170507 0.284178
-0.000292969 0.00488282
-0.00146484 0.0244141
0.00427735 0.0712891
0.00708985 0.118164
0.000410157 0.00683594
-0.0047461 0.0791016
0.0249023 0.415038
-0.000644532 0.0107422
-0.0104882 0.174803
-0.00193359 0.0322266
0.0199805 0.333008
-0.00533203 0.0888671
0.00298829 0.0498048
-0.00451173 0.0751954
0.00158203 0.0263672
0.0236133 0.393555
0.0152929 0.254883
0.00427735 0.0712891
0.00427735 0.0712891
-0.0101367 0.168945
0.00908203 0.151367
-0.00333985 0.0556641
0.0047461 0.0791016
-0.00298829 0.0498048
-0.0196289 0.327148
0.00416016 0.0693359
0.00861328 0.143555
-0.00732423 0.12207
0.00521484 0.086914
0.000292969 0.00488282
0.0148242 0.24707
-0.00275391 0.0458984
5.8594E-05 0.000976567
0.0100195 0.166992
0.00439453 0.0732422
0.0093164 0.155273
-0.00955078 0.15918
-0.00591797 0.0986328
-0.0149414 0.249023
-0.0169335 0.282226
0.00404297 0.0673828
0.00673828 0.112305
-0.0175195 0.291992
-0.00392579 0.0654298
-0.00509766 0.084961
0.00287109 0.0478516
-0.00416016 0.0693359
-0.0121289 0.202148
0.00708985 0.118164
0.00310547 0.0517578
-0.0055664 0.0927734
-0.00498047 0.0830079
0.00123047 0.0205078
-0.00322266 0.0537109
-0.00451173 0.0751954
0.00228516 0.0380859
-0.00580079 0.0966798
0.000410157 0.00683594
0.00615235 0.102539
0.00146484 0.0244141
-0.0154101 0.256835
-0.00638673 0.106445
-0.000996095 0.0166016
-0.00251953 0.0419922
-0.00908203 0.151367
0.00123047 0.0205078
-0.00216797 0.0361328
-0.00603516 0.100586
0.000527344 0.00878907
-0.00333985 0.0556641
-0.0250195 0.416992
0.00158203 0.0263672
-0.00228516 0.0380859
0.0122461 0.204102
0.00322266 0.0537109
-0.000292969 0.00488282
-0.000761719 0.0126953
-0.0107226 0.17871
0.00462891 0.0771485
-0.0138867 0.231445
-0.0155273 0.258788
0.00228516 0.0380859
0.00966797 0.161133
0.00638673 0.106445
-0.0195117 0.325195
-0.0123632 0.206054
0.00369141 0.0615235
-0.0191601 0.319335
-0.000410157 0.00683594
0.0083789 0.139648
-0.00123047 0.0205078
-0.00662109 0.110351
0.00263672 0.0439453
-0.00509766 0.084961
0.00416016 0.0693359
-0.00650391 0.108399
0.00462891 0.0771485
0.00509766 0.084961
-0.00720704 0.120117
-0.000996095 0.0166016
0.00322266 0.0537109
-0.00626953 0.104492
-0.00205079 0.0341798
0.00521484 0.086914
0.0166992 0.27832
-0.000644532 0.0107422
0.0143554 0.239257
0.00509766 0.084961
-0.0122461 0.204102
-0.0154101 0.256835
0.00978516 0.163086
-0.00591797 0.0986328
-0.0188086 0.313477
0.00357423 0.0595704
0.00533203 0.0888671
-0.00873046 0.145508
0.00568359 0.0947266
0.000644532 0.0107422
-0.00228516 0.0380859
0.010957 0.182617
0.0134179 0.223632
0.00205079 0.0341798
-0.00240235 0.0400391
-0.0127148 0.211913
-0.00779297 0.129883
0.00521484 0.086914
0.00158203 0.0263672
0.0107226 0.17871
-0.014707 0.245117
-0.010957 0.182617
-0.00720704 0.120117
0.00158203 0.0263672
0.00861328 0.143555
0.00310547 0.0517578
0.00486329 0.0810548
-0.0100195 0.166992
-0.000527344 0.00878907
-0.000410157 0.00683594
-0.0143554 0.239257
-0.00943359 0.157227
-0.00169922 0.0283203
0.00287109 0.0478516
-0.00685546 0.114258
-0.0138867 0.231445
-0.00333985 0.0556641
0.00462891 0.0771485
0.0110742 0.18457
5.8594E-05 0.000976567
-0.00544922 0.0908203
-0.000527344 0.00878907
0.00193359 0.0322266
-0.0121289 0.202148
0.0159961 0.266602
0.00591797 0.0986328
0.00826171 0.137695
-0.00158203 0.0263672
0.000761719 0.0126953
-0.0217383 0.362305
-0.00943359 0.157227
