0.00591797 0.0986328
0.00275391 0.0458984
0.00732423 0.12207
0.00404297 0.0673828
-0.0133007 0.221678
0.000996095 0.0166016
0.0117773 0.196289
0.0047461 0.0791016
-0.0175195 0.291992
-0.0257226 0.42871
-0.00662109 0.110351
-0.00251953 0.0419922
-0.0107226 0.17871
0.00345703 0.0576173
0.0169335 0.282226
0.000761719 0.0126953
0.00345703 0.0576173
-0.00439453 0.0732422
0.000527344 0.00878907
0.00814452 0.135742
0.00720704 0.120117
0.00322266 0.0537109
0.00287109 0.0478516
-0.00521484 0.086914
-0.00498047 0.0830079
-0.00978516 0.163086
0.00521484 0.086914
0.00193359 0.0322266
0.025957 0.432617
0.00357423 0.0595704
-0.00439453 0.0732422
0.00251953 0.0419922
0.0121289 0.202148
0.0136523 0.227538
0.0133007 0.221678
-0.000410157 0.00683594
-0.0163476 0.27246
0.00169922 0.0283203
-0.0127148 0.211913
-0.00533203 0.0888671
-0.00873046 0.145508
0.00275391 0.0458984
-0.00568359 0.0947266
-0.00908203 0.151367
-0.00849609 0.141601
0.0161133 0.268555
0.00158203 0.0263672
-0.00228516 0.0380859
0.00966797 0.161133
-0.0124804 0.208007
0.00509766 0.084961
0.011543 0.192383
0.000644532 0.0107422
0.0113086 0.188477
-0.000292969 0.00488282
0.00544922 0.0908203
0.0111914 0.186523
-0.014707 0.245117
-0.00240235 0.0400391
0.00251953 0.0419922
-0.00533203 0.0888671
-0.00873046 0.145508
-0.00861328 0.143555
-0.0108398 0.180663
0.0108398 0.180663
-0.014121 0.235351
-0.0215039 0.358398
0.00966797 0.161133
-0.000878906 0.0146484
0.00498047 0.0830079
-0.0155273 0.258788
-0.00580079 0.0966798
0.0055664 0.0927734
0.00263672 0.0439453
0.00451173 0.0751954
0.00814452 0.135742
-0.00673828 0.112305
0.0223243 0.372072
-0.00451173 0.0751954
-0.000292969 0.00488282
0.00181641 0.0302734
0.0055664 0.0927734
0.00861328 0.143555
-0.0179882 0.299803
0.00345703 0.0576173
0.00357423 0.0595704
-0.00322266 0.0537109
-0.000410157 0.00683594
0.00322266 0.0537109
0.00240235 0.0400391
-0.00462891 0.0771485
0.00521484 0.086914
-0.00169922 0.0283203
0.014707 0.245117
-0.0163476 0.27246
-0.00580079 0.0966798
-0.00251953 0.0419922
0.010371 0.172851
-0.00205079 0.0341798
0.000527344 0.00878907
-0.00498047 0.0830079
-0.00275391 0.0458984
0.00509766 0.084961
-0.00275391 0.0458984
-0.00392579 0.0654298
-0.0100195 0.166992
-0.00392579 0.0654298
-0.0038086 0.0634766
-0.0150586 0.250977
-0.000175782 0.00292969
0.0047461 0.0791016
-0.0118945 0.198242
0.000644532 0.0107422
-0.00509766 0.084961
-0.0055664 0.0927734
-0.0213867 0.356445
0.0155273 0.258788
0.00240235 0.0400391
0.0122461 0.204102
-0.014121 0.235351
-0.0102539 0.170898
0.0148242 0.24707
-0.00369141 0.0615235
0.0127148 0.211913
-0.0149414 0.249023
-0.00908203 0.151367
-0.00521484 0.086914
-0.000292969 0.00488282
0.0211523 0.352538
-0.00123047 0.0205078
-0.00451173 0.0751954
0.0122461 0.204102
-0.0111914 0.186523
0.0181054 0.301757
-0.0107226 0.17871
0.00369141 0.0615235
-0.000527344 0.00878907
-0.00955078 0.15918
-0.0152929 0.254883
0.00849609 0.141601
-0.00521484 0.086914
0.00263672 0.0439453
0.000527344 0.00878907
0.0134179 0.223632
0.00345703 0.0576173
0.000410157 0.00683594
-0.0093164 0.155273
-5.8594E-05 0.000976567
0.014121 0.235351
-0.010371 0.172851
0.00369141 0.0615235
-0.00638673 0.106445
0.000292969 0.00488282
-0.00662109 0.110351
-0.00345703 0.0576173
-0.00123047 0.0205078
0.00298829 0.0498048
0.00720704 0.120117
0.000878906 0.0146484
-0.00392579 0.0654298
0.00509766 0.084961
-0.00591797 0.0986328
-0.00251953 0.0419922
0.0055664 0.0927734
-0.00509766 0.084961
-0.0083789 0.139648
-0.00919922 0.15332
-0.0055664 0.0927734
-0.010957 0.182617
0.00427735 0.0712891
-0.00416016 0.0693359
-0.00955078 0.15918
-0.0083789 0.139648
-0.00439453 0.0732422
-0.0123632 0.206054
0.00990233 0.165039
-0.00919922 0.15332
0.00884765 0.147461
-0.0140039 0.233398
0.00791016 0.131836
0.0215039 0.358398
-0.00322266 0.0537109
0.00427735 0.0712891
-0.0055664 0.0927734
-0.00439453 0.0732422
-0.00568359 0.0947266
-0.00404297 0.0673828
-0.00111328 0.0185547
-0.00861328 0.143555
0.00966797 0.161133
-0.0149414 0.249023
-0.00673828 0.112305
-0.00228516 0.0380859
0.020332 0.338867
0.00357423 0.0595704
-0.00181641 0.0302734
-0.000527344 0.00878907
0.0114258 0.19043
0.0170507 0.284178
0.00169922 0.0283203
