-0.0111914 0.186523
0.0450586 0.750977
0.00884765 0.147461
0.00978516 0.163086
0.0298242 0.49707
0.0430664 0.717773
-0.0102539 0.170898
-0.0196289 0.327148
0.00134766 0.0224609
0.0111914 0.186523
0.00779297 0.129883
-0.0459961 0.766602
0.0373242 0.62207
-0.000527344 0.00878907
-0.0326367 0.543946
-0.0347461 0.579101
0.0339257 0.565428
0.00205079 0.0341798
-0.0599414 0.999023
0.0117773 0.196289
0.00216797 0.0361328
-0.0111914 0.186523
-0.00439453 0.0732422
0.00978516 0.163086
0.0319336 0.532227
-0.0171679 0.286132
0.00123047 0.0205078
0.00181641 0.0302734
0.0101367 0.168945
-0.0162305 0.270508
0.0279492 0.46582
0.00111328 0.0185547
-0.0177539 0.295898
-0.0142382 0.237303
0.00708985 0.118164
-0.0110742 0.18457
0.00802734 0.133789
0.0118945 0.198242
0.00357423 0.0595704
0.0143554 0.239257
-0.00498047 0.0830079
0.0224415 0.374024
0.0202148 0.336914
0.00181641 0.0302734
-0.0129492 0.21582
-0.00580079 0.0966798
-0.0581836 0.969727
0.0106054 0.176757
-0.0425976 0.70996
0.0229102 0.381837
-0.0332226 0.553711
0.0552539 0.920898
0.000292969 0.00488282
-0.0210351 0.350585
0.0333398 0.555663
-0.0359179 0.598632
0.00521484 0.086914
0.0399023 0.665038
0.00568359 0.0947266
-0.0302929 0.504883
-0.0404883 0.674805
0.0225586 0.375977
-0.0236133 0.393555
0.0407227 0.678712
0.010957 0.182617
-0.0299414 0.499023
0.0101367 0.168945
0.0213867 0.356445
0.00943359 0.157227
0.0143554 0.239257
-0.0106054 0.176757
0.0502148 0.836913
0.000644532 0.0107422
-0.00908203 0.151367
0.0285351 0.475585
-0.0254882 0.424803
-0.0125976 0.20996
0.0273633 0.456055
0.0196289 0.327148
0.0341601 0.569335
-0.0137695 0.229492
-0.00169922 0.0283203
-0.00966797 0.161133
0.014121 0.235351
0.0362695 0.604492
-0.0199805 0.333008
-0.0499804 0.833007
-0.0163476 0.27246
-0.0236133 0.393555
-0.0166992 0.27832
-0.000644532 0.0107422
-0.0166992 0.27832
-0.0362695 0.604492
0.022793 0.379883
-0.00427735 0.0712891
-0.0271289 0.452148
0.0233789 0.389648
-0.0418945 0.698242
-0.0358007 0.596679
0.00345703 0.0576173
-0.0211523 0.352538
-0.0142382 0.237303
-0.0205664 0.342773
-0.00791016 0.131836
0.0189258 0.31543
0.00298829 0.0498048
0.012832 0.213867
-0.0216211 0.360352
-0.0211523 0.352538
-0.00802734 0.133789
0.0249023 0.415038
0.00779297 0.129883
-0.0075586 0.125977
5.8594E-05 0.000976567
-0.00169922 0.0283203
0.0038086 0.0634766
5.8594E-05 0.000976567
0.0292382 0.487303
0.0148242 0.24707
-0.00626953 0.104492
0.00263672 0.0439453
-0.00345703 0.0576173
0.00193359 0.0322266
0.0370898 0.618164
-0.00111328 0.0185547
0.0593554 0.989257
0.0280664 0.467773
-0.0183398 0.305663
0.0314648 0.524413
-0.00720704 0.120117
-0.0130664 0.217773
-0.0121289 0.202148
-0.00744141 0.124024
-0.0413086 0.688477
0.0159961 0.266602
0.0123632 0.206054
-0.0209179 0.348632
-0.0107226 0.17871
0.029121 0.485351
0.0346289 0.577148
0.0172851 0.288085
0.00697266 0.116211
-0.00486329 0.0810548
-0.00521484 0.086914
-0.0284179 0.473632
0.0162305 0.270508
-0.0202148 0.336914
-5.8594E-05 0.000976567
0.0166992 0.27832
0.0379101 0.631835
-0.0517383 0.862305
0.0142382 0.237303
-0.0210351 0.350585
0.0599414 0.999023
-0.0245507 0.409178
0.0354492 0.59082
-0.0075586 0.125977
-0.00322266 0.0537109
-0.0382617 0.637695
0.0200977 0.334962
0.0268945 0.448242
-0.012832 0.213867
0.0329883 0.549805
-0.00134766 0.0224609
-0.0393164 0.655273
0.0348632 0.581053
0.00486329 0.0810548
0.000878906 0.0146484
0.0193945 0.323242
-0.000410157 0.00683594
0.0418945 0.698242
0.0229102 0.381837
-0.000878906 0.0146484
-0.00943359 0.157227
-0.0258398 0.430663
-0.00404297 0.0673828
-0.0454102 0.756837
0.0342773 0.571288
-0.0268945 0.448242
-0.00673828 0.112305
0.0404883 0.674805
0.0075586 0.125977
0.0268945 0.448242
-0.00662109 0.110351
0.00978516 0.163086
-0.0283007 0.471678
-0.00802734 0.133789
0.0219727 0.366212
-0.0212695 0.354492
0.0431836 0.719727
-0.010371 0.172851
0.0114258 0.19043
0.0368555 0.614258
-0.0137695 0.229492
-0.0190429 0.317383
-0.0333398 0.555663
-0.0260742 0.43457
-0.0163476 0.27246
0.020332 0.338867
0.00908203 0.151367
