0.0100195 0.166992
0.0172851 0.288085
-0.0219727 0.366212
0.00884765 0.147461
-0.0124804 0.208007
-0.00802734 0.133789
-0.00849609 0.141601
0.0177539 0.295898
0.0123632 0.206054
0.0326367 0.543946
-0.00544922 0.0908203
-0.00662109 0.110351
-0.00720704 0.120117
-0.0140039 0.233398
0.000996095 0.0166016
0.0121289 0.202148
0.0238476 0.39746
-0.029707 0.495117
0.00873046 0.145508
0.00158203 0.0263672
-0.0157617 0.262695
0.010957 0.182617
0.00169922 0.0283203
0.00369141 0.0615235
-0.0368555 0.614258
-0.00884765 0.147461
-0.0459961 0.766602
0.00908203 0.151367
-0.0345117 0.575195
-0.00462891 0.0771485
-0.024082 0.401367
-0.00732423 0.12207
-0.00685546 0.114258
0.0188086 0.313477
0.0171679 0.286132
0.0208007 0.346679
-0.0210351 0.350585
-0.00626953 0.104492
-0.0258398 0.430663
-0.00802734 0.133789
-0.027832 0.463867
0.00767578 0.12793
-0.00146484 0.0244141
0.0138867 0.231445
-0.0144726 0.24121
0.00111328 0.0185547
-0.00287109 0.0478516
0.0124804 0.208007
-0.0143554 0.239257
0.00263672 0.0439453
-0.0130664 0.217773
0.0038086 0.0634766
-0.00451173 0.0751954
-0.00732423 0.12207
-0.00791016 0.131836
0.00298829 0.0498048
-0.00779297 0.129883
0.00498047 0.0830079
-0.00439453 0.0732422
-0.0123632 0.206054
-0.000527344 0.00878907
-0.0125976 0.20996
-0.000175782 0.00292969
0.000292969 0.00488282
-0.0325196 0.541993
0.0224415 0.374024
0.00369141 0.0615235
0.00146484 0.0244141
0.0216211 0.360352
0.000996095 0.0166016
-0.00802734 0.133789
0.0149414 0.249023
-0.00849609 0.141601
-0.0216211 0.360352
-0.0055664 0.0927734
-0.0298242 0.49707
-0.0143554 0.239257
-0.0122461 0.204102
-0.0339257 0.565428
0.0083789 0.139648
0.000761719 0.0126953
0.0136523 0.227538
0.00169922 0.0283203
-0.00451173 0.0751954
0.0134179 0.223632
-0.00826171 0.137695
0.0169335 0.282226
0.0327539 0.545898
-0.00451173 0.0751954
-0.0215039 0.358398
-0.0134179 0.223632
0.00990233 0.165039
-0.00802734 0.133789
-0.000410157 0.00683594
-0.0245507 0.409178
-0.00416016 0.0693359
0.0322852 0.538087
-0.0166992 0.27832
-0.000996095 0.0166016
-0.00357423 0.0595704
-0.0327539 0.545898
-0.00345703 0.0576173
-0.0121289 0.202148
-0.0142382 0.237303
-0.0358007 0.596679
0.0202148 0.336914
0.0143554 0.239257
0.0100195 0.166992
-0.0131835 0.219726
0.012832 0.213867
-0.0125976 0.20996
-0.00498047 0.0830079
-0.00111328 0.0185547
-0.000527344 0.00878907
-0.0038086 0.0634766
0.0190429 0.317383
0.00814452 0.135742
0.0217383 0.362305
0.025371 0.422851
-0.012832 0.213867
-0.0311132 0.518553
0.00123047 0.0205078
-0.0223243 0.372072
-0.0183398 0.305663
-0.0275977 0.459962
-0.0083789 0.139648
-0.00591797 0.0986328
-0.00345703 0.0576173
0.0038086 0.0634766
0.0316992 0.52832
-0.00275391 0.0458984
-0.0328711 0.547852
-0.0332226 0.553711
0.024082 0.401367
-0.0114258 0.19043
-0.00263672 0.0439453
0.00650391 0.108399
0.00767578 0.12793
-0.00123047 0.0205078
0.00978516 0.163086
0.00580079 0.0966798
-0.0333398 0.555663
0.0047461 0.0791016
-0.0191601 0.319335
-0.0209179 0.348632
0.0102539 0.170898
-0.00193359 0.0322266
-0.0159961 0.266602
-0.0181054 0.301757
0.0083789 0.139648
0.00287109 0.0478516
0.00392579 0.0654298
-0.0225586 0.375977
0.00990233 0.165039
-0.00169922 0.0283203
0.0179882 0.299803
-0.00111328 0.0185547
-0.00919922 0.15332
-0.0038086 0.0634766
-0.0104882 0.174803
-0.00955078 0.15918
-0.0256054 0.426757
-0.00275391 0.0458984
0.00216797 0.0361328
-0.00767578 0.12793
0.0136523 0.227538
0.0260742 0.43457
-0.0316992 0.52832
-0.0093164 0.155273
0.00720704 0.120117
0.00791016 0.131836
0.00802734 0.133789
-0.0361523 0.602538
-0.0188086 0.313477
0.0177539 0.295898
-0.000527344 0.00878907
0.00873046 0.145508
0.010371 0.172851
0.0175195 0.291992
0.0270117 0.450195
-0.0136523 0.227538
-0.00580079 0.0966798
0.00322266 0.0537109
-0.0116602 0.194337
0.0116602 0.194337
0.0232617 0.387695
0.00849609 0.141601
-0.00861328 0.143555
0.00181641 0.0302734
-0.000292969 0.00488282
-0.00451173 0.0751954
-0.00955078 0.15918
-0.00638673 0.106445
0.00955078 0.15918
-0.0265429 0.442383
-0.00955078 0.15918
-5.8594E-05 0.000976567
-0.0295898 0.493163
0.00486329 0.0810548
-0.018457 0.307617
-0.00955078 0.15918
0.00240235 0.0400391
-0.00111328 0.0185547
-0.0114258 0.19043
-0.00791016 0.131836
0.0257226 0.42871
-0.00345703 0.0576173
0.00544922 0.0908203
0.0273633 0.456055
0.0134179 0.223632
0.0237305 0.395508
-0.0113086 0.188477
-0.0183398 0.305663
-0.0106054 0.176757
-0.00591797 0.0986328
0.00123047 0.0205078
-0.0215039 0.358398
-0.000761719 0.0126953
0.0108398 0.180663
-0.0273633 0.456055
0.0197461 0.329102
-0.0131835 0.219726
-0.0245507 0.409178
0.00357423 0.0595704
0.0202148 0.336914
0.0182226 0.30371
0.0129492 0.21582
0.0376757 0.627929
0.0108398 0.180663
0.0280664 0.467773
0.0161133 0.268555
-0.000644532 0.0107422
-0.0281835 0.469726
-0.00357423 0.0595704
0.00791016 0.131836
0.0217383 0.362305
-0.0133007 0.221678
-0.00966797 0.161133
-0.0215039 0.358398
0.00978516 0.163086
0.0159961 0.266602
0.0038086 0.0634766
-0.00919922 0.15332
0.00158203 0.0263672
-0.0164648 0.274413
0.0336914 0.561523
-0.0169335 0.282226
0.0118945 0.198242
0.0273633 0.456055
-0.0247851 0.413085
0.0261914 0.436523
0.0142382 0.237303
-0.0106054 0.176757
-0.0211523 0.352538
-0.0383789 0.639648
-0.0171679 0.286132
0.0127148 0.211913
-0.0124804 0.208007
0.0118945 0.198242
-0.0145898 0.243163
0.0284179 0.473632
-0.0164648 0.274413
0.00966797 0.161133
-0.00943359 0.157227
-0.00685546 0.114258
-0.0346289 0.577148
-0.0136523 0.227538
-5.8594E-05 0.000976567
-0.00720704 0.120117
0.0149414 0.249023
0.0117773 0.196289
-5.8594E-05 0.000976567
0.0113086 0.188477
-0.029121 0.485351
-0.00533203 0.0888671
-0.00884765 0.147461
0.00626953 0.104492
-0.00978516 0.163086
-0.0179882 0.299803
0.0121289 0.202148
0.0102539 0.170898
0.0313476 0.52246
-0.0117773 0.196289
0.018457 0.307617
-0.000878906 0.0146484
-0.00310547 0.0517578
-0.0121289 0.202148
-0.0200977 0.334962
-0.00662109 0.110351
-0.00791016 0.131836
0.00275391 0.0458984
0.0140039 0.233398
0.0274805 0.458008
0.0231445 0.385742
0.0199805 0.333008
-0.0196289 0.327148
0.00779297 0.129883
0.00685546 0.114258
-0.0162305 0.270508
0.00955078 0.15918
0.0261914 0.436523
-0.00955078 0.15918
0.000410157 0.00683594
-0.00181641 0.0302734
-0.000996095 0.0166016
0.0400195 0.666992
0.00591797 0.0986328
-0.00791016 0.131836
-0.0120117 0.200195
0.00169922 0.0283203
-0.00216797 0.0361328
0.022793 0.379883
-0.00181641 0.0302734
0.0127148 0.211913
-0.00580079 0.0966798
0.00568359 0.0947266
0.0256054 0.426757
0.00392579 0.0654298
-0.016582 0.276367
-0.0106054 0.176757
0.0122461 0.204102
0.00322266 0.0537109
0.0261914 0.436523
0.0346289 0.577148
-0.00896484 0.149414
-0.00720704 0.120117
0.035332 0.588867
0.00767578 0.12793
0.0150586 0.250977
0.00345703 0.0576173
0.000175782 0.00292969
-0.00333985 0.0556641
-0.00884765 0.147461
-0.0145898 0.243163
0.00298829 0.0498048
0.0134179 0.223632
-0.0138867 0.231445
-0.00181641 0.0302734
-0.0179882 0.299803
0.00626953 0.104492
0.00392579 0.0654298
0.00123047 0.0205078
0.000292969 0.00488282
-5.8594E-05 0.000976567
0.00205079 0.0341798
0.00193359 0.0322266
0.00169922 0.0283203
-0.0231445 0.385742
0.00544922 0.0908203
0.0137695 0.229492
0.011543 0.192383
-0.0158789 0.264648
0.0241992 0.40332
-0.0127148 0.211913
0.0252539 0.420898
0.0197461 0.329102
0.0237305 0.395508
-0.0158789 0.264648
-0.0135351 0.225585
-0.00427735 0.0712891
0.00955078 0.15918
-0.00720704 0.120117
-0.0206836 0.344727
0.00404297 0.0673828
0.00416016 0.0693359
0.0346289 0.577148
0.00544922 0.0908203
-0.0202148 0.336914
-0.010957 0.182617
0.00697266 0.116211
-0.00919922 0.15332
5.8594E-05 0.000976567
0.000292969 0.00488282
-0.0166992 0.27832
-0.0111914 0.186523
0.0131835 0.219726
-0.0055664 0.0927734
-0.0307617 0.512695
0.00228516 0.0380859
-0.00134766 0.0224609
-0.0260742 0.43457
0.0136523 0.227538
0.0287695 0.479492
0.0140039 0.233398
0.0145898 0.243163
0.00826171 0.137695
-0.00146484 0.0244141
-0.00462891 0.0771485
-0.00603516 0.100586
-0.000292969 0.00488282
-0.00568359 0.0947266
-0.00181641 0.0302734
-0.0199805 0.333008
-0.0288867 0.481445
0.0136523 0.227538
0.0163476 0.27246
0.00767578 0.12793
-0.0164648 0.274413
-0.0234961 0.391602
-0.00685546 0.114258
-0.00345703 0.0576173
0.0196289 0.327148
0.00240235 0.0400391
-0.000292969 0.00488282
-0.0148242 0.24707
0.0294726 0.49121
-0.00392579 0.0654298
0.0055664 0.0927734
-0.0144726 0.24121
0.0151758 0.25293
-0.00369141 0.0615235
-0.0171679 0.286132
-0.000878906 0.0146484
0.00533203 0.0888671
0.0288867 0.481445
0.0260742 0.43457
-0.00744141 0.124024
0.00896484 0.149414
0.00427735 0.0712891
0.00498047 0.0830079
-0.0047461 0.0791016
0.00732423 0.12207
0.00439453 0.0732422
0.0124804 0.208007
0.00298829 0.0498048
-0.0312304 0.520507
-0.00158203 0.0263672
0.0111914 0.186523
0.000292969 0.00488282
-0.00568359 0.0947266
0.0264258 0.44043
-0.0140039 0.233398
-0.0191601 0.319335
0.00533203 0.0888671
-0.0159961 0.266602
-0.0113086 0.188477
-0.012832 0.213867
0.0319336 0.532227
-0.00708985 0.118164
0.0133007 0.221678
0.0217383 0.362305
0.00345703 0.0576173
0.0328711 0.547852
-0.0150586 0.250977
0.00580079 0.0966798
-0.00720704 0.120117
-0.00708985 0.118164
0.0137695 0.229492
0.0107226 0.17871
-0.0166992 0.27832
-0.0216211 0.360352
-0.00603516 0.100586
0.00216797 0.0361328
0.00685546 0.114258
0.00955078 0.15918
0.000292969 0.00488282
-0.00275391 0.0458984
0.00943359 0.157227
-0.0135351 0.225585
0.0177539 0.295898
0.0332226 0.553711
0.00275391 0.0458984
0.0189258 0.31543
-0.00146484 0.0244141
-0.0229102 0.381837
-0.0219727 0.366212
-0.00275391 0.0458984
0.00287109 0.0478516
0.029707 0.495117
0.0215039 0.358398
-0.0162305 0.270508
-0.0208007 0.346679
-0.0277148 0.461914
0.025371 0.422851
0.0179882 0.299803
-0.0238476 0.39746
-0.00744141 0.124024
-0.010957 0.182617
0.0155273 0.258788
0.00615235 0.102539
-0.00978516 0.163086
-0.0114258 0.19043
0.00708985 0.118164
0.0166992 0.27832
-0.00544922 0.0908203
-0.00603516 0.100586
0.0093164 0.155273
-0.0191601 0.319335
0.00146484 0.0244141
0.0157617 0.262695
0.0129492 0.21582
0.00357423 0.0595704
0.00978516 0.163086
-0.000644532 0.0107422
-0.00181641 0.0302734
0.00333985 0.0556641
0.0190429 0.317383
0.00123047 0.0205078
-0.0149414 0.249023
-0.0120117 0.200195
