-0.0157617 0.262695
-0.00697266 0.116211
0.0263086 0.438477
-0.041543 0.692383
-0.00134766 0.0224609
-0.014707 0.245117
-0.0599414 0.999023
0.0216211 0.360352
-0.0348632 0.581053
-0.0137695 0.229492
-0.0174023 0.290038
-0.0599414 0.999023
0.0208007 0.346679
0.016582 0.276367
0.0595898 0.993163
-0.0599414 0.999023
-0.0125976 0.20996
0.0599414 0.999023
-0.0409571 0.682618
0.0391992 0.65332
0.00732423 0.12207
-0.0148242 0.24707
0.0159961 0.266602
0.0192773 0.321288
-0.00708985 0.118164
0.0340429 0.567382
0.0124804 0.208007
0.0164648 0.274413
0.0365039 0.608398
0.0403711 0.672852
-0.0151758 0.25293
-0.0229102 0.381837
0.0322852 0.538087
-0.0308789 0.514648
-0.0106054 0.176757
0.0131835 0.219726
0.0552539 0.920898
-0.0599414 0.999023
0.0599414 0.999023
0.0243164 0.405273
-0.0394336 0.657227
0.0342773 0.571288
-0.0418945 0.698242
-0.0341601 0.569335
-0.000527344 0.00878907
0.00767578 0.12793
-0.0093164 0.155273
0.0370898 0.618164
-0.0496289 0.827148
-0.033457 0.557617
-0.0281835 0.469726
-0.0209179 0.348632
-0.0304101 0.506835
0.0520898 0.868164
0.0275977 0.459962
0.0250195 0.416992
0.0402539 0.670898
-0.0579492 0.96582
0.0599414 0.999023
0.00451173 0.0751954
-0.0198633 0.331055
-0.0352148 0.586913
-0.0283007 0.471678
-0.0232617 0.387695
-0.0599414 0.999023
-0.0599414 0.999023
-0.00533203 0.0888671
0.0246679 0.411132
-0.0599414 0.999023
-0.0595898 0.993163
0.0220899 0.368165
-0.00509766 0.084961
0.0243164 0.405273
0.0409571 0.682618
-0.00521484 0.086914
0.0599414 0.999023
-0.0403711 0.672852
-0.0328711 0.547852
0.00626953 0.104492
-0.00826171 0.137695
0.00626953 0.104492
-0.0335742 0.55957
0.0148242 0.24707
-0.00708985 0.118164
0.0458789 0.764648
0.031582 0.526367
0.0599414 0.999023
-0.0169335 0.282226
0.0411914 0.686523
-0.0599414 0.999023
-0.042832 0.713867
-0.0599414 0.999023
0.0164648 0.274413
0.0595898 0.993163
0.0599414 0.999023
0.0375586 0.625977
0.0193945 0.323242
0.0463476 0.77246
-0.00123047 0.0205078
-0.0159961 0.266602
-0.0329883 0.549805
0.0313476 0.52246
0.0599414 0.999023
-0.0599414 0.999023
-0.011543 0.192383
0.00169922 0.0283203
0.0108398 0.180663
-0.0599414 0.999023
-0.0475195 0.791992
-0.0599414 0.999023
-0.0599414 0.999023
-0.0556055 0.926758
-0.0496289 0.827148
0.0286523 0.477538
0.0599414 0.999023
-0.0055664 0.0927734
-0.0450586 0.750977
0.0131835 0.219726
0.0113086 0.188477
0.00826171 0.137695
0.0370898 0.618164
-0.0533789 0.889648
0.020332 0.338867
0.0110742 0.18457
0.0599414 0.999023
-0.0599414 0.999023
0.0599414 0.999023
-0.0241992 0.40332
0.0299414 0.499023
0.0215039 0.358398
0.0599414 0.999023
-0.0133007 0.221678
-0.0599414 0.999023
0.0599414 0.999023
-0.0581836 0.969727
-0.0350976 0.58496
0.0122461 0.204102
0.00345703 0.0576173
-0.018457 0.307617
-0.0101367 0.168945
-0.0324024 0.54004
-0.0312304 0.520507
0.0285351 0.475585
-0.00873046 0.145508
0.0131835 0.219726
-0.00990233 0.165039
0.0093164 0.155273
0.025957 0.432617
-0.0599414 0.999023
0.0599414 0.999023
-0.0416601 0.694336
-0.0599414 0.999023
0.0599414 0.999023
-0.00568359 0.0947266
-0.027832 0.463867
-0.0301758 0.50293
-0.0171679 0.286132
-0.041543 0.692383
-0.0277148 0.461914
-0.0393164 0.655273
-0.00158203 0.0263672
0.00673828 0.112305
0.000175782 0.00292969
0.0247851 0.413085
0.0100195 0.166992
0.0225586 0.375977
0.0510351 0.850585
-0.0286523 0.477538
0.00697266 0.116211
0.022793 0.379883
0.0599414 0.999023
-0.0394336 0.657227
0.0599414 0.999023
0.022793 0.379883
0.00697266 0.116211
-0.0166992 0.27832
-0.0478711 0.797852
-0.0599414 0.999023
0.0599414 0.999023
-0.00591797 0.0986328
0.0599414 0.999023
-0.052793 0.879883
-0.000761719 0.0126953
-0.0272461 0.454102
-0.0599414 0.999023
-0.0598242 0.99707
0.029121 0.485351
0.0266601 0.444335
-0.0107226 0.17871
0.0490429 0.817382
0.035332 0.588867
0.0599414 0.999023
-0.00521484 0.086914
-0.0331055 0.551758
-0.00169922 0.0283203
0.0395508 0.65918
-0.0308789 0.514648
0.0458789 0.764648
0.0239648 0.399413
0.0599414 0.999023
