-0.00328125 0.0546875 1.19155E-10
-0.00796875 0.132812 1.18366E-10
0.0135937 0.226562 1.20651E-10
0.0107812 0.179688 1.19844E-10
0.00421875 0.0703125 1.17302E-10
0.0126562 0.210938 1.17564E-10
-0.00703125 0.117188 1.16844E-10
0.00046875 0.0078125 1.19543E-10
-0.00609375 0.101563 1.20059E-10
0.00421875 0.0703125 1.17472E-10
0.0164062 0.273437 1.19302E-10
0.0154687 0.257812 1.18284E-10
0.00234375 0.0390625 1.20032E-10
-0.00984375 0.164062 1.17957E-10
-0.0173437 0.289062 1.19982E-10
-0.00140625 0.0234375 1.20121E-10
-0.00515625 0.0859375 1.18248E-10
-0.00796875 0.132812 1.17285E-10
-0.0182812 0.304688 1.19816E-10
0.0117188 0.195312 1.20039E-10
0.00984375 0.164062 1.1864E-10
-0.0164062 0.273437 1.15941E-10
0.0126562 0.210938 1.20985E-10
0.0117188 0.195312 1.20345E-10
0.0201563 0.335938 1.20552E-10
0.00140625 0.0234375 1.19066E-10
-0.00328125 0.0546875 1.17747E-10
0.00046875 0.0078125 1.17361E-10
-0.0117188 0.195312 1.1914E-10
-0.00140625 0.0234375 1.20244E-10
-0.00421875 0.0703125 1.19335E-10
0.0220313 0.367188 1.19573E-10
-0.00703125 0.117188 1.19455E-10
0.00328125 0.0546875 1.20872E-10
-0.00140625 0.0234375 1.19472E-10
-0.00890625 0.148438 1.19444E-10
0.00234375 0.0390625 1.18832E-10
0.00984375 0.164062 1.19522E-10
0.0126562 0.210938 1.1814E-10
-0.00515625 0.0859375 1.1913E-10
0.00421875 0.0703125 1.19679E-10
0.0126562 0.210938 1.19415E-10
0.00703125 0.117188 1.20751E-10
-0.00234375 0.0390625 1.19392E-10
0.0154687 0.257812 1.20662E-10
0.00703125 0.117188 1.18028E-10
0.0173437 0.289062 1.18594E-10
-0.00140625 0.0234375 1.17036E-10
0.0117188 0.195312 1.20655E-10
0.00234375 0.0390625 1.19414E-10
0.00046875 0.0078125 1.20076E-10
0.0164062 0.273437 1.16439E-10
0.0145312 0.242188 1.16787E-10
0.0239062 0.398437 1.18545E-10
-0.00796875 0.132812 1.20456E-10
-0.00890625 0.148438 1.19447E-10
0.00890625 0.148438 1.1729E-10
-0.00421875 0.0703125 1.17742E-10
0.00046875 0.0078125 1.16775E-10
0.00890625 0.148438 1.17058E-10
0.00515625 0.0859375 1.21483E-10
-0.00890625 0.148438 1.17744E-10
0.00703125 0.117188 1.1924E-10
0.0192187 0.320312 1.19532E-10
-0.00703125 0.117188 1.1921E-10
0.00140625 0.0234375 1.17471E-10
-0.00421875 0.0703125 1.1916E-10
-0.00609375 0.101563 1.21406E-10
-0.00328125 0.0546875 1.18361E-10
-0.00890625 0.148438 1.20167E-10
0.00703125 0.117188 1.19552E-10
0.00890625 0.148438 1.17764E-10
-0.0304687 0.507812 1.21206E-10
-0.00609375 0.101563 1.18183E-10
-0.00609375 0.101563 1.20056E-10
0.00703125 0.117188 1.20265E-10
-0.00234375 0.0390625 1.21363E-10
-0.00703125 0.117188 1.19041E-10
-0.00796875 0.132812 1.17453E-10
-0.00515625 0.0859375 1.15236E-10
-0.0117188 0.195312 1.17362E-10
-0.00609375 0.101563 1.18068E-10
-0.00703125 0.117188 1.17213E-10
0.0182812 0.304688 1.17005E-10
0.00140625 0.0234375 1.19178E-10
0.00140625 0.0234375 1.17982E-10
-0.00140625 0.0234375 1.18182E-10
-0.0107812 0.179688 1.19201E-10
-0.0239062 0.398437 1.20445E-10
-0.0210937 0.351562 1.19463E-10
0.00890625 0.148438 1.20658E-10
0.00046875 0.0078125 1.15927E-10
0.00421875 0.0703125 1.1997E-10
0.00328125 0.0546875 1.16892E-10
-0.00703125 0.117188 1.19338E-10
0.00703125 0.117188 1.20079E-10
-0.0192187 0.320312 1.19635E-10
0.0210937 0.351562 1.1878E-10
-0.0107812 0.179688 1.18981E-10
-0.00046875 0.0078125 1.19664E-10
0.0182812 0.304688 1.18619E-10
-0.0107812 0.179688 1.19535E-10
0.00140625 0.0234375 1.17888E-10
-0.00234375 0.0390625 1.1889E-10
-0.0107812 0.179688 1.1769E-10
0.00234375 0.0390625 1.19813E-10
0.00234375 0.0390625 1.19953E-10
0.00984375 0.164062 1.19397E-10
0.00515625 0.0859375 1.18358E-10
0.00890625 0.148438 1.19267E-10
-0.0173437 0.289062 1.18803E-10
-0.0164062 0.273437 1.19602E-10
-0.0117188 0.195312 1.18277E-10
0.0145312 0.242188 1.20393E-10
-0.0107812 0.179688 1.18632E-10
-0.00421875 0.0703125 1.18002E-10
0.0107812 0.179688 1.20133E-10
-0.00046875 0.0078125 1.20284E-10
0.00703125 0.117188 1.17912E-10
0.00890625 0.148438 1.20104E-10
-0.00234375 0.0390625 1.17272E-10
0.0107812 0.179688 1.17778E-10
-0.0285937 0.476562 1.1994E-10
0.0154687 0.257812 1.19116E-10
-0.00421875 0.0703125 1.18746E-10
-0.00328125 0.0546875 1.2013E-10
0.00140625 0.0234375 1.19574E-10
0.0135937 0.226562 1.18569E-10
-0.00234375 0.0390625 1.1954E-10
-0.0239062 0.398437 1.15226E-10
-0.00328125 0.0546875 1.18851E-10
0.00609375 0.101563 1.20461E-10
0.00328125 0.0546875 1.1963E-10
0.00140625 0.0234375 1.19049E-10
0.00796875 0.132812 1.16423E-10
0.00328125 0.0546875 1.17983E-10
-0.00046875 0.0078125 1.17042E-10
0.00234375 0.0390625 1.19801E-10
-0.00796875 0.132812 1.20131E-10
0.0135937 0.226562 1.1609E-10
-0.00796875 0.132812 1.18203E-10
0.00890625 0.148438 1.19308E-10
-0.00796875 0.132812 1.18228E-10
-0.0173437 0.289062 1.16934E-10
-0.00890625 0.148438 1.17783E-10
-0.00140625 0.0234375 1.19443E-10
-0.00796875 0.132812 1.20756E-10
0.00890625 0.148438 1.17665E-10
0.00140625 0.0234375 1.19312E-10
0.0126562 0.210938 1.17677E-10
0.00796875 0.132812 1.17794E-10
0.00796875 0.132812 1.18639E-10
-0.0117188 0.195312 1.19228E-10
-0.00984375 0.164062 1.17969E-10
0.00140625 0.0234375 1.19297E-10
0.00328125 0.0546875 1.17179E-10
0.00984375 0.164062 1.1778E-10
-0.0126562 0.210938 1.17801E-10
-0.00890625 0.148438 1.20398E-10
0.00796875 0.132812 1.19244E-10
0.0220313 0.367188 1.17978E-10
-0.00140625 0.0234375 1.16246E-10
0.00046875 0.0078125 1.19952E-10
0.0248437 0.414062 1.17083E-10
0.00140625 0.0234375 1.20059E-10
0.00515625 0.0859375 1.17726E-10
0.0154687 0.257812 1.19447E-10
0.0145312 0.242188 1.19124E-10
-0.0154687 0.257812 1.21358E-10
-0.00515625 0.0859375 1.17442E-10
-0.0192187 0.320312 1.17324E-10
0.00796875 0.132812 1.1806E-10
0.00984375 0.164062 1.18101E-10
-0.00515625 0.0859375 1.171E-10
0.0135937 0.226562 1.17718E-10
0.00234375 0.0390625 1.20513E-10
0.00421875 0.0703125 1.18627E-10
0.00421875 0.0703125 1.19295E-10
-0.0117188 0.195312 1.17683E-10
-0.0210937 0.351562 1.20607E-10
0.00421875 0.0703125 1.19573E-10
-0.00140625 0.0234375 1.2074E-10
-0.0154687 0.257812 1.19746E-10
-0.00234375 0.0390625 1.1946E-10
-0.00796875 0.132812 1.17176E-10
0.0145312 0.242188 1.19707E-10
0.00984375 0.164062 1.16706E-10
-0.0173437 0.289062 1.17526E-10
0.00328125 0.0546875 1.18164E-10
-0.0201563 0.335938 1.18834E-10
-0.00328125 0.0546875 1.21895E-10
-0.00609375 0.101563 1.20566E-10
0.00421875 0.0703125 1.20003E-10
-0.00984375 0.164062 1.1926E-10
-0.00046875 0.0078125 1.19462E-10
-0.00703125 0.117188 1.19551E-10
0.00328125 0.0546875 1.17577E-10
-0.00234375 0.0390625 1.18223E-10
0.0107812 0.179688 1.17244E-10
0.0145312 0.242188 1.20654E-10
-0.00046875 0.0078125 1.20007E-10
-0.00421875 0.0703125 1.19291E-10
-0.00890625 0.148438 1.19634E-10
0.00421875 0.0703125 1.17682E-10
0.00796875 0.132812 1.19398E-10
0.00609375 0.101563 1.17971E-10
-0.00140625 0.0234375 1.18291E-10
0.0182812 0.304688 1.1925E-10
0.00796875 0.132812 1.17176E-10
0.0117188 0.195312 1.17468E-10
0.00703125 0.117188 1.1939E-10
0.0135937 0.226562 1.19262E-10
0.0117188 0.195312 1.18442E-10
0.0117188 0.195312 1.19592E-10
0.00703125 0.117188 1.18816E-10
-0.0107812 0.179688 1.19641E-10
-0.00421875 0.0703125 1.16498E-10
-0.0107812 0.179688 1.17759E-10
-0.00703125 0.117188 1.17836E-10
-0.00796875 0.132812 1.20188E-10
0.00796875 0.132812 1.17017E-10
0.00140625 0.0234375 1.17259E-10
-0.00890625 0.148438 1.18175E-10
-0.00984375 0.164062 1.19571E-10
-0.00140625 0.0234375 1.19259E-10
0.0154687 0.257812 1.19637E-10
0.0164062 0.273437 1.18812E-10
0.0117188 0.195312 1.1898E-10
0.00890625 0.148438 1.19141E-10
-0.00890625 0.148438 1.1973E-10
0.00421875 0.0703125 1.19243E-10
0.0182812 0.304688 1.20433E-10
0.00515625 0.0859375 1.18863E-10
-0.00703125 0.117188 1.21116E-10
0.00515625 0.0859375 1.22131E-10
-0.00046875 0.0078125 1.22092E-10
0.00421875 0.0703125 1.16162E-10
-0.0182812 0.304688 1.1755E-10
0.0135937 0.226562 1.1906E-10
-0.0126562 0.210938 1.21142E-10
0.00609375 0.101563 1.17952E-10
-0.00140625 0.0234375 1.17272E-10
0.00234375 0.0390625 1.19028E-10
-0.00421875 0.0703125 1.19084E-10
-0.0145312 0.242188 1.19684E-10
-0.00703125 0.117188 1.18575E-10
0.00328125 0.0546875 1.18499E-10
-0.00234375 0.0390625 1.17094E-10
0.0210937 0.351562 1.18957E-10
-0.00609375 0.101563 1.19925E-10
-0.00984375 0.164062 1.17414E-10
-0.00984375 0.164062 1.19411E-10
0.00140625 0.0234375 1.18876E-10
-0.00046875 0.0078125 1.17312E-10
0.00890625 0.148438 1.17181E-10
0.0107812 0.179688 1.15916E-10
0.00234375 0.0390625 1.20137E-10
-0.00140625 0.0234375 1.18019E-10
0.00140625 0.0234375 1.15184E-10
-0.00984375 0.164062 1.17033E-10
-0.00140625 0.0234375 1.18054E-10
0.00796875 0.132812 1.19478E-10
-0.00703125 0.117188 1.19632E-10
-0.00515625 0.0859375 1.20122E-10
0.0239062 0.398437 1.1779E-10
-0.00703125 0.117188 1.17689E-10
0.00234375 0.0390625 1.1982E-10
0.00890625 0.148438 1.19619E-10
0.00984375 0.164062 1.18188E-10
0.0164062 0.273437 1.17353E-10
-0.00234375 0.0390625 1.19747E-10
-0.00984375 0.164062 1.18618E-10
-0.0257812 0.429688 1.1592E-10
0.00984375 0.164062 1.18712E-10
0.00984375 0.164062 1.19867E-10
0.00328125 0.0546875 1.19793E-10
-0.00890625 0.148438 1.19736E-10
0.00234375 0.0390625 1.19967E-10
0.0135937 0.226562 1.17209E-10
0.0126562 0.210938 1.19702E-10
-0.00703125 0.117188 1.16956E-10
0.00421875 0.0703125 1.17419E-10
-0.0145312 0.242188 1.19692E-10
0.0117188 0.195312 1.18978E-10
-0.00328125 0.0546875 1.16273E-10
0.0229688 0.382813 1.19419E-10
0.00046875 0.0078125 1.20551E-10
0.00515625 0.0859375 1.18866E-10
-0.0182812 0.304688 1.17741E-10
0.00703125 0.117188 1.20698E-10
0.0173437 0.289062 1.19151E-10
0.00703125 0.117188 1.19884E-10
0.00515625 0.0859375 1.19191E-10
-0.0220313 0.367188 1.19394E-10
0.00140625 0.0234375 1.18266E-10
-0.0135937 0.226562 1.20289E-10
0.00890625 0.148438 1.18791E-10
-0.00703125 0.117188 1.20661E-10
-0.0145312 0.242188 1.17748E-10
0.00046875 0.0078125 1.18813E-10
-0.00046875 0.0078125 1.19857E-10
0.00328125 0.0546875 1.20515E-10
0.00796875 0.132812 1.16466E-10
-0.00609375 0.101563 1.19445E-10
-0.00328125 0.0546875 1.18095E-10
-0.0164062 0.273437 1.20427E-10
-0.00328125 0.0546875 1.16681E-10
0.00796875 0.132812 1.17073E-10
-0.00421875 0.0703125 1.18142E-10
-0.00046875 0.0078125 1.19173E-10
0.00796875 0.132812 1.19365E-10
-0.00703125 0.117188 1.19838E-10
-0.00890625 0.148438 1.16124E-10
0.00609375 0.101563 1.19219E-10
-0.0154687 0.257812 1.21286E-10
-0.0192187 0.320312 1.19407E-10
-0.0117188 0.195312 1.19661E-10
0.00890625 0.148438 1.17198E-10
0.0135937 0.226562 1.19522E-10
-0.0182812 0.304688 1.17792E-10
-0.00703125 0.117188 1.19327E-10
0.0145312 0.242188 1.18876E-10
0.0210937 0.351562 1.19124E-10
0.00703125 0.117188 1.18255E-10
-0.00328125 0.0546875 1.17978E-10
0.0154687 0.257812 1.18923E-10
-0.00421875 0.0703125 1.19195E-10
-0.00234375 0.0390625 1.19261E-10
0.00421875 0.0703125 1.18854E-10
-0.00328125 0.0546875 1.17491E-10
-0.00140625 0.0234375 1.16803E-10
-0.00421875 0.0703125 1.18766E-10
0.0154687 0.257812 1.17573E-10
-0.00234375 0.0390625 1.19359E-10
0.0164062 0.273437 1.15775E-10
-0.00328125 0.0546875 1.16031E-10
-0.00140625 0.0234375 1.18622E-10
0.00796875 0.132812 1.16588E-10
0.0126562 0.210938 1.20194E-10
-0.00703125 0.117188 1.18993E-10
0.00046875 0.0078125 1.20746E-10
0.00140625 0.0234375 1.18723E-10
-0.00703125 0.117188 1.18263E-10
-0.00609375 0.101563 1.19042E-10
-0.00890625 0.148438 1.17057E-10
0.00609375 0.101563 1.17241E-10
0.0126562 0.210938 1.19827E-10
-0.00703125 0.117188 1.20277E-10
0.00328125 0.0546875 1.18175E-10
-0.00609375 0.101563 1.20733E-10
0.00515625 0.0859375 1.18415E-10
-0.00515625 0.0859375 1.19438E-10
-0.0182812 0.304688 1.19872E-10
-0.0117188 0.195312 1.17747E-10
0.00515625 0.0859375 1.18846E-10
-0.0248437 0.414062 1.17251E-10
-0.0117188 0.195312 1.18073E-10
-0.00046875 0.0078125 1.18302E-10
-0.0145312 0.242188 1.19059E-10
-0.00234375 0.0390625 1.15382E-10
0.00890625 0.148438 1.19362E-10
-0.00796875 0.132812 1.19642E-10
0.00234375 0.0390625 1.20252E-10
0.00421875 0.0703125 1.18092E-10
-0.00421875 0.0703125 1.17841E-10
0.00234375 0.0390625 1.17731E-10
0.00328125 0.0546875 1.19823E-10
-0.00140625 0.0234375 1.17833E-10
-0.0145312 0.242188 1.17563E-10
0.00703125 0.117188 1.18667E-10
-0.00890625 0.148438 1.18051E-10
0.00046875 0.0078125 1.19378E-10
0.0239062 0.398437 1.19871E-10
0.0135937 0.226562 1.16344E-10
-0.00703125 0.117188 1.2029E-10
-0.00140625 0.0234375 1.18992E-10
0.00046875 0.0078125 1.19711E-10
0.00515625 0.0859375 1.19191E-10
0.00140625 0.0234375 1.18858E-10
-0.00515625 0.0859375 1.20215E-10
-0.0107812 0.179688 1.19085E-10
0.00328125 0.0546875 1.19284E-10
0.0173437 0.289062 1.17921E-10
0.00984375 0.164062 1.20367E-10
0.0107812 0.179688 1.17514E-10
-0.0257812 0.429688 1.21187E-10
-0.00234375 0.0390625 1.19785E-10
0.0117188 0.195312 1.17083E-10
0.00890625 0.148438 1.16067E-10
-0.00046875 0.0078125 1.19376E-10
0.00421875 0.0703125 1.18434E-10
-0.00609375 0.101563 1.20255E-10
-0.00609375 0.101563 1.19106E-10
0.00890625 0.148438 1.18635E-10
-0.0210937 0.351562 1.17371E-10
-0.00984375 0.164062 1.17677E-10
0.00234375 0.0390625 1.17508E-10
-0.0182812 0.304688 1.19972E-10
-0.00046875 0.0078125 1.20153E-10
-0.0145312 0.242188 1.21956E-10
-0.00984375 0.164062 1.20068E-10
0.0145312 0.242188 1.18396E-10
0.00328125 0.0546875 1.18112E-10
-0.0145312 0.242188 1.191E-10
0.0126562 0.210938 1.17117E-10
0.0117188 0.195312 1.19957E-10
0.00703125 0.117188 1.16578E-10
0.00515625 0.0859375 1.18367E-10
0.00515625 0.0859375 1.18303E-10
0.00609375 0.101563 1.16739E-10
-0.0117188 0.195312 1.16703E-10
-0.0173437 0.289062 1.18314E-10
-0.0314062 0.523438 1.19559E-10
0.00984375 0.164062 1.17924E-10
0.00515625 0.0859375 1.20521E-10
-0.00046875 0.0078125 1.20128E-10
0.00703125 0.117188 1.17346E-10
-0.0182812 0.304688 1.18146E-10
0.0220313 0.367188 1.20021E-10
-0.0107812 0.179688 1.20416E-10
0.00984375 0.164062 1.18258E-10
0.0107812 0.179688 1.17837E-10
-0.0135937 0.226562 1.16981E-10
-0.00796875 0.132812 1.2053E-10
0.00703125 0.117188 1.21906E-10
0.0154687 0.257812 1.19236E-10
0.00515625 0.0859375 1.16025E-10
0.00984375 0.164062 1.19002E-10
0.00046875 0.0078125 1.19956E-10
0.00984375 0.164062 1.1707E-10
-0.00046875 0.0078125 1.19809E-10
0.0192187 0.320312 1.19573E-10
0.00984375 0.164062 1.18436E-10
0.00515625 0.0859375 1.16914E-10
0.00984375 0.164062 1.16895E-10
0.00703125 0.117188 1.17995E-10
-0.0154687 0.257812 1.18313E-10
-0.0126562 0.210938 1.16857E-10
-0.00421875 0.0703125 1.16328E-10
-0.00609375 0.101563 1.19121E-10
0.00234375 0.0390625 1.18996E-10
0.0154687 0.257812 1.16795E-10
0.0154687 0.257812 1.18902E-10
0.00046875 0.0078125 1.19865E-10
0.00703125 0.117188 1.19853E-10
0.0145312 0.242188 1.18512E-10
-0.00515625 0.0859375 1.17641E-10
0.00234375 0.0390625 1.18727E-10
-0.0201563 0.335938 1.1742E-10
-0.00703125 0.117188 1.18583E-10
-0.00515625 0.0859375 1.17649E-10
0.00515625 0.0859375 1.18456E-10
0.0107812 0.179688 1.18915E-10
-0.0135937 0.226562 1.18431E-10
0.0154687 0.257812 1.2028E-10
-0.00609375 0.101563 1.18608E-10
0.0126562 0.210938 1.1995E-10
0.00046875 0.0078125 1.21223E-10
-0.00140625 0.0234375 1.18948E-10
0.00140625 0.0234375 1.18451E-10
0.00234375 0.0390625 1.19347E-10
0.00609375 0.101563 1.21503E-10
0.00421875 0.0703125 1.20059E-10
-0.00046875 0.0078125 1.18546E-10
0.00703125 0.117188 1.20773E-10
0.00421875 0.0703125 1.1857E-10
-0.00421875 0.0703125 1.19469E-10
0.0145312 0.242188 1.16524E-10
0.0107812 0.179688 1.19887E-10
0.00515625 0.0859375 1.17088E-10
-0.0117188 0.195312 1.1666E-10
0.00046875 0.0078125 1.19942E-10
-0.00421875 0.0703125 1.19214E-10
0.00328125 0.0546875 1.18547E-10
-0.0135937 0.226562 1.17581E-10
0.00703125 0.117188 1.17838E-10
0.0126562 0.210938 1.18653E-10
-0.00796875 0.132812 1.20326E-10
-0.00984375 0.164062 1.19659E-10
0.00796875 0.132812 1.20481E-10
0.00046875 0.0078125 1.2153E-10
0.0145312 0.242188 1.19725E-10
-0.0154687 0.257812 1.20193E-10
-0.00984375 0.164062 1.20089E-10
0.00703125 0.117188 1.193E-10
0.0248437 0.414062 1.21551E-10
0.00046875 0.0078125 1.20242E-10
0.00515625 0.0859375 1.1807E-10
0.0135937 0.226562 1.169E-10
-0.00796875 0.132812 1.20269E-10
-0.00140625 0.0234375 1.19287E-10
-0.00703125 0.117188 1.21139E-10
-0.0164062 0.273437 1.20132E-10
-0.00890625 0.148438 1.17296E-10
-0.00703125 0.117188 1.1715E-10
-0.00234375 0.0390625 1.20389E-10
0.00984375 0.164062 1.19312E-10
-0.00515625 0.0859375 1.19744E-10
0.00515625 0.0859375 1.16223E-10
0.00984375 0.164062 1.19586E-10
