-0.0229688 0.382813 3.02E-10
0.00703125 0.117188 3.03219E-10
-0.0182812 0.304688 3.11162E-10
0.00046875 0.0078125 3.06867E-10
-0.00421875 0.0703125 3.14418E-10
0.00328125 0.0546875 2.90439E-10
-0.00984375 0.164062 2.99708E-10
-0.00703125 0.117188 2.98254E-10
-0.00046875 0.0078125 2.9861E-10
-0.00234375 0.0390625 3.0819E-10
0.0173437 0.289062 3.00682E-10
-0.0107812 0.179688 2.84478E-10
0.00140625 0.0234375 3.10349E-10
-0.00984375 0.164062 3.01586E-10
-0.00609375 0.101563 3.02398E-10
0.00609375 0.101563 2.96585E-10
-0.00234375 0.0390625 2.99498E-10
-0.0154687 0.257812 2.99298E-10
0.00703125 0.117188 2.94683E-10
-0.0135937 0.226562 3.057E-10
-0.00046875 0.0078125 3.12513E-10
0.00046875 0.0078125 2.94107E-10
-0.00421875 0.0703125 3.06736E-10
0.0107812 0.179688 2.93686E-10
-0.00515625 0.0859375 3.09988E-10
-0.0107812 0.179688 2.97435E-10
0.00046875 0.0078125 3.00173E-10
0.0145312 0.242188 3.04533E-10
0.0117188 0.195312 3.08408E-10
0.00234375 0.0390625 3.11891E-10
0.00140625 0.0234375 3.02905E-10
-0.00328125 0.0546875 3.07876E-10
-0.00796875 0.132812 2.97884E-10
0.0154687 0.257812 3.03045E-10
-0.00890625 0.148438 3.00478E-10
-0.00140625 0.0234375 3.09991E-10
-0.0192187 0.320312 3.09961E-10
0.0182812 0.304688 3.15369E-10
0.00046875 0.0078125 3.04486E-10
-0.0267187 0.445312 3.11497E-10
0.00046875 0.0078125 3.08835E-10
-0.00609375 0.101563 3.05053E-10
0.00328125 0.0546875 2.95091E-10
-0.00515625 0.0859375 3.02955E-10
-0.0164062 0.273437 2.9333E-10
0.00328125 0.0546875 2.95089E-10
0.00703125 0.117188 2.99119E-10
-0.00703125 0.117188 2.98635E-10
0.0135937 0.226562 3.05896E-10
-0.00515625 0.0859375 3.03585E-10
-0.00515625 0.0859375 3.02195E-10
-0.0239062 0.398437 3.02524E-10
0.0117188 0.195312 3.10358E-10
-0.00140625 0.0234375 2.96756E-10
-0.00703125 0.117188 3.028E-10
-0.0117188 0.195312 3.09417E-10
0.00515625 0.0859375 3.05725E-10
0.00609375 0.101563 3.11253E-10
0.00609375 0.101563 2.86518E-10
0.00609375 0.101563 2.91867E-10
-0.0107812 0.179688 2.98559E-10
-0.00046875 0.0078125 3.00469E-10
0.00234375 0.0390625 2.93701E-10
0.00421875 0.0703125 3.09512E-10
-0.00796875 0.132812 3.11007E-10
-0.00984375 0.164062 3.0258E-10
-0.00046875 0.0078125 2.94584E-10
-0.00234375 0.0390625 3.0458E-10
0.00421875 0.0703125 3.06161E-10
-0.00328125 0.0546875 2.87401E-10
0.00984375 0.164062 3.10633E-10
0.0135937 0.226562 3.05375E-10
-0.00890625 0.148438 3.05637E-10
-0.0154687 0.257812 2.94733E-10
-0.00609375 0.101563 3.05413E-10
0.00234375 0.0390625 3.00805E-10
-0.0182812 0.304688 3.07546E-10
-0.00515625 0.0859375 3.06397E-10
0.00421875 0.0703125 3.08299E-10
-0.00890625 0.148438 3.07227E-10
0.00046875 0.0078125 2.9523E-10
0.0135937 0.226562 3.07551E-10
-0.00328125 0.0546875 2.93861E-10
0.00140625 0.0234375 2.91223E-10
0.00890625 0.148438 3.09145E-10
0.0239062 0.398437 3.00744E-10
0.00890625 0.148438 3.01419E-10
0.0126562 0.210938 3.12051E-10
0.00609375 0.101563 3.02705E-10
0.00046875 0.0078125 3.01252E-10
0.00421875 0.0703125 3.04608E-10
0.00140625 0.0234375 2.92393E-10
0.00796875 0.132812 3.07942E-10
0.00328125 0.0546875 3.11207E-10
0.0201563 0.335938 3.11336E-10
-0.0135937 0.226562 2.94636E-10
-0.00796875 0.132812 3.07785E-10
0.00421875 0.0703125 3.10398E-10
0.0117188 0.195312 3.11203E-10
0.0117188 0.195312 3.07544E-10
-0.0192187 0.320312 3.00391E-10
0.0117188 0.195312 2.96682E-10
0.00796875 0.132812 3.03534E-10
0.00234375 0.0390625 3.0437E-10
0.00890625 0.148438 3.06648E-10
-0.00515625 0.0859375 3.0146E-10
0.00984375 0.164062 3.02961E-10
-0.00703125 0.117188 3.05142E-10
0.00890625 0.148438 2.93531E-10
-0.00703125 0.117188 3.0811E-10
0.00234375 0.0390625 2.99063E-10
0.00421875 0.0703125 3.22407E-10
-0.00421875 0.0703125 3.0333E-10
0.00234375 0.0390625 2.98992E-10
-0.00046875 0.0078125 2.94973E-10
0.00234375 0.0390625 3.09336E-10
0.00421875 0.0703125 3.07765E-10
0.00796875 0.132812 3.10358E-10
0.0117188 0.195312 3.114E-10
0.00328125 0.0546875 2.98377E-10
0.0107812 0.179688 2.93593E-10
0.00515625 0.0859375 3.03492E-10
0.0107812 0.179688 3.05819E-10
-0.00046875 0.0078125 2.96949E-10
-0.00421875 0.0703125 3.03148E-10
-0.0182812 0.304688 3.03142E-10
-0.00515625 0.0859375 3.13343E-10
0.00609375 0.101563 3.09374E-10
0.0135937 0.226562 3.03185E-10
-0.00609375 0.101563 2.99865E-10
0.0117188 0.195312 2.93828E-10
-0.00234375 0.0390625 3.1419E-10
-0.00796875 0.132812 2.9441E-10
0.0164062 0.273437 2.99775E-10
-0.00515625 0.0859375 3.05877E-10
-0.0248437 0.414062 3.05025E-10
0.0107812 0.179688 3.01909E-10
-0.00703125 0.117188 2.96878E-10
-0.00609375 0.101563 3.05642E-10
0.00609375 0.101563 3.09798E-10
-0.00609375 0.101563 3.01468E-10
-0.00140625 0.0234375 2.93465E-10
0.00890625 0.148438 3.17719E-10
0.00703125 0.117188 2.98952E-10
0.00703125 0.117188 3.07706E-10
-0.00140625 0.0234375 3.08793E-10
0.0154687 0.257812 2.9583E-10
0.00328125 0.0546875 2.95216E-10
0.00140625 0.0234375 3.04003E-10
-0.0229688 0.382813 2.9487E-10
0.00609375 0.101563 3.15702E-10
0.00515625 0.0859375 3.0753E-10
0.0164062 0.273437 3.11897E-10
-0.00796875 0.132812 3.02225E-10
0.00328125 0.0546875 3.07309E-10
0.00796875 0.132812 3.11171E-10
0.00984375 0.164062 3.17288E-10
0.00515625 0.0859375 2.98589E-10
-0.00234375 0.0390625 3.11686E-10
0.00140625 0.0234375 2.9258E-10
0.00609375 0.101563 3.00484E-10
0.0192187 0.320312 3.0182E-10
-0.00046875 0.0078125 3.03171E-10
0.00515625 0.0859375 3.0906E-10
-0.0107812 0.179688 2.95836E-10
-0.00703125 0.117188 3.02433E-10
0.00328125 0.0546875 3.0706E-10
0.00234375 0.0390625 3.08577E-10
0.00234375 0.0390625 2.9072E-10
-0.00515625 0.0859375 3.05342E-10
-0.00046875 0.0078125 2.94981E-10
-0.00609375 0.101563 3.10757E-10
0.00890625 0.148438 3.08133E-10
0.0135937 0.226562 3.07584E-10
-0.00515625 0.0859375 3.03715E-10
0.00046875 0.0078125 3.09784E-10
-0.0126562 0.210938 2.88903E-10
-0.0126562 0.210938 2.92682E-10
-0.00515625 0.0859375 3.05568E-10
-0.00609375 0.101563 2.9551E-10
-0.00890625 0.148438 2.95493E-10
0.0107812 0.179688 3.0864E-10
-0.00703125 0.117188 2.97152E-10
-0.00328125 0.0546875 3.04774E-10
0.00421875 0.0703125 3.10474E-10
-0.0145312 0.242188 2.99874E-10
0.00140625 0.0234375 3.0326E-10
0.00515625 0.0859375 2.83474E-10
-0.0220313 0.367188 3.02176E-10
0.00140625 0.0234375 2.99641E-10
0.00421875 0.0703125 3.09481E-10
-0.00328125 0.0546875 3.09458E-10
0.0145312 0.242188 3.07631E-10
-0.00046875 0.0078125 2.96285E-10
-0.0145312 0.242188 2.96003E-10
-0.0126562 0.210938 2.95019E-10
-0.00140625 0.0234375 3.01903E-10
-0.0164062 0.273437 2.99458E-10
-0.00609375 0.101563 3.04672E-10
-0.00328125 0.0546875 2.96917E-10
0.00890625 0.148438 2.91459E-10
-0.0145312 0.242188 3.09E-10
0.00046875 0.0078125 3.11284E-10
-0.0145312 0.242188 3.08303E-10
0.00515625 0.0859375 3.07949E-10
-0.00515625 0.0859375 3.01564E-10
0.00328125 0.0546875 3.06797E-10
0.00515625 0.0859375 3.03072E-10
0.00890625 0.148438 3.02685E-10
0.00703125 0.117188 3.09761E-10
-0.00234375 0.0390625 2.90731E-10
0.00140625 0.0234375 3.08919E-10
-0.00796875 0.132812 3.07611E-10
-0.00140625 0.0234375 2.93186E-10
0.00421875 0.0703125 2.96798E-10
-0.00421875 0.0703125 3.01178E-10
-0.00421875 0.0703125 3.11511E-10
-0.0135937 0.226562 2.9711E-10
0.0145312 0.242188 2.96903E-10
-0.0154687 0.257812 3.03987E-10
-0.00328125 0.0546875 3.11389E-10
0.00515625 0.0859375 2.95493E-10
-0.00328125 0.0546875 3.01952E-10
-0.00984375 0.164062 3.07248E-10
0.00609375 0.101563 3.05355E-10
0.00328125 0.0546875 3.09205E-10
-0.0135937 0.226562 3.1182E-10
0.0164062 0.273437 3.03026E-10
-0.00515625 0.0859375 3.05286E-10
0.00328125 0.0546875 3.06887E-10
-0.00140625 0.0234375 3.02345E-10
-0.00328125 0.0546875 3.08824E-10
-0.00515625 0.0859375 2.95566E-10
-0.00609375 0.101563 3.00694E-10
-0.00421875 0.0703125 3.1231E-10
0.00421875 0.0703125 3.04066E-10
0.00046875 0.0078125 3.11849E-10
0.00421875 0.0703125 3.03331E-10
-0.00140625 0.0234375 3.00611E-10
-0.00140625 0.0234375 3.02029E-10
-0.00703125 0.117188 3.0185E-10
-0.00609375 0.101563 3.03303E-10
0.00703125 0.117188 3.03063E-10
0.00796875 0.132812 3.0324E-10
0.0164062 0.273437 2.97972E-10
0.00796875 0.132812 2.94194E-10
-0.00984375 0.164062 3.03583E-10
-0.00515625 0.0859375 3.13777E-10
0.00140625 0.0234375 3.00311E-10
0.00609375 0.101563 3.01313E-10
0.0117188 0.195312 2.95067E-10
0.00328125 0.0546875 2.92597E-10
-0.0210937 0.351562 2.96955E-10
-0.0117188 0.195312 3.13929E-10
0.00796875 0.132812 3.0604E-10
0.00515625 0.0859375 3.0092E-10
-0.00703125 0.117188 2.88774E-10
-0.00140625 0.0234375 3.14135E-10
0.00421875 0.0703125 3.02776E-10
-0.00328125 0.0546875 2.92466E-10
0.00796875 0.132812 3.04762E-10
0.00140625 0.0234375 3.01785E-10
-0.00234375 0.0390625 3.00405E-10
0.00421875 0.0703125 2.98095E-10
0.00046875 0.0078125 3.08707E-10
0.0135937 0.226562 3.03554E-10
-0.0126562 0.210938 2.98222E-10
-0.00046875 0.0078125 2.99781E-10
-0.00984375 0.164062 3.12723E-10
-0.00421875 0.0703125 3.02817E-10
-0.00515625 0.0859375 3.04985E-10
0.0117188 0.195312 3.07161E-10
0.00796875 0.132812 3.09601E-10
0.0192187 0.320312 3.0445E-10
0.0117188 0.195312 3.04066E-10
-0.00421875 0.0703125 3.13205E-10
0.00515625 0.0859375 2.94881E-10
0.0117188 0.195312 3.05371E-10
-0.00421875 0.0703125 3.01774E-10
-0.0126562 0.210938 2.95252E-10
-0.00609375 0.101563 3.16026E-10
0.00140625 0.0234375 2.86176E-10
-0.0126562 0.210938 3.03052E-10
-0.00328125 0.0546875 2.99297E-10
-0.00234375 0.0390625 3.02076E-10
0.00890625 0.148438 3.01098E-10
0.00703125 0.117188 3.03122E-10
-0.0107812 0.179688 3.17998E-10
-0.0173437 0.289062 3.01876E-10
-0.00140625 0.0234375 3.09513E-10
0.00609375 0.101563 3.02947E-10
0.00046875 0.0078125 3.07549E-10
-0.00328125 0.0546875 3.10177E-10
0.00328125 0.0546875 3.06577E-10
-0.0164062 0.273437 2.99603E-10
-0.00140625 0.0234375 3.07858E-10
-0.0107812 0.179688 3.01542E-10
0.00796875 0.132812 2.9963E-10
-0.0145312 0.242188 2.9263E-10
-0.00703125 0.117188 2.99476E-10
-0.00421875 0.0703125 2.95701E-10
-0.0107812 0.179688 3.1147E-10
-0.00890625 0.148438 3.10599E-10
0.00984375 0.164062 3.08021E-10
0.00140625 0.0234375 3.08649E-10
-0.00703125 0.117188 3.00631E-10
-0.00609375 0.101563 3.04201E-10
0.00421875 0.0703125 3.00899E-10
0.00890625 0.148438 3.20133E-10
0.00046875 0.0078125 2.97332E-10
-0.0173437 0.289062 2.98132E-10
0.0164062 0.273437 3.11011E-10
-0.00609375 0.101563 3.09241E-10
0.0173437 0.289062 3.01912E-10
0.00046875 0.0078125 3.04381E-10
0.00234375 0.0390625 2.93044E-10
0.0126562 0.210938 2.92323E-10
-0.00890625 0.148438 2.95025E-10
-0.00890625 0.148438 3.06949E-10
-0.00796875 0.132812 2.94825E-10
-0.00515625 0.0859375 3.11011E-10
0.00796875 0.132812 3.06467E-10
-0.00421875 0.0703125 3.02878E-10
-0.00328125 0.0546875 3.06334E-10
-0.00046875 0.0078125 3.07165E-10
0.00984375 0.164062 2.95331E-10
-0.00609375 0.101563 2.99271E-10
0.0192187 0.320312 3.02884E-10
-0.0182812 0.304688 3.08507E-10
0.00140625 0.0234375 2.96959E-10
0.00234375 0.0390625 2.99211E-10
0.00890625 0.148438 3.08894E-10
-0.00796875 0.132812 3.02302E-10
0.0154687 0.257812 2.98816E-10
0.00609375 0.101563 3.08692E-10
0.00421875 0.0703125 3.1885E-10
0.00046875 0.0078125 3.06295E-10
0.0173437 0.289062 3.03051E-10
-0.00984375 0.164062 3.0546E-10
-0.00796875 0.132812 2.91142E-10
-0.00328125 0.0546875 3.15166E-10
0.0201563 0.335938 3.05928E-10
0.0145312 0.242188 2.99806E-10
0.00328125 0.0546875 2.94916E-10
0.00421875 0.0703125 3.01072E-10
-0.00328125 0.0546875 3.03419E-10
0.00515625 0.0859375 3.03765E-10
-0.00421875 0.0703125 3.02594E-10
0.00046875 0.0078125 2.93803E-10
-0.00328125 0.0546875 3.02893E-10
0.0107812 0.179688 3.10267E-10
-0.0182812 0.304688 3.0211E-10
-0.00703125 0.117188 3.06769E-10
-0.00984375 0.164062 2.97597E-10
-0.00421875 0.0703125 3.01948E-10
-0.00046875 0.0078125 2.99347E-10
-0.00140625 0.0234375 3.09162E-10
0.00046875 0.0078125 3.0698E-10
0.00609375 0.101563 3.03764E-10
-0.00328125 0.0546875 3.04252E-10
0.00984375 0.164062 3.12434E-10
0.00140625 0.0234375 3.04376E-10
-0.0135937 0.226562 2.97976E-10
0.0126562 0.210938 3.09399E-10
-0.0135937 0.226562 3.05154E-10
-0.00984375 0.164062 3.09905E-10
0.0248437 0.414062 3.00119E-10
-0.00609375 0.101563 3.04231E-10
-0.00984375 0.164062 3.09429E-10
-0.00421875 0.0703125 2.99921E-10
-0.0117188 0.195312 3.04192E-10
0.00046875 0.0078125 3.12155E-10
0.00234375 0.0390625 3.11803E-10
-0.00703125 0.117188 3.02464E-10
-0.00890625 0.148438 3.01338E-10
-0.00609375 0.101563 3.15713E-10
-0.00234375 0.0390625 3.05987E-10
0.00984375 0.164062 3.04271E-10
0.00515625 0.0859375 2.96213E-10
-0.0182812 0.304688 3.05809E-10
-0.00234375 0.0390625 2.94674E-10
-0.00796875 0.132812 3.03837E-10
0.00984375 0.164062 3.06087E-10
0.0135937 0.226562 3.04655E-10
0.0117188 0.195312 3.01769E-10
0.00515625 0.0859375 3.07614E-10
-0.00703125 0.117188 3.01626E-10
0.00234375 0.0390625 2.9823E-10
-0.00046875 0.0078125 3.0675E-10
-0.00984375 0.164062 2.96927E-10
-0.0154687 0.257812 3.09057E-10
0.00046875 0.0078125 3.09595E-10
-0.0117188 0.195312 2.96217E-10
0.00515625 0.0859375 3.04577E-10
-0.00515625 0.0859375 3.05731E-10
0.00984375 0.164062 3.09458E-10
0.0248437 0.414062 3.07495E-10
-0.00421875 0.0703125 2.98158E-10
0.0164062 0.273437 3.0609E-10
-0.0135937 0.226562 2.94423E-10
0.0126562 0.210938 2.99224E-10
-0.00234375 0.0390625 2.90643E-10
0.00140625 0.0234375 2.97764E-10
0.00328125 0.0546875 3.00557E-10
-0.00046875 0.0078125 3.00187E-10
-0.00890625 0.148438 3.13184E-10
-0.00421875 0.0703125 3.0199E-10
0.00796875 0.132812 2.96895E-10
0.0135937 0.226562 3.03615E-10
0.00046875 0.0078125 3.09194E-10
0.00609375 0.101563 3.10704E-10
-0.00046875 0.0078125 3.07605E-10
0.00046875 0.0078125 2.92003E-10
0.00984375 0.164062 3.07602E-10
0.00796875 0.132812 3.10734E-10
-0.00328125 0.0546875 2.93187E-10
0.00421875 0.0703125 3.00975E-10
0.00796875 0.132812 3.05411E-10
0.00421875 0.0703125 2.88406E-10
0.0126562 0.210938 3.0945E-10
0.00984375 0.164062 3.06729E-10
0.00140625 0.0234375 2.94914E-10
0.00234375 0.0390625 3.05809E-10
0.00140625 0.0234375 3.09397E-10
-0.00234375 0.0390625 3.00799E-10
-0.00046875 0.0078125 3.08093E-10
0.00609375 0.101563 3.04425E-10
0.00421875 0.0703125 3.18351E-10
0.00046875 0.0078125 2.98402E-10
-0.00515625 0.0859375 2.98541E-10
-0.00703125 0.117188 3.11329E-10
0.00046875 0.0078125 3.03213E-10
-0.0210937 0.351562 3.2055E-10
0.00796875 0.132812 3.03893E-10
-0.00796875 0.132812 3.09224E-10
-0.00046875 0.0078125 3.09086E-10
0.00796875 0.132812 2.99341E-10
-0.0117188 0.195312 3.10211E-10
-0.00890625 0.148438 3.10681E-10
0.00703125 0.117188 2.99032E-10
-0.00890625 0.148438 3.11729E-10
-0.0145312 0.242188 3.14003E-10
0.0314062 0.523438 2.99453E-10
0.0192187 0.320312 2.93733E-10
0.0107812 0.179688 3.02161E-10
0.00140625 0.0234375 2.99149E-10
0.00609375 0.101563 3.05234E-10
0.00421875 0.0703125 3.03377E-10
0.0135937 0.226562 3.07151E-10
-0.0126562 0.210938 2.95947E-10
-0.00046875 0.0078125 2.90731E-10
0.00046875 0.0078125 3.07538E-10
-0.0117188 0.195312 3.02123E-10
-0.00140625 0.0234375 3.00254E-10
0.00140625 0.0234375 3.01839E-10
-0.00796875 0.132812 3.07507E-10
0.0117188 0.195312 2.96132E-10
-0.00515625 0.0859375 3.10171E-10
0.00890625 0.148438 3.03243E-10
-0.00046875 0.0078125 2.96334E-10
-0.00234375 0.0390625 3.109E-10
-0.0182812 0.304688 2.96986E-10
0.00421875 0.0703125 3.01855E-10
-0.00140625 0.0234375 3.00374E-10
-0.00234375 0.0390625 3.03836E-10
-0.00046875 0.0078125 3.01978E-10
-0.00515625 0.0859375 3.05395E-10
0.00046875 0.0078125 3.01881E-10
-0.00140625 0.0234375 3.06025E-10
-0.00703125 0.117188 3.00964E-10
-0.0135937 0.226562 3.10892E-10
-0.00609375 0.101563 3.02055E-10
-0.0164062 0.273437 3.0492E-10
-0.00140625 0.0234375 2.97845E-10
-0.00421875 0.0703125 3.08895E-10
-0.0210937 0.351562 3.16369E-10
0.0145312 0.242188 3.03837E-10
-0.00140625 0.0234375 3.02015E-10
-0.00796875 0.132812 2.96305E-10
0.00421875 0.0703125 3.06763E-10
-0.0154687 0.257812 3.10916E-10
0.00046875 0.0078125 3.07963E-10
0.00140625 0.0234375 3.03791E-10
0.0248437 0.414062 3.03435E-10
-0.00046875 0.0078125 3.09792E-10
-0.00328125 0.0546875 2.94286E-10
-0.00140625 0.0234375 3.07409E-10
0.00703125 0.117188 3.04643E-10
0.00421875 0.0703125 3.01989E-10
0.00703125 0.117188 2.99954E-10
-0.00421875 0.0703125 3.06732E-10
-0.00140625 0.0234375 3.04644E-10
0.0126562 0.210938 2.97822E-10
-0.00140625 0.0234375 3.02646E-10
-0.00609375 0.101563 3.08064E-10
0.00140625 0.0234375 3.13269E-10
0.00890625 0.148438 2.98323E-10
0.00140625 0.0234375 2.98516E-10
0.0201563 0.335938 3.0953E-10
-0.00328125 0.0546875 3.09035E-10
