0.0210937 0.351562 7.58443E-11
-0.00796875 0.132812 7.92109E-11
0.0107812 0.179688 7.72392E-11
-0.0107812 0.179688 7.86515E-11
-0.00328125 0.0546875 8.00579E-11
-0.00515625 0.0859375 7.933E-11
0.00421875 0.0703125 7.81299E-11
0.00421875 0.0703125 8.01663E-11
-0.0192187 0.320312 7.81217E-11
-0.00421875 0.0703125 8.0818E-11
0.0145312 0.242188 7.73293E-11
0.0126562 0.210938 7.71107E-11
0.00046875 0.0078125 8.13196E-11
0.0107812 0.179688 7.73706E-11
0.0135937 0.226562 7.82208E-11
0.00984375 0.164062 7.80245E-11
0.0239062 0.398437 7.89616E-11
-0.00140625 0.0234375 8.04548E-11
0.0107812 0.179688 7.64329E-11
0.00796875 0.132812 7.78954E-11
0.0285937 0.476562 7.79896E-11
-0.0276563 0.460938 7.86223E-11
0.0135937 0.226562 7.71688E-11
0.0117188 0.195312 7.81703E-11
0.0145312 0.242188 7.89934E-11
0.0135937 0.226562 7.81852E-11
0.0117188 0.195312 7.95367E-11
-0.0107812 0.179688 7.90313E-11
-0.0285937 0.476562 8.05458E-11
-0.00515625 0.0859375 8.05506E-11
-0.00515625 0.0859375 8.06313E-11
0.0117188 0.195312 7.78143E-11
-0.0182812 0.304688 7.8856E-11
0.0248437 0.414062 7.73917E-11
0.00046875 0.0078125 7.95607E-11
0.00515625 0.0859375 7.92588E-11
-0.0192187 0.320312 7.94846E-11
-0.00796875 0.132812 7.68285E-11
-0.0304687 0.507812 7.90583E-11
-0.00984375 0.164062 7.80485E-11
0.0135937 0.226562 7.76321E-11
0.0154687 0.257812 8.0394E-11
-0.0182812 0.304688 8.0528E-11
-0.00515625 0.0859375 7.82119E-11
0.00703125 0.117188 7.68366E-11
-0.0304687 0.507812 8.11598E-11
0.0107812 0.179688 7.82249E-11
-0.00234375 0.0390625 7.7242E-11
-0.0314062 0.523438 7.99496E-11
0.0342187 0.570312 7.92424E-11
-0.00984375 0.164062 8.08211E-11
-0.0267187 0.445312 7.87177E-11
-0.0126562 0.210938 7.84275E-11
0.00796875 0.132812 8.01264E-11
-0.0229688 0.382813 8.1505E-11
0.0210937 0.351562 7.78455E-11
-0.0201563 0.335938 8.02498E-11
0.0145312 0.242188 7.98865E-11
0.0220313 0.367188 7.74778E-11
0.00046875 0.0078125 7.75438E-11
-0.0164062 0.273437 8.01051E-11
0.00515625 0.0859375 7.74813E-11
0.0295312 0.492188 7.98442E-11
0.0360937 0.601562 7.75763E-11
0.00890625 0.148438 7.75244E-11
0.00421875 0.0703125 7.78547E-11
-0.00421875 0.0703125 7.80558E-11
0.0314062 0.523438 7.74757E-11
0.00234375 0.0390625 7.89332E-11
0.00328125 0.0546875 7.76742E-11
0.00421875 0.0703125 8.02973E-11
-0.0135937 0.226562 7.85064E-11
-0.0323438 0.539063 8.11688E-11
-0.0173437 0.289062 8.11982E-11
0.00234375 0.0390625 7.78449E-11
-0.00140625 0.0234375 7.89675E-11
0.0107812 0.179688 7.68253E-11
-0.00984375 0.164062 7.83587E-11
0.0248437 0.414062 7.75758E-11
0.0107812 0.179688 7.74224E-11
0.00984375 0.164062 7.73579E-11
0.00796875 0.132812 7.8326E-11
-0.00984375 0.164062 7.87445E-11
0.00609375 0.101563 7.90526E-11
0.00890625 0.148438 7.90287E-11
0.00609375 0.101563 7.81646E-11
-0.00234375 0.0390625 7.88561E-11
0.0117188 0.195312 7.78514E-11
-0.0257812 0.429688 8.08206E-11
0.00421875 0.0703125 7.85113E-11
0.0173437 0.289062 7.89886E-11
-0.0192187 0.320312 7.95274E-11
0.0192187 0.320312 7.77759E-11
0.0117188 0.195312 7.91901E-11
-0.00984375 0.164062 7.90475E-11
-0.0164062 0.273437 7.84786E-11
0.0164062 0.273437 7.9025E-11
-0.0192187 0.320312 8.18225E-11
-0.00328125 0.0546875 7.79337E-11
0.0417187 0.695312 7.73647E-11
0.00328125 0.0546875 7.81151E-11
0.0135937 0.226562 7.84368E-11
-0.00703125 0.117188 7.97511E-11
-0.0220313 0.367188 7.89289E-11
0.00609375 0.101563 7.83584E-11
-0.0126562 0.210938 7.88456E-11
-0.00328125 0.0546875 8.01447E-11
-0.0210937 0.351562 8.08086E-11
-0.00703125 0.117188 7.89877E-11
-0.0295312 0.492188 7.98365E-11
0.00140625 0.0234375 7.97557E-11
0.00515625 0.0859375 7.76991E-11
-0.00140625 0.0234375 7.59935E-11
0.0220313 0.367188 7.81E-11
0.0107812 0.179688 7.78527E-11
-0.00609375 0.101563 7.97083E-11
-0.0154687 0.257812 7.96641E-11
0.00046875 0.0078125 8.04498E-11
0.0145312 0.242188 7.69915E-11
-0.00234375 0.0390625 7.86797E-11
-0.0323438 0.539063 8.12141E-11
0.0135937 0.226562 7.93159E-11
0.00703125 0.117188 7.81724E-11
-0.0239062 0.398437 8.07299E-11
0.00703125 0.117188 7.75887E-11
0.0182812 0.304688 7.87711E-11
0.00421875 0.0703125 7.8814E-11
-0.0164062 0.273437 7.98643E-11
-0.00046875 0.0078125 7.71608E-11
0.0192187 0.320312 7.84295E-11
0.0323438 0.539063 7.66002E-11
-0.0107812 0.179688 7.93932E-11
-0.00328125 0.0546875 7.81971E-11
0.00984375 0.164062 7.7834E-11
0.0267187 0.445312 7.71369E-11
-0.00328125 0.0546875 8.0518E-11
0.00515625 0.0859375 7.98079E-11
-0.00984375 0.164062 7.74956E-11
0.0182812 0.304688 7.79789E-11
0.00140625 0.0234375 7.72882E-11
-0.00703125 0.117188 7.97106E-11
-0.0398437 0.664062 7.9737E-11
0.0145312 0.242188 7.83297E-11
-0.0220313 0.367188 7.99167E-11
0.0435938 0.726562 7.82676E-11
-0.00421875 0.0703125 8.03313E-11
-0.00703125 0.117188 7.7954E-11
0.00515625 0.0859375 7.80947E-11
0.0492187 0.820312 7.70214E-11
-0.0192187 0.320312 8.03501E-11
-0.0107812 0.179688 7.78442E-11
-0.0229688 0.382813 8.0745E-11
0.0107812 0.179688 7.92411E-11
-0.0220313 0.367188 8.07113E-11
0.0323438 0.539063 7.80317E-11
0.00890625 0.148438 7.50224E-11
0.0201563 0.335938 7.70899E-11
0.0220313 0.367188 7.83075E-11
-0.00515625 0.0859375 7.81071E-11
0.00046875 0.0078125 7.86839E-11
-0.00421875 0.0703125 7.76531E-11
-0.00609375 0.101563 7.83184E-11
-0.00609375 0.101563 7.81203E-11
0.0520313 0.867188 7.99817E-11
0.0285937 0.476562 7.84123E-11
0.0135937 0.226562 7.80277E-11
-0.0164062 0.273437 7.79895E-11
0.0126562 0.210938 7.94194E-11
-0.0389063 0.648438 8.06513E-11
-0.00421875 0.0703125 7.96076E-11
0.0145312 0.242188 7.77123E-11
-0.00984375 0.164062 7.79874E-11
0.00890625 0.148438 7.7646E-11
-0.0332812 0.554688 8.07134E-11
-0.0135937 0.226562 7.83081E-11
0.00234375 0.0390625 7.74597E-11
0.0239062 0.398437 7.72962E-11
0.00328125 0.0546875 7.93596E-11
-0.0145312 0.242188 7.79078E-11
0.00890625 0.148438 7.76986E-11
0.0126562 0.210938 7.79208E-11
-0.0164062 0.273437 7.86194E-11
-0.00890625 0.148438 7.82324E-11
-0.0126562 0.210938 7.80021E-11
-0.00421875 0.0703125 8.07765E-11
-0.0229688 0.382813 7.96279E-11
0.0135937 0.226562 8.04055E-11
0.00609375 0.101563 7.62884E-11
-0.0360937 0.601562 8.08416E-11
0.00140625 0.0234375 7.73885E-11
-0.0201563 0.335938 8.05839E-11
-0.0210937 0.351562 7.79099E-11
-0.0154687 0.257812 8.06621E-11
-0.0304687 0.507812 7.90496E-11
-0.00328125 0.0546875 7.80062E-11
-0.0173437 0.289062 7.7852E-11
-0.00703125 0.117188 7.87466E-11
-0.00140625 0.0234375 7.64227E-11
-0.0107812 0.179688 7.84844E-11
0.0201563 0.335938 7.94742E-11
-0.0285937 0.476562 8.21923E-11
-0.0360937 0.601562 8.00768E-11
0.0145312 0.242188 7.76142E-11
-0.00890625 0.148438 7.80022E-11
-0.0210937 0.351562 7.9984E-11
-0.0370313 0.617188 8.10155E-11
-0.0135937 0.226562 8.07459E-11
-0.0173437 0.289062 7.85935E-11
0.00421875 0.0703125 7.93501E-11
0.00984375 0.164062 7.70727E-11
-0.0295312 0.492188 8.16471E-11
-0.0182812 0.304688 7.92982E-11
-0.00328125 0.0546875 7.74817E-11
-0.00046875 0.0078125 7.81116E-11
-0.00890625 0.148438 7.84382E-11
0.00703125 0.117188 7.73022E-11
0.00234375 0.0390625 7.84244E-11
-0.00328125 0.0546875 7.64349E-11
-0.0126562 0.210938 8.12162E-11
0.0107812 0.179688 7.71697E-11
0.0257812 0.429688 8.01888E-11
-0.00234375 0.0390625 7.79883E-11
-0.0107812 0.179688 8.00731E-11
-0.0117188 0.195312 7.72403E-11
0.00609375 0.101563 7.98529E-11
0.0145312 0.242188 7.91097E-11
-0.00984375 0.164062 7.89023E-11
0.00703125 0.117188 7.85251E-11
-0.00984375 0.164062 7.91427E-11
-0.00984375 0.164062 7.99041E-11
-0.0201563 0.335938 7.8718E-11
0.00328125 0.0546875 7.78687E-11
-0.0107812 0.179688 7.86111E-11
0.00890625 0.148438 7.76486E-11
-0.00046875 0.0078125 8.05836E-11
-0.0201563 0.335938 7.98836E-11
-0.0210937 0.351562 8.09063E-11
-0.0229688 0.382813 8.07152E-11
0.00140625 0.0234375 7.96352E-11
0.0173437 0.289062 7.74838E-11
-0.0173437 0.289062 7.90237E-11
0.0182812 0.304688 7.79142E-11
0.00796875 0.132812 7.88734E-11
-0.0304687 0.507812 7.75623E-11
-0.00796875 0.132812 7.98275E-11
0.00140625 0.0234375 7.82111E-11
0.0154687 0.257812 7.90294E-11
-0.00421875 0.0703125 7.78046E-11
-0.00140625 0.0234375 7.69002E-11
-0.0257812 0.429688 7.85889E-11
-0.0257812 0.429688 8.08182E-11
-0.00328125 0.0546875 7.88431E-11
-0.00796875 0.132812 7.64106E-11
0.00703125 0.117188 7.72344E-11
-0.00234375 0.0390625 7.97138E-11
0.0276563 0.460938 7.70939E-11
-0.00234375 0.0390625 7.9984E-11
-0.0107812 0.179688 7.86089E-11
-0.00140625 0.0234375 7.76502E-11
0.0398437 0.664062 7.93911E-11
-0.0267187 0.445312 7.84463E-11
-0.0145312 0.242188 7.82693E-11
-0.0182812 0.304688 7.87489E-11
-0.0154687 0.257812 8.11811E-11
-0.0192187 0.320312 7.79226E-11
-0.00515625 0.0859375 7.93922E-11
-0.00796875 0.132812 7.86377E-11
-0.00984375 0.164062 7.94981E-11
0.00703125 0.117188 7.74757E-11
0.0285937 0.476562 7.7974E-11
0.0107812 0.179688 7.79283E-11
0.0295312 0.492188 7.92784E-11
0.0135937 0.226562 8.04646E-11
-0.0220313 0.367188 8.03415E-11
0.0135937 0.226562 7.62629E-11
0.00140625 0.0234375 7.97311E-11
-0.00328125 0.0546875 7.82455E-11
0.0239062 0.398437 7.74729E-11
0.0314062 0.523438 7.52419E-11
0.0164062 0.273437 7.7887E-11
0.0107812 0.179688 7.73107E-11
-0.00140625 0.0234375 7.79275E-11
-0.0201563 0.335938 7.98993E-11
0.0239062 0.398437 7.57747E-11
-0.00890625 0.148438 8.03607E-11
0.00984375 0.164062 7.75721E-11
-0.0360937 0.601562 8.03697E-11
-0.0201563 0.335938 7.82774E-11
-0.0332812 0.554688 8.04441E-11
0.0135937 0.226562 7.77843E-11
0.0117188 0.195312 7.77002E-11
0.00328125 0.0546875 7.81991E-11
-0.0379687 0.632812 7.7988E-11
-0.00609375 0.101563 7.90616E-11
-0.0126562 0.210938 7.99348E-11
-0.00515625 0.0859375 8.06137E-11
0.00046875 0.0078125 7.81837E-11
0.00421875 0.0703125 7.85609E-11
0.00046875 0.0078125 7.77589E-11
0.0192187 0.320312 7.69411E-11
0.0323438 0.539063 7.79758E-11
0.00234375 0.0390625 7.77187E-11
0.0117188 0.195312 7.75377E-11
0.00421875 0.0703125 7.74448E-11
0.0210937 0.351562 7.90798E-11
0.00140625 0.0234375 7.71101E-11
-0.0173437 0.289062 7.8122E-11
-0.0295312 0.492188 7.99684E-11
-0.00328125 0.0546875 8.01367E-11
-0.00421875 0.0703125 7.64864E-11
-0.0182812 0.304688 7.90211E-11
0.0117188 0.195312 7.70437E-11
-0.0154687 0.257812 7.72538E-11
-0.00421875 0.0703125 7.65402E-11
0.00234375 0.0390625 7.76237E-11
0.00046875 0.0078125 8.02967E-11
-0.0182812 0.304688 7.94568E-11
-0.0192187 0.320312 7.7937E-11
-0.00984375 0.164062 7.81162E-11
-0.0182812 0.304688 7.98456E-11
0.0145312 0.242188 7.83908E-11
-0.00234375 0.0390625 7.88647E-11
-0.0135937 0.226562 8.11736E-11
0.00796875 0.132812 7.78165E-11
-0.0267187 0.445312 7.94487E-11
-0.00234375 0.0390625 8.14898E-11
-0.00328125 0.0546875 7.75323E-11
0.00234375 0.0390625 7.84456E-11
-0.0210937 0.351562 7.8386E-11
-0.0220313 0.367188 7.74586E-11
-0.0117188 0.195312 8.01927E-11
0.0107812 0.179688 7.6981E-11
-0.00609375 0.101563 7.90486E-11
-0.00421875 0.0703125 7.80161E-11
0.00515625 0.0859375 7.89919E-11
0.0107812 0.179688 7.68719E-11
-0.0164062 0.273437 7.94337E-11
-0.0107812 0.179688 7.88864E-11
-0.0164062 0.273437 7.92149E-11
-0.00890625 0.148438 8.03709E-11
-0.00703125 0.117188 8.06049E-11
0.0154687 0.257812 7.66425E-11
0.00890625 0.148438 7.74089E-11
-0.0267187 0.445312 7.8016E-11
-0.0201563 0.335938 7.68775E-11
-0.0126562 0.210938 7.80805E-11
0.00984375 0.164062 7.74245E-11
-0.00140625 0.0234375 7.94309E-11
-0.0229688 0.382813 7.83197E-11
0.00984375 0.164062 7.76394E-11
0.00609375 0.101563 7.90786E-11
0.0276563 0.460938 7.78077E-11
-0.0239062 0.398437 7.88587E-11
0.00609375 0.101563 7.96145E-11
-0.00890625 0.148438 7.75879E-11
-0.0229688 0.382813 7.94044E-11
0.0267187 0.445312 7.80678E-11
0.00328125 0.0546875 7.84686E-11
0.00046875 0.0078125 7.78952E-11
-0.00234375 0.0390625 7.85073E-11
-0.0248437 0.414062 8.10993E-11
0.0210937 0.351562 7.78747E-11
0.0445312 0.742187 7.76846E-11
-0.00140625 0.0234375 7.92487E-11
-0.0182812 0.304688 7.71745E-11
-0.0314062 0.523438 7.88146E-11
-0.0126562 0.210938 8.03552E-11
-0.00421875 0.0703125 8.01817E-11
0.0135937 0.226562 7.86002E-11
-0.0220313 0.367188 7.89023E-11
0.00984375 0.164062 7.8245E-11
-0.0135937 0.226562 7.89959E-11
0.00890625 0.148438 7.87768E-11
-0.00703125 0.117188 7.81254E-11
-0.0210937 0.351562 7.73043E-11
0.00515625 0.0859375 8.00951E-11
-0.00609375 0.101563 7.82339E-11
0.00984375 0.164062 7.62782E-11
-0.0126562 0.210938 7.97353E-11
0.0164062 0.273437 7.99913E-11
-0.00234375 0.0390625 7.98817E-11
0.00609375 0.101563 7.73688E-11
0.00609375 0.101563 7.75876E-11
0.00140625 0.0234375 8.04495E-11
0.0285937 0.476562 7.76833E-11
-0.0239062 0.398437 7.84582E-11
0.0117188 0.195312 7.72728E-11
-0.0323438 0.539063 8.02443E-11
0.0126562 0.210938 7.83314E-11
0.0267187 0.445312 7.76707E-11
-0.0164062 0.273437 7.85974E-11
-0.0126562 0.210938 7.80361E-11
0.00046875 0.0078125 7.85106E-11
-0.00515625 0.0859375 7.78417E-11
-0.0126562 0.210938 7.8971E-11
-0.00421875 0.0703125 7.91808E-11
-0.0117188 0.195312 7.86061E-11
0.0210937 0.351562 7.70552E-11
-0.0201563 0.335938 7.84493E-11
0.0107812 0.179688 7.73261E-11
-0.00703125 0.117188 7.90948E-11
0.00046875 0.0078125 7.80933E-11
-0.0173437 0.289062 7.86767E-11
-0.00421875 0.0703125 7.98251E-11
0.0304687 0.507812 7.91387E-11
0.0351562 0.585938 7.83555E-11
-0.0126562 0.210938 7.74331E-11
0.0164062 0.273437 7.93685E-11
0.00328125 0.0546875 7.79973E-11
-0.0117188 0.195312 7.78012E-11
0.00890625 0.148438 7.90612E-11
-0.00234375 0.0390625 7.9769E-11
-0.00515625 0.0859375 7.73256E-11
-0.00984375 0.164062 7.76819E-11
-0.0210937 0.351562 8.12901E-11
0.0135937 0.226562 7.63829E-11
-0.00328125 0.0546875 7.94236E-11
-0.0182812 0.304688 7.94415E-11
0.00703125 0.117188 7.84057E-11
-0.0248437 0.414062 8.08966E-11
0.00515625 0.0859375 7.80618E-11
-0.00609375 0.101563 7.80606E-11
0.00328125 0.0546875 7.79587E-11
-0.00140625 0.0234375 7.76542E-11
-0.00609375 0.101563 7.83025E-11
0.0126562 0.210938 7.70414E-11
-0.0145312 0.242188 7.96436E-11
0.0192187 0.320312 8.00458E-11
0.0145312 0.242188 7.8341E-11
-0.00421875 0.0703125 7.85316E-11
0.0145312 0.242188 7.63478E-11
-0.0107812 0.179688 7.75546E-11
-0.0192187 0.320312 8.07445E-11
-0.00984375 0.164062 7.75675E-11
-0.0192187 0.320312 7.81833E-11
0.00703125 0.117188 7.87758E-11
-0.0295312 0.492188 7.86202E-11
-0.0201563 0.335938 7.84366E-11
-0.0164062 0.273437 7.85048E-11
-0.0229688 0.382813 7.84321E-11
0.0229688 0.382813 7.70174E-11
-0.0201563 0.335938 7.80642E-11
-0.00890625 0.148438 7.74453E-11
-0.0107812 0.179688 8.07228E-11
-0.0276563 0.460938 7.92045E-11
0.0248437 0.414062 7.64687E-11
0.0192187 0.320312 7.69865E-11
0.00046875 0.0078125 7.93591E-11
0.00234375 0.0390625 7.80757E-11
-0.0126562 0.210938 7.77486E-11
0.0182812 0.304688 7.8584E-11
-0.00609375 0.101563 7.99739E-11
0.0135937 0.226562 7.85096E-11
-0.0154687 0.257812 7.85935E-11
-0.00703125 0.117188 7.98983E-11
-0.0323438 0.539063 7.85241E-11
-0.0173437 0.289062 7.94475E-11
0.0342187 0.570312 7.89412E-11
0.00890625 0.148438 8.0119E-11
-0.0135937 0.226562 7.79369E-11
-0.00796875 0.132812 7.8189E-11
0.0267187 0.445312 7.81036E-11
0.00421875 0.0703125 7.70223E-11
-0.0248437 0.414062 7.88834E-11
0.0220313 0.367188 7.69231E-11
0.00890625 0.148438 7.77135E-11
-0.00609375 0.101563 7.69731E-11
0.0201563 0.335938 7.80509E-11
-0.00140625 0.0234375 7.67874E-11
-0.00890625 0.148438 7.93382E-11
-0.0285937 0.476562 7.89543E-11
-0.00703125 0.117188 7.76478E-11
-0.0107812 0.179688 7.83304E-11
0.0201563 0.335938 7.90691E-11
-0.00421875 0.0703125 7.80658E-11
-0.0220313 0.367188 7.87481E-11
-0.00796875 0.132812 7.83529E-11
0.0182812 0.304688 7.85235E-11
0.00328125 0.0546875 8.01779E-11
-0.0182812 0.304688 8.02448E-11
0.00234375 0.0390625 7.95077E-11
0.00046875 0.0078125 7.74004E-11
-0.00890625 0.148438 7.92843E-11
-0.0239062 0.398437 7.981E-11
0.00796875 0.132812 7.71051E-11
-0.00234375 0.0390625 8.09093E-11
-0.00328125 0.0546875 7.90128E-11
0.0145312 0.242188 7.78493E-11
-0.00046875 0.0078125 8.05908E-11
-0.0126562 0.210938 8.00526E-11
-0.0192187 0.320312 7.951E-11
-0.0267187 0.445312 7.9517E-11
0.00796875 0.132812 7.72628E-11
0.0220313 0.367188 7.79084E-11
-0.00609375 0.101563 7.93606E-11
-0.00234375 0.0390625 7.83392E-11
-0.00421875 0.0703125 8.06218E-11
-0.0126562 0.210938 7.85875E-11
-0.0192187 0.320312 7.8103E-11
-0.0304687 0.507812 7.88209E-11
