0.0117188 0.195312 7.68282E-11
-0.00328125 0.0546875 7.72279E-11
-0.0276563 0.460938 7.83075E-11
-0.0117188 0.195312 7.93775E-11
-0.0192187 0.320312 7.60359E-11
-0.00703125 0.117188 7.65757E-11
-0.0173437 0.289062 7.96699E-11
-0.0126562 0.210938 7.64957E-11
-0.0135937 0.226562 7.54821E-11
0.0314062 0.523438 7.58227E-11
-0.0276563 0.460938 7.89115E-11
-0.0482812 0.804688 7.96371E-11
0.0182812 0.304688 7.66454E-11
0.00984375 0.164062 7.67097E-11
0.0201563 0.335938 7.77774E-11
-0.00890625 0.148438 7.88471E-11
0.0220313 0.367188 7.56719E-11
-0.0145312 0.242188 7.95063E-11
0.00234375 0.0390625 7.98784E-11
0.0145312 0.242188 7.6196E-11
0.00234375 0.0390625 7.69942E-11
0.00703125 0.117188 7.77549E-11
-0.00421875 0.0703125 7.89441E-11
-0.00796875 0.132812 7.94102E-11
-0.00703125 0.117188 7.68702E-11
-0.00140625 0.0234375 7.63082E-11
0.00984375 0.164062 7.90154E-11
0.0145312 0.242188 7.61617E-11
-0.0267187 0.445312 7.90691E-11
0.0285937 0.476562 7.5971E-11
-0.0201563 0.335938 7.91639E-11
-0.0164062 0.273437 7.68333E-11
0.0192187 0.320312 7.6772E-11
0.0173437 0.289062 7.59495E-11
0.00421875 0.0703125 7.67299E-11
-0.0126562 0.210938 7.78813E-11
0.0192187 0.320312 7.49801E-11
0.00234375 0.0390625 7.57796E-11
-0.0417187 0.695312 7.79197E-11
-0.0182812 0.304688 7.90707E-11
0.00515625 0.0859375 7.67043E-11
-0.0248437 0.414062 7.6602E-11
-0.0285937 0.476562 7.66483E-11
0.0276563 0.460938 7.64448E-11
-0.0220313 0.367188 7.85291E-11
-0.0314062 0.523438 7.62973E-11
0.0192187 0.320312 7.59278E-11
0.0145312 0.242188 7.68559E-11
0.00890625 0.148438 7.65949E-11
-0.0107812 0.179688 7.63513E-11
0.0285937 0.476562 7.57552E-11
-0.00984375 0.164062 7.94676E-11
-0.0342187 0.570312 7.84678E-11
-0.00140625 0.0234375 7.57497E-11
0.0370313 0.617188 7.73093E-11
0.0389063 0.648438 7.58434E-11
-0.0107812 0.179688 7.82521E-11
0.00984375 0.164062 7.61175E-11
0.0220313 0.367188 7.84063E-11
0.0107812 0.179688 7.59631E-11
-0.00703125 0.117188 7.87573E-11
-0.00140625 0.0234375 7.72562E-11
0.0332812 0.554688 7.63081E-11
-0.00421875 0.0703125 7.62179E-11
-0.0276563 0.460938 7.85707E-11
0.0173437 0.289062 7.73118E-11
-0.0248437 0.414062 7.67148E-11
0.0145312 0.242188 7.60149E-11
0.0267187 0.445312 7.74932E-11
-0.00796875 0.132812 7.61488E-11
-0.0220313 0.367188 7.90216E-11
0.00890625 0.148438 7.61653E-11
-0.0210937 0.351562 7.90926E-11
-0.0145312 0.242188 7.84671E-11
-0.0248437 0.414062 7.72292E-11
0.0220313 0.367188 7.76442E-11
0.0435938 0.726562 7.60779E-11
0.0398437 0.664062 7.59252E-11
0.0154687 0.257812 7.62955E-11
-0.00046875 0.0078125 7.66335E-11
0.0107812 0.179688 7.59692E-11
0.00890625 0.148438 7.56736E-11
0.0126562 0.210938 7.70682E-11
0.0389063 0.648438 7.74142E-11
0.0285937 0.476562 7.60181E-11
-0.00328125 0.0546875 7.79073E-11
-0.0135937 0.226562 7.69751E-11
0.0182812 0.304688 7.87636E-11
0.00328125 0.0546875 7.60972E-11
0.0145312 0.242188 7.85249E-11
-0.00796875 0.132812 7.56817E-11
-0.0248437 0.414062 7.85871E-11
-0.0248437 0.414062 7.8846E-11
0.0182812 0.304688 7.93325E-11
0.0135937 0.226562 7.75093E-11
-0.00890625 0.148438 7.89013E-11
0.0154687 0.257812 7.57752E-11
-0.0257812 0.429688 7.95674E-11
-0.0107812 0.179688 7.62795E-11
-0.0107812 0.179688 7.91313E-11
-0.0267187 0.445312 7.98055E-11
0.00796875 0.132812 7.69722E-11
-0.00703125 0.117188 7.57223E-11
-0.00046875 0.0078125 7.93183E-11
-0.0445312 0.742187 7.96021E-11
0.00234375 0.0390625 7.69007E-11
-0.0285937 0.476562 7.72603E-11
0.0117188 0.195312 7.58104E-11
-0.0173437 0.289062 7.90644E-11
0.0220313 0.367188 7.51275E-11
0.0117188 0.195312 7.66082E-11
0.0285937 0.476562 7.52027E-11
0.0332812 0.554688 7.6813E-11
-0.0379687 0.632812 7.89641E-11
-0.0248437 0.414062 7.57748E-11
0.0464062 0.773438 7.49261E-11
-0.0107812 0.179688 8.04028E-11
0.0210937 0.351562 7.4893E-11
-0.0304687 0.507812 7.93676E-11
0.0295312 0.492188 7.80193E-11
0.00609375 0.101563 7.89118E-11
-0.0332812 0.554688 7.91209E-11
0.0107812 0.179688 7.66798E-11
0.00890625 0.148438 7.66099E-11
-0.0360937 0.601562 7.94954E-11
-0.00421875 0.0703125 7.63676E-11
-0.0407813 0.679688 7.66261E-11
0.0201563 0.335938 7.63548E-11
-0.0248437 0.414062 7.60083E-11
-0.0567187 0.945312 7.99653E-11
-0.0107812 0.179688 7.90427E-11
0.0595312 0.992187 7.74355E-11
0.0107812 0.179688 7.7451E-11
-0.0220313 0.367188 7.69966E-11
0.0107812 0.179688 7.8939E-11
-0.0126562 0.210938 7.66159E-11
-0.0257812 0.429688 7.95601E-11
-0.0117188 0.195312 7.64043E-11
0.00328125 0.0546875 7.6316E-11
-0.0126562 0.210938 7.92572E-11
0.0182812 0.304688 7.58525E-11
0.0154687 0.257812 7.67519E-11
0.00796875 0.132812 7.94835E-11
-0.0145312 0.242188 7.64855E-11
0.0267187 0.445312 7.70331E-11
0.00609375 0.101563 7.63454E-11
0.00046875 0.0078125 7.56616E-11
0.0229688 0.382813 7.83092E-11
-0.00609375 0.101563 7.88728E-11
-0.0267187 0.445312 7.95792E-11
-0.0379687 0.632812 7.95969E-11
-0.00328125 0.0546875 7.64474E-11
0.0267187 0.445312 7.67095E-11
-0.00140625 0.0234375 7.79717E-11
-0.0248437 0.414062 7.6433E-11
0.00421875 0.0703125 7.89154E-11
-0.0248437 0.414062 7.67684E-11
0.00140625 0.0234375 7.6501E-11
0.0145312 0.242188 7.70269E-11
-0.00234375 0.0390625 7.64516E-11
0.00046875 0.0078125 7.87126E-11
-0.0285937 0.476562 7.71654E-11
0.0295312 0.492188 7.92197E-11
-0.0276563 0.460938 7.88673E-11
-0.0407813 0.679688 7.93979E-11
0.00609375 0.101563 7.64588E-11
0.0314062 0.523438 7.62159E-11
0.0145312 0.242188 7.61819E-11
0.0229688 0.382813 7.58547E-11
0.0267187 0.445312 7.60024E-11
0.00703125 0.117188 7.8368E-11
-0.0145312 0.242188 7.83462E-11
-0.0248437 0.414062 7.70617E-11
0.0248437 0.414062 7.60885E-11
-0.00328125 0.0546875 7.8163E-11
-0.0107812 0.179688 7.93232E-11
0.0285937 0.476562 7.64904E-11
-0.0135937 0.226562 7.5953E-11
-0.0248437 0.414062 7.64878E-11
0.00609375 0.101563 7.83216E-11
0.0314062 0.523438 7.62499E-11
0.00796875 0.132812 7.54681E-11
-0.0145312 0.242188 7.9297E-11
0.00328125 0.0546875 7.6538E-11
0.0210937 0.351562 7.88828E-11
0.0164062 0.273437 7.59346E-11
-0.0107812 0.179688 7.57959E-11
0.0239062 0.398437 7.62136E-11
-0.0379687 0.632812 7.82754E-11
0.00515625 0.0859375 7.89777E-11
-0.00328125 0.0546875 7.66614E-11
0.0407813 0.679688 7.48991E-11
-0.0126562 0.210938 7.92138E-11
-0.00421875 0.0703125 7.64493E-11
-0.00796875 0.132812 7.63888E-11
-0.0351562 0.585938 7.9563E-11
0.0126562 0.210938 7.56239E-11
-0.0285937 0.476562 7.87082E-11
-0.0145312 0.242188 7.92356E-11
0.0360937 0.601562 7.56329E-11
-0.00328125 0.0546875 7.71217E-11
0.0192187 0.320312 7.66351E-11
-0.0210937 0.351562 7.67185E-11
-0.0201563 0.335938 7.86659E-11
-0.00046875 0.0078125 7.62924E-11
0.0248437 0.414062 7.45602E-11
0.0173437 0.289062 7.76733E-11
0.0182812 0.304688 7.59311E-11
0.0210937 0.351562 7.57402E-11
0.00421875 0.0703125 7.64706E-11
-0.0164062 0.273437 7.89797E-11
0.0154687 0.257812 7.63902E-11
-0.0173437 0.289062 7.84934E-11
0.0314062 0.523438 7.49605E-11
-0.0445312 0.742187 7.92962E-11
0.0248437 0.414062 7.75845E-11
-0.0173437 0.289062 7.61699E-11
-0.0145312 0.242188 7.93227E-11
-0.0117188 0.195312 7.77875E-11
0.0332812 0.554688 7.59952E-11
0.0107812 0.179688 7.62029E-11
-0.0173437 0.289062 8.01724E-11
-0.00234375 0.0390625 7.78353E-11
0.0210937 0.351562 7.64945E-11
-0.0182812 0.304688 7.84034E-11
0.0201563 0.335938 7.62684E-11
0.00421875 0.0703125 7.66113E-11
0.0117188 0.195312 7.65248E-11
0.0117188 0.195312 7.64578E-11
0.0173437 0.289062 7.86922E-11
0.0145312 0.242188 7.76627E-11
0.0435938 0.726562 7.46894E-11
0.0435938 0.726562 7.70703E-11
0.00703125 0.117188 7.65967E-11
0.00609375 0.101563 7.6079E-11
0.00609375 0.101563 7.83921E-11
0.00328125 0.0546875 7.64845E-11
-0.0117188 0.195312 7.74654E-11
0.0117188 0.195312 7.63664E-11
-0.0107812 0.179688 7.59886E-11
-0.00046875 0.0078125 7.56238E-11
-0.0323438 0.539063 7.85173E-11
0.00890625 0.148438 7.6254E-11
-0.0173437 0.289062 7.95311E-11
0.0126562 0.210938 7.61984E-11
-0.0201563 0.335938 7.68128E-11
0.00328125 0.0546875 7.86427E-11
-0.00140625 0.0234375 7.83696E-11
-0.00234375 0.0390625 7.57046E-11
-0.00703125 0.117188 7.7153E-11
-0.00703125 0.117188 7.62091E-11
0.0164062 0.273437 7.89545E-11
-0.0107812 0.179688 7.69885E-11
0.0192187 0.320312 7.6477E-11
-0.0285937 0.476562 7.61428E-11
-0.0201563 0.335938 7.84122E-11
0.0332812 0.554688 7.60147E-11
-0.00703125 0.117188 7.70036E-11
-0.0276563 0.460938 7.6813E-11
0.00046875 0.0078125 7.65159E-11
0.0164062 0.273437 7.56827E-11
0.00609375 0.101563 7.73392E-11
0.00890625 0.148438 7.46859E-11
-0.00609375 0.101563 7.6115E-11
0.0220313 0.367188 7.54991E-11
-0.00609375 0.101563 7.74392E-11
-0.0210937 0.351562 7.92402E-11
0.00796875 0.132812 7.67525E-11
0.00796875 0.132812 7.67233E-11
0.0239062 0.398437 7.64068E-11
-0.0154687 0.257812 7.63671E-11
-0.00703125 0.117188 7.63226E-11
-0.0267187 0.445312 7.9447E-11
-0.00984375 0.164062 7.90781E-11
-0.00796875 0.132812 7.62939E-11
0.00984375 0.164062 7.88614E-11
-0.00890625 0.148438 7.85852E-11
-0.0182812 0.304688 7.86385E-11
0.0445312 0.742187 7.54777E-11
0.0135937 0.226562 7.61421E-11
0.00421875 0.0703125 7.79084E-11
0.00046875 0.0078125 7.65908E-11
0.0304687 0.507812 7.64704E-11
0.0117188 0.195312 7.58271E-11
0.00421875 0.0703125 7.72946E-11
-0.0267187 0.445312 7.94122E-11
0.00328125 0.0546875 7.62204E-11
0.0107812 0.179688 7.46428E-11
-0.00140625 0.0234375 7.86677E-11
-0.0117188 0.195312 7.69213E-11
-0.00703125 0.117188 7.80884E-11
0.00421875 0.0703125 7.70733E-11
-0.00234375 0.0390625 7.77423E-11
-0.0173437 0.289062 7.8427E-11
0.0389063 0.648438 7.49442E-11
-0.0210937 0.351562 7.8835E-11
-0.00984375 0.164062 7.91629E-11
-0.00234375 0.0390625 7.64941E-11
-0.0314062 0.523438 7.87432E-11
0.00609375 0.101563 7.6709E-11
0.0192187 0.320312 7.90258E-11
-0.0276563 0.460938 7.63856E-11
-0.0135937 0.226562 7.65768E-11
0.0239062 0.398437 7.607E-11
-0.00890625 0.148438 7.62623E-11
-0.0107812 0.179688 7.92737E-11
-0.0370313 0.617188 7.92458E-11
0.0201563 0.335938 7.8837E-11
-0.0257812 0.429688 7.71405E-11
0.0285937 0.476562 7.67059E-11
-0.00703125 0.117188 7.59359E-11
-0.0248437 0.414062 7.66185E-11
0.00984375 0.164062 7.63387E-11
0.00609375 0.101563 7.58132E-11
0.0220313 0.367188 7.91835E-11
0.0201563 0.335938 7.83579E-11
-0.0267187 0.445312 7.65943E-11
-0.00421875 0.0703125 7.90592E-11
0.00515625 0.0859375 7.60265E-11
0.0220313 0.367188 7.7827E-11
0.00234375 0.0390625 7.76304E-11
0.0154687 0.257812 7.83898E-11
0.00140625 0.0234375 7.76764E-11
-0.00328125 0.0546875 7.80315E-11
-0.0164062 0.273437 7.89503E-11
-0.00328125 0.0546875 7.64282E-11
-0.0182812 0.304688 7.90608E-11
0.00890625 0.148438 7.58661E-11
-0.00515625 0.0859375 7.80527E-11
0.00234375 0.0390625 7.65608E-11
-0.0145312 0.242188 7.77762E-11
0.0360937 0.601562 7.69637E-11
-0.0276563 0.460938 7.97032E-11
0.0379687 0.632812 7.49196E-11
0.00046875 0.0078125 7.62043E-11
0.00515625 0.0859375 7.67083E-11
0.00046875 0.0078125 7.61836E-11
-0.00140625 0.0234375 7.93037E-11
-0.0210937 0.351562 7.87784E-11
0.0173437 0.289062 7.77471E-11
0.0182812 0.304688 7.79198E-11
0.0229688 0.382813 7.86316E-11
-0.0107812 0.179688 7.69007E-11
-0.0145312 0.242188 7.65854E-11
-0.00890625 0.148438 7.64257E-11
-0.0164062 0.273437 7.65213E-11
-0.00609375 0.101563 7.94161E-11
0.0257812 0.429688 7.87185E-11
0.0267187 0.445312 7.70539E-11
0.0454688 0.757813 7.60524E-11
0.00234375 0.0390625 7.93606E-11
-0.0379687 0.632812 7.85993E-11
-0.00140625 0.0234375 7.61759E-11
-0.0173437 0.289062 7.92517E-11
-0.0407813 0.679688 7.71218E-11
0.00796875 0.132812 7.65404E-11
-0.0201563 0.335938 7.86693E-11
-0.00046875 0.0078125 7.57632E-11
0.0173437 0.289062 7.64167E-11
0.00140625 0.0234375 7.90951E-11
-0.00046875 0.0078125 7.65496E-11
0.0210937 0.351562 7.85001E-11
-0.0192187 0.320312 7.7295E-11
0.0126562 0.210938 7.83615E-11
-0.00796875 0.132812 7.85288E-11
-0.0145312 0.242188 7.87823E-11
0.00140625 0.0234375 7.88243E-11
-0.00890625 0.148438 7.67253E-11
-0.0154687 0.257812 7.89295E-11
-0.00234375 0.0390625 7.64194E-11
-0.0182812 0.304688 7.65028E-11
-0.0164062 0.273437 7.91922E-11
0.0360937 0.601562 7.60241E-11
0.00421875 0.0703125 7.83428E-11
0.0192187 0.320312 7.64168E-11
0.0164062 0.273437 7.6236E-11
0.0210937 0.351562 7.86116E-11
0.0257812 0.429688 7.67185E-11
0.0154687 0.257812 7.66636E-11
-0.0239062 0.398437 7.90706E-11
-0.0435938 0.726562 7.94881E-11
-0.00984375 0.164062 7.67497E-11
0.0201563 0.335938 7.63732E-11
-0.0210937 0.351562 7.94178E-11
-0.00609375 0.101563 7.92306E-11
-0.0257812 0.429688 7.94872E-11
0.0257812 0.429688 7.43412E-11
-0.00703125 0.117188 7.66134E-11
0.0145312 0.242188 7.63732E-11
-0.0295312 0.492188 7.93184E-11
-0.00140625 0.0234375 7.66845E-11
0.0257812 0.429688 7.86731E-11
-0.0201563 0.335938 7.90405E-11
0.0342187 0.570312 7.94431E-11
0.0379687 0.632812 7.72988E-11
-0.0126562 0.210938 7.69018E-11
0.0379687 0.632812 7.86001E-11
0.00890625 0.148438 7.64454E-11
-0.0201563 0.335938 7.61492E-11
0.00515625 0.0859375 7.87748E-11
-0.0164062 0.273437 7.85679E-11
-0.00140625 0.0234375 7.69707E-11
0.0192187 0.320312 7.56444E-11
0.0201563 0.335938 7.65754E-11
0.00515625 0.0859375 7.86888E-11
-0.00234375 0.0390625 7.70202E-11
-0.00796875 0.132812 7.60928E-11
-0.00234375 0.0390625 7.6291E-11
0.0135937 0.226562 7.67624E-11
-0.0201563 0.335938 7.91953E-11
-0.0220313 0.367188 7.9087E-11
-0.0407813 0.679688 7.85176E-11
-0.00234375 0.0390625 7.91748E-11
-0.00796875 0.132812 7.6433E-11
-0.0295312 0.492188 7.63951E-11
-0.00140625 0.0234375 7.86129E-11
-0.0510937 0.851562 7.94877E-11
0.00890625 0.148438 7.78087E-11
-0.00609375 0.101563 7.86716E-11
0.00796875 0.132812 7.57583E-11
-0.00515625 0.0859375 7.85403E-11
-0.00890625 0.148438 7.92226E-11
0.0276563 0.460938 7.45502E-11
-0.0304687 0.507812 7.83844E-11
0.0126562 0.210938 7.50172E-11
-0.00234375 0.0390625 7.70504E-11
0.0182812 0.304688 7.49138E-11
-0.00328125 0.0546875 7.84674E-11
0.00140625 0.0234375 7.65513E-11
-0.00984375 0.164062 7.88871E-11
-0.00796875 0.132812 7.69904E-11
-0.0154687 0.257812 7.61492E-11
-0.0360937 0.601562 7.68455E-11
0.0192187 0.320312 7.60928E-11
0.00046875 0.0078125 7.73607E-11
-0.00421875 0.0703125 7.90385E-11
0.0145312 0.242188 7.74783E-11
-0.0201563 0.335938 7.9226E-11
-0.0417187 0.695312 7.84849E-11
0.00796875 0.132812 7.60898E-11
-0.0154687 0.257812 7.75374E-11
0.00890625 0.148438 7.89162E-11
-0.00515625 0.0859375 7.61372E-11
0.0126562 0.210938 7.66472E-11
-0.0164062 0.273437 7.66421E-11
-0.0285937 0.476562 7.88183E-11
-0.0210937 0.351562 7.78397E-11
-0.0276563 0.460938 7.85098E-11
-0.0126562 0.210938 7.60201E-11
0.00890625 0.148438 7.60683E-11
-0.0173437 0.289062 7.64793E-11
-0.00328125 0.0546875 7.63591E-11
0.0239062 0.398437 7.66218E-11
-0.0182812 0.304688 7.92864E-11
-0.00609375 0.101563 7.66078E-11
-0.00609375 0.101563 7.62774E-11
0.0154687 0.257812 7.85448E-11
-0.0182812 0.304688 7.81399E-11
0.0370313 0.617188 7.58127E-11
-0.0182812 0.304688 7.63718E-11
0.00796875 0.132812 7.85031E-11
0.00515625 0.0859375 7.59358E-11
0.0192187 0.320312 7.55145E-11
-0.00234375 0.0390625 7.83753E-11
0.0154687 0.257812 7.61516E-11
-0.0342187 0.570312 7.93578E-11
-0.0389063 0.648438 7.92105E-11
0.00421875 0.0703125 7.65953E-11
-0.0248437 0.414062 7.71004E-11
-0.00234375 0.0390625 7.96435E-11
0.00328125 0.0546875 7.81553E-11
-0.0145312 0.242188 7.92869E-11
-0.00140625 0.0234375 7.72435E-11
-0.0135937 0.226562 7.77227E-11
0.0398437 0.664062 7.48585E-11
-0.0117188 0.195312 7.93597E-11
0.0145312 0.242188 7.54675E-11
-0.00421875 0.0703125 7.90356E-11
0.00328125 0.0546875 7.60518E-11
0.0164062 0.273437 7.42081E-11
0.0126562 0.210938 7.62954E-11
0.0164062 0.273437 7.89881E-11
-0.00328125 0.0546875 7.85226E-11
0.0107812 0.179688 7.63413E-11
0.0295312 0.492188 7.6382E-11
-0.00609375 0.101563 7.57055E-11
-0.0257812 0.429688 7.84068E-11
0.00046875 0.0078125 7.65847E-11
0.00328125 0.0546875 7.65367E-11
0.0285937 0.476562 7.559E-11
-0.0173437 0.289062 7.93613E-11
-0.0145312 0.242188 7.66474E-11
0.00140625 0.0234375 7.60661E-11
-0.0229688 0.382813 7.73487E-11
0.00234375 0.0390625 7.59977E-11
0.00328125 0.0546875 7.62068E-11
0.0595312 0.992187 7.61113E-11
-0.00328125 0.0546875 7.65005E-11
-0.0501562 0.835938 7.9105E-11
-0.0229688 0.382813 7.65502E-11
