0.00328125 0.0546875 8.51941E-11
-0.00140625 0.0234375 8.51778E-11
0.0135937 0.226562 8.54392E-11
-0.00046875 0.0078125 8.61612E-11
0.0248437 0.414062 8.39164E-11
0.0164062 0.273437 8.47905E-11
-0.0135937 0.226562 8.56085E-11
-0.00890625 0.148438 8.24258E-11
0.00328125 0.0546875 8.50351E-11
-0.00703125 0.117188 8.25781E-11
0.0257812 0.429688 8.49421E-11
-0.00515625 0.0859375 8.45586E-11
-0.00046875 0.0078125 8.45491E-11
-0.00984375 0.164062 8.50481E-11
-0.0276563 0.460938 8.43737E-11
0.0248437 0.414062 8.3965E-11
0.00703125 0.117188 8.4472E-11
-0.00140625 0.0234375 8.73565E-11
0.00609375 0.101563 8.41612E-11
-0.0117188 0.195312 8.62769E-11
0.0135937 0.226562 8.45502E-11
-0.0117188 0.195312 8.53631E-11
-0.00234375 0.0390625 8.69716E-11
-0.00890625 0.148438 8.72108E-11
-0.00140625 0.0234375 8.8846E-11
0.00046875 0.0078125 8.51883E-11
-0.00328125 0.0546875 8.58932E-11
-0.00234375 0.0390625 8.49431E-11
0.00609375 0.101563 8.43971E-11
-0.0135937 0.226562 8.66886E-11
0.0117188 0.195312 8.36596E-11
-0.00609375 0.101563 8.50853E-11
-0.0201563 0.335938 8.51497E-11
-0.00234375 0.0390625 8.47077E-11
-0.0145312 0.242188 8.49944E-11
0.00890625 0.148438 8.29915E-11
0.00140625 0.0234375 8.44802E-11
0.00984375 0.164062 8.43614E-11
-0.0164062 0.273437 8.58185E-11
0.00609375 0.101563 8.41412E-11
-0.00609375 0.101563 8.44819E-11
0.0173437 0.289062 8.41708E-11
0.00234375 0.0390625 8.70669E-11
-0.00515625 0.0859375 8.51495E-11
-0.0145312 0.242188 8.38048E-11
0.00421875 0.0703125 8.48959E-11
-0.0126562 0.210938 8.49766E-11
-0.0229688 0.382813 8.70674E-11
0.00515625 0.0859375 8.56969E-11
0.00515625 0.0859375 8.53157E-11
0.00234375 0.0390625 8.34771E-11
-0.0201563 0.335938 8.50623E-11
0.0164062 0.273437 8.46277E-11
0.00328125 0.0546875 8.86271E-11
-0.0126562 0.210938 8.50806E-11
0.0145312 0.242188 8.40489E-11
-0.0220313 0.367188 8.52977E-11
-0.00796875 0.132812 8.46513E-11
-0.00703125 0.117188 8.53592E-11
-0.00609375 0.101563 8.46891E-11
0.0117188 0.195312 8.40625E-11
0.00046875 0.0078125 8.53024E-11
-0.00890625 0.148438 8.39527E-11
0.00515625 0.0859375 8.49029E-11
-0.00796875 0.132812 8.49878E-11
0.00046875 0.0078125 8.48439E-11
-0.00140625 0.0234375 8.44181E-11
-0.00234375 0.0390625 8.69026E-11
0.00703125 0.117188 8.32868E-11
-0.00609375 0.101563 8.60117E-11
0.0229688 0.382813 8.55507E-11
0.00796875 0.132812 8.46305E-11
0.00328125 0.0546875 8.53841E-11
-0.00890625 0.148438 8.69956E-11
0.00796875 0.132812 8.43671E-11
-0.00421875 0.0703125 8.59977E-11
-0.00140625 0.0234375 8.57451E-11
0.0107812 0.179688 8.54861E-11
-0.00609375 0.101563 8.70253E-11
-0.0145312 0.242188 8.57731E-11
0.00796875 0.132812 8.44511E-11
-0.00328125 0.0546875 8.69236E-11
-0.00328125 0.0546875 8.52744E-11
0.00421875 0.0703125 8.44404E-11
0.00890625 0.148438 8.42953E-11
0.0154687 0.257812 8.45744E-11
0.00515625 0.0859375 8.43057E-11
0.00421875 0.0703125 8.36716E-11
0.00796875 0.132812 8.56498E-11
-0.00796875 0.132812 8.46806E-11
0.00140625 0.0234375 8.49843E-11
-0.00984375 0.164062 8.65082E-11
0.0239062 0.398437 8.35801E-11
-0.00984375 0.164062 8.74361E-11
-0.00234375 0.0390625 8.54703E-11
0.0257812 0.429688 8.37601E-11
0.00796875 0.132812 8.5538E-11
-0.00890625 0.148438 8.73608E-11
0.00890625 0.148438 8.48188E-11
0.00609375 0.101563 8.48417E-11
-0.0192187 0.320312 8.67836E-11
0.00421875 0.0703125 8.52529E-11
-0.00046875 0.0078125 8.51637E-11
-0.0248437 0.414062 8.61892E-11
0.0201563 0.335938 8.44108E-11
-0.00421875 0.0703125 8.70201E-11
-0.0173437 0.289062 8.53217E-11
-0.0117188 0.195312 8.70231E-11
-0.00796875 0.132812 8.82455E-11
0.0117188 0.195312 8.54466E-11
-0.00984375 0.164062 8.607E-11
-0.00703125 0.117188 8.67467E-11
0.00234375 0.0390625 8.64882E-11
-0.00984375 0.164062 8.404E-11
-0.00515625 0.0859375 8.4156E-11
0.0107812 0.179688 8.44547E-11
-0.00515625 0.0859375 8.71606E-11
0.0145312 0.242188 8.40924E-11
-0.00234375 0.0390625 8.47718E-11
0.00046875 0.0078125 8.46652E-11
-0.00328125 0.0546875 8.56231E-11
-0.00515625 0.0859375 8.46112E-11
0.00796875 0.132812 8.41257E-11
0.00046875 0.0078125 8.46696E-11
-0.00796875 0.132812 8.70556E-11
0.0257812 0.429688 8.43341E-11
-0.00984375 0.164062 8.58391E-11
-0.0145312 0.242188 8.56745E-11
-0.00328125 0.0546875 8.38339E-11
0.0107812 0.179688 8.4893E-11
0.0173437 0.289062 8.52608E-11
0.0117188 0.195312 8.66752E-11
-0.0220313 0.367188 8.71392E-11
0.00890625 0.148438 8.58344E-11
-0.00046875 0.0078125 8.55883E-11
-0.0107812 0.179688 8.71052E-11
0.0248437 0.414062 8.59153E-11
-0.0145312 0.242188 8.51202E-11
-0.0210937 0.351562 8.54563E-11
0.00421875 0.0703125 8.68389E-11
-0.0107812 0.179688 8.51156E-11
0.00515625 0.0859375 8.44333E-11
-0.0154687 0.257812 8.81726E-11
0.00890625 0.148438 8.41168E-11
-0.0229688 0.382813 8.6841E-11
-0.00046875 0.0078125 8.71683E-11
0.00515625 0.0859375 8.46871E-11
0.00890625 0.148438 8.69151E-11
0.00140625 0.0234375 8.32198E-11
0.00515625 0.0859375 8.38454E-11
-0.00890625 0.148438 8.7039E-11
0.00421875 0.0703125 8.46296E-11
-0.00515625 0.0859375 8.58382E-11
-0.0154687 0.257812 8.61423E-11
0.0182812 0.304688 8.38401E-11
-0.00140625 0.0234375 8.53426E-11
-0.00890625 0.148438 8.45022E-11
-0.0145312 0.242188 8.51187E-11
-0.00046875 0.0078125 8.48078E-11
-0.0107812 0.179688 8.65353E-11
-0.00609375 0.101563 8.39855E-11
0.00890625 0.148438 8.41351E-11
-0.00046875 0.0078125 8.65192E-11
0.0342187 0.570312 8.3794E-11
0.00234375 0.0390625 8.57528E-11
-0.00796875 0.132812 8.40571E-11
-0.00703125 0.117188 8.65653E-11
-0.00328125 0.0546875 8.55979E-11
0.0342187 0.570312 8.41046E-11
0.00515625 0.0859375 8.45138E-11
0.00140625 0.0234375 8.58852E-11
0.0239062 0.398437 8.58369E-11
-0.00890625 0.148438 8.57237E-11
-0.0135937 0.226562 8.49041E-11
0.00984375 0.164062 8.41278E-11
0.00703125 0.117188 8.4512E-11
0.0154687 0.257812 8.36684E-11
0.0145312 0.242188 8.35717E-11
-0.00046875 0.0078125 8.62278E-11
-0.00421875 0.0703125 8.53056E-11
0.00421875 0.0703125 8.50989E-11
0.00421875 0.0703125 8.4283E-11
0.0192187 0.320312 8.46989E-11
0.00890625 0.148438 8.44952E-11
0.00421875 0.0703125 8.51155E-11
0.0126562 0.210938 8.35664E-11
-0.00609375 0.101563 8.50657E-11
0.00046875 0.0078125 8.38752E-11
0.0229688 0.382813 8.39149E-11
-0.00984375 0.164062 8.4508E-11
-0.00703125 0.117188 8.38116E-11
-0.00984375 0.164062 8.43476E-11
0.00703125 0.117188 8.34736E-11
-0.00140625 0.0234375 8.58538E-11
-0.00703125 0.117188 8.48998E-11
-0.0117188 0.195312 8.37725E-11
-0.0182812 0.304688 8.75011E-11
0.00609375 0.101563 8.46818E-11
0.0173437 0.289062 8.70284E-11
0.00515625 0.0859375 8.51174E-11
-0.0314062 0.523438 8.67384E-11
-0.00421875 0.0703125 8.57082E-11
0.00890625 0.148438 8.5692E-11
-0.00234375 0.0390625 8.52208E-11
-0.00234375 0.0390625 8.47133E-11
-0.00328125 0.0546875 8.70765E-11
0.00703125 0.117188 8.45983E-11
0.0220313 0.367188 8.39127E-11
-0.0182812 0.304688 8.64449E-11
0.0182812 0.304688 8.40699E-11
0.00421875 0.0703125 8.46327E-11
-0.00421875 0.0703125 8.69912E-11
-0.00046875 0.0078125 8.46905E-11
0.00796875 0.132812 8.74374E-11
-0.0117188 0.195312 8.42229E-11
-0.0229688 0.382813 8.64916E-11
-0.00328125 0.0546875 8.44426E-11
0.00234375 0.0390625 8.51298E-11
-0.00796875 0.132812 8.66512E-11
0.00234375 0.0390625 8.4674E-11
-0.0192187 0.320312 8.53542E-11
0.00984375 0.164062 8.47184E-11
-0.00515625 0.0859375 8.48456E-11
-0.0210937 0.351562 8.5052E-11
0.0107812 0.179688 8.31551E-11
-0.00796875 0.132812 8.35842E-11
-0.0154687 0.257812 8.43431E-11
0.0107812 0.179688 8.67882E-11
-0.0135937 0.226562 8.56447E-11
0.0210937 0.351562 8.41724E-11
0.00515625 0.0859375 8.33167E-11
0.0164062 0.273437 8.47793E-11
-0.0192187 0.320312 8.57982E-11
0.00234375 0.0390625 8.42208E-11
0.00609375 0.101563 8.51861E-11
-0.00421875 0.0703125 8.45295E-11
0.0135937 0.226562 8.41081E-11
0.00046875 0.0078125 8.66883E-11
0.0107812 0.179688 8.47621E-11
0.00703125 0.117188 8.49613E-11
-0.00140625 0.0234375 8.54153E-11
-0.00515625 0.0859375 8.43441E-11
-0.0135937 0.226562 8.53964E-11
0.00890625 0.148438 8.38971E-11
-0.0229688 0.382813 8.48986E-11
-0.00515625 0.0859375 8.38615E-11
0.0154687 0.257812 8.39324E-11
-0.0107812 0.179688 8.6993E-11
0.00609375 0.101563 8.37473E-11
0.00234375 0.0390625 8.52359E-11
0.00609375 0.101563 8.40301E-11
-0.00796875 0.132812 8.3726E-11
0.0145312 0.242188 8.42722E-11
-0.00796875 0.132812 8.55142E-11
0.0220313 0.367188 8.4187E-11
-0.00046875 0.0078125 8.55259E-11
0.00328125 0.0546875 8.50316E-11
-0.0173437 0.289062 8.59346E-11
-0.0229688 0.382813 8.58559E-11
-0.00140625 0.0234375 8.3667E-11
0.0304687 0.507812 8.45301E-11
-0.0107812 0.179688 8.58452E-11
-0.00046875 0.0078125 8.42117E-11
-0.00046875 0.0078125 8.524E-11
-0.0220313 0.367188 8.52515E-11
0.0135937 0.226562 8.54658E-11
0.00421875 0.0703125 8.46064E-11
-0.00515625 0.0859375 8.45493E-11
0.0182812 0.304688 8.52843E-11
-0.0126562 0.210938 8.76443E-11
0.00703125 0.117188 8.51984E-11
0.0239062 0.398437 8.4537E-11
0.0126562 0.210938 8.53566E-11
0.0154687 0.257812 8.34153E-11
0.00421875 0.0703125 8.50915E-11
0.0173437 0.289062 8.51995E-11
-0.00515625 0.0859375 8.49283E-11
0.0107812 0.179688 8.47841E-11
0.00796875 0.132812 8.46721E-11
-0.00234375 0.0390625 8.77098E-11
0.00703125 0.117188 8.41261E-11
-0.0117188 0.195312 8.42178E-11
0.0173437 0.289062 8.32796E-11
-0.00890625 0.148438 8.46376E-11
0.00796875 0.132812 8.75188E-11
-0.0117188 0.195312 8.51792E-11
-0.0107812 0.179688 8.49647E-11
-0.00984375 0.164062 8.48597E-11
0.0164062 0.273437 8.505E-11
0.0192187 0.320312 8.41673E-11
0.00234375 0.0390625 8.42326E-11
-0.0314062 0.523438 8.52094E-11
0.00609375 0.101563 8.41378E-11
0.00234375 0.0390625 8.38259E-11
-0.0126562 0.210938 8.6309E-11
-0.00796875 0.132812 8.57385E-11
0.00890625 0.148438 8.50488E-11
-0.00796875 0.132812 8.753E-11
0.00140625 0.0234375 8.47234E-11
0.00140625 0.0234375 8.28896E-11
-0.00890625 0.148438 8.6066E-11
0.00515625 0.0859375 8.45291E-11
-0.0107812 0.179688 8.53686E-11
-0.0126562 0.210938 8.5604E-11
0.00046875 0.0078125 8.72684E-11
0.00234375 0.0390625 8.44432E-11
0.0135937 0.226562 8.58935E-11
0.00796875 0.132812 8.53564E-11
-0.00796875 0.132812 8.4682E-11
-0.0145312 0.242188 8.41442E-11
-0.0173437 0.289062 8.48346E-11
-0.00984375 0.164062 8.3931E-11
-0.0239062 0.398437 8.54363E-11
0.0164062 0.273437 8.69451E-11
0.0182812 0.304688 8.56557E-11
0.0164062 0.273437 8.42956E-11
0.0135937 0.226562 8.38405E-11
-0.0154687 0.257812 8.63266E-11
-0.00328125 0.0546875 8.5655E-11
-0.0164062 0.273437 8.50084E-11
0.00609375 0.101563 8.50131E-11
0.0154687 0.257812 8.59408E-11
0.0135937 0.226562 8.39767E-11
-0.00796875 0.132812 8.57362E-11
-0.00234375 0.0390625 8.45379E-11
-0.00234375 0.0390625 8.5052E-11
-0.0126562 0.210938 8.50032E-11
-0.00609375 0.101563 8.52954E-11
0.0182812 0.304688 8.33243E-11
-0.00046875 0.0078125 8.67914E-11
-0.0182812 0.304688 8.62854E-11
0.0107812 0.179688 8.49461E-11
0.0126562 0.210938 8.35884E-11
0.00046875 0.0078125 8.54201E-11
-0.0117188 0.195312 8.51486E-11
0.00046875 0.0078125 8.47974E-11
-0.00046875 0.0078125 8.50058E-11
-0.00796875 0.132812 8.5176E-11
-0.0126562 0.210938 8.58167E-11
0.00703125 0.117188 8.40578E-11
0.00046875 0.0078125 8.74343E-11
-0.00703125 0.117188 8.69888E-11
-0.00796875 0.132812 8.65342E-11
-0.0145312 0.242188 8.51698E-11
-0.0248437 0.414062 8.4965E-11
0.00046875 0.0078125 8.57918E-11
0.00984375 0.164062 8.44516E-11
-0.0173437 0.289062 8.59911E-11
0.00046875 0.0078125 8.43114E-11
0.0295312 0.492188 8.58173E-11
-0.0126562 0.210938 8.64194E-11
0.00703125 0.117188 8.51614E-11
0.00046875 0.0078125 8.74982E-11
0.00328125 0.0546875 8.5179E-11
0.00515625 0.0859375 8.66235E-11
-0.00984375 0.164062 8.56642E-11
0.0164062 0.273437 8.44492E-11
-0.00515625 0.0859375 8.42382E-11
0.00421875 0.0703125 8.47138E-11
-0.0164062 0.273437 8.55306E-11
-0.00140625 0.0234375 8.51549E-11
0.0135937 0.226562 8.5307E-11
-0.0154687 0.257812 8.47961E-11
0.0229688 0.382813 8.40877E-11
-0.0210937 0.351562 8.44654E-11
-0.00234375 0.0390625 8.3468E-11
-0.00140625 0.0234375 8.53223E-11
-0.00046875 0.0078125 8.20402E-11
-0.0135937 0.226562 8.44612E-11
0.00703125 0.117188 8.54316E-11
-0.00890625 0.148438 8.45897E-11
-0.00890625 0.148438 8.27031E-11
-0.0135937 0.226562 8.69887E-11
0.00796875 0.132812 8.48041E-11
0.0182812 0.304688 8.32759E-11
-0.00140625 0.0234375 8.57684E-11
0.00984375 0.164062 8.73637E-11
0.00328125 0.0546875 8.61444E-11
-0.00328125 0.0546875 8.36481E-11
-0.00796875 0.132812 8.6724E-11
0.00703125 0.117188 8.51315E-11
0.0126562 0.210938 8.43837E-11
-0.0360937 0.601562 8.57675E-11
-0.0239062 0.398437 8.64123E-11
0.0164062 0.273437 8.38259E-11
0.00328125 0.0546875 8.47091E-11
-0.00515625 0.0859375 8.53349E-11
-0.0107812 0.179688 8.44609E-11
-0.0145312 0.242188 8.58219E-11
0.00515625 0.0859375 8.37357E-11
0.00609375 0.101563 8.44611E-11
-0.0126562 0.210938 8.4892E-11
0.0126562 0.210938 8.50987E-11
0.0107812 0.179688 8.47711E-11
-0.00140625 0.0234375 8.46503E-11
-0.0164062 0.273437 8.45311E-11
-0.00234375 0.0390625 8.69519E-11
0.00609375 0.101563 8.60713E-11
0.0117188 0.195312 8.51802E-11
-0.0117188 0.195312 8.52048E-11
0.00515625 0.0859375 8.68395E-11
-0.0117188 0.195312 8.4811E-11
0.0257812 0.429688 8.68168E-11
0.0304687 0.507812 8.35183E-11
0.00421875 0.0703125 8.48815E-11
-0.00796875 0.132812 8.4148E-11
0.0164062 0.273437 8.41253E-11
0.0210937 0.351562 8.47487E-11
0.0154687 0.257812 8.44395E-11
-0.0257812 0.429688 8.42112E-11
0.0248437 0.414062 8.34755E-11
-0.00328125 0.0546875 8.67606E-11
0.0173437 0.289062 8.41076E-11
0.00046875 0.0078125 8.66596E-11
-0.00328125 0.0546875 8.70567E-11
0.0126562 0.210938 8.5001E-11
0.00609375 0.101563 8.48272E-11
-0.00515625 0.0859375 8.55714E-11
-0.00703125 0.117188 8.6352E-11
0.00046875 0.0078125 8.44006E-11
0.00234375 0.0390625 8.67589E-11
0.0229688 0.382813 8.42422E-11
-0.00796875 0.132812 8.44128E-11
0.0126562 0.210938 8.48849E-11
-0.00609375 0.101563 8.39392E-11
-0.00046875 0.0078125 8.51252E-11
0.00609375 0.101563 8.53323E-11
-0.00234375 0.0390625 8.39323E-11
-0.0182812 0.304688 8.64074E-11
0.00328125 0.0546875 8.67133E-11
0.00890625 0.148438 8.47534E-11
0.0145312 0.242188 8.37147E-11
-0.00046875 0.0078125 8.39563E-11
-0.0145312 0.242188 8.46852E-11
0.00234375 0.0390625 8.55443E-11
0.0164062 0.273437 8.40358E-11
0.0304687 0.507812 8.42275E-11
-0.0126562 0.210938 8.6941E-11
-0.00234375 0.0390625 8.56606E-11
0.00703125 0.117188 8.81991E-11
0.00421875 0.0703125 8.47863E-11
0.00046875 0.0078125 8.63389E-11
-0.00234375 0.0390625 8.42051E-11
-0.0201563 0.335938 8.52134E-11
-0.00328125 0.0546875 8.71607E-11
-0.00703125 0.117188 8.44184E-11
-0.00234375 0.0390625 8.51495E-11
-0.00140625 0.0234375 8.59978E-11
-0.0173437 0.289062 8.28699E-11
0.0145312 0.242188 8.43134E-11
0.0229688 0.382813 8.40946E-11
0.00609375 0.101563 8.45746E-11
-0.00515625 0.0859375 8.74098E-11
-0.00140625 0.0234375 8.64679E-11
-0.00046875 0.0078125 8.56323E-11
0.0182812 0.304688 8.72027E-11
-0.0117188 0.195312 8.73187E-11
0.0135937 0.226562 8.54992E-11
-0.0145312 0.242188 8.54242E-11
0.0107812 0.179688 8.48101E-11
-0.00515625 0.0859375 8.72038E-11
0.00703125 0.117188 8.45399E-11
0.00984375 0.164062 8.41662E-11
-0.0173437 0.289062 8.79407E-11
0.00234375 0.0390625 8.46253E-11
0.0173437 0.289062 8.49341E-11
-0.00984375 0.164062 8.68124E-11
-0.0182812 0.304688 8.69009E-11
-0.00984375 0.164062 8.51015E-11
-0.00984375 0.164062 8.61737E-11
-0.0267187 0.445312 8.55724E-11
0.00703125 0.117188 8.49553E-11
-0.00890625 0.148438 8.4608E-11
-0.00890625 0.148438 8.76053E-11
-0.0107812 0.179688 8.5334E-11
0.00234375 0.0390625 8.63279E-11
-0.00609375 0.101563 8.45911E-11
-0.00328125 0.0546875 8.67966E-11
-0.0210937 0.351562 8.53166E-11
-0.00328125 0.0546875 8.41705E-11
-0.0117188 0.195312 8.68978E-11
-0.00046875 0.0078125 8.61428E-11
-0.0107812 0.179688 8.56342E-11
-0.00703125 0.117188 8.67171E-11
-0.00234375 0.0390625 8.55013E-11
-0.00703125 0.117188 8.46104E-11
-0.0164062 0.273437 8.67052E-11
0.00046875 0.0078125 8.43932E-11
-0.0117188 0.195312 8.76664E-11
0.00609375 0.101563 8.6035E-11
0.00140625 0.0234375 8.5331E-11
-0.00703125 0.117188 8.45642E-11
0.00515625 0.0859375 8.43774E-11
-0.00234375 0.0390625 8.48969E-11
0.00328125 0.0546875 8.52709E-11
-0.0267187 0.445312 8.68048E-11
0.00890625 0.148438 8.39919E-11
0.00421875 0.0703125 8.56843E-11
-0.00703125 0.117188 8.49231E-11
0.00328125 0.0546875 8.23364E-11
