0.00609375 0.101563 1.33888E-10
0.00046875 0.0078125 1.34608E-10
-0.0164062 0.273437 1.35129E-10
0.0117188 0.195312 1.33875E-10
0.00421875 0.0703125 1.34005E-10
-0.00703125 0.117188 1.34411E-10
0.00328125 0.0546875 1.33428E-10
-0.0117188 0.195312 1.36783E-10
0.0145312 0.242188 1.34852E-10
0.00046875 0.0078125 1.34619E-10
-0.00703125 0.117188 1.35629E-10
-0.00234375 0.0390625 1.33152E-10
0.00046875 0.0078125 1.35196E-10
0.0285937 0.476562 1.33996E-10
-0.0145312 0.242188 1.33476E-10
0.00984375 0.164062 1.36335E-10
0.00890625 0.148438 1.34255E-10
-0.00328125 0.0546875 1.3423E-10
0.00328125 0.0546875 1.34817E-10
-0.00234375 0.0390625 1.34508E-10
-0.00234375 0.0390625 1.33092E-10
0.00609375 0.101563 1.34877E-10
-0.00234375 0.0390625 1.34862E-10
0.0107812 0.179688 1.33505E-10
0.00328125 0.0546875 1.3536E-10
-0.00984375 0.164062 1.34407E-10
0.00234375 0.0390625 1.33869E-10
-0.0135937 0.226562 1.38461E-10
-0.00515625 0.0859375 1.36123E-10
0.00140625 0.0234375 1.33203E-10
0.0201563 0.335938 1.34331E-10
0.0135937 0.226562 1.35367E-10
0.00515625 0.0859375 1.36092E-10
-0.0126562 0.210938 1.32542E-10
-0.00421875 0.0703125 1.34283E-10
0.0117188 0.195312 1.35992E-10
-0.00984375 0.164062 1.33156E-10
-0.0117188 0.195312 1.34471E-10
-0.00984375 0.164062 1.34405E-10
-0.0154687 0.257812 1.33776E-10
0.00703125 0.117188 1.37521E-10
0.0107812 0.179688 1.34989E-10
0.00234375 0.0390625 1.38431E-10
-0.00140625 0.0234375 1.35001E-10
-0.00234375 0.0390625 1.3637E-10
0.00890625 0.148438 1.3459E-10
-0.00796875 0.132812 1.34666E-10
-0.0182812 0.304688 1.34138E-10
-0.00609375 0.101563 1.36696E-10
-0.0117188 0.195312 1.33933E-10
-0.00796875 0.132812 1.35776E-10
-0.0135937 0.226562 1.35823E-10
-0.00328125 0.0546875 1.34949E-10
-0.0135937 0.226562 1.34941E-10
-0.00140625 0.0234375 1.35788E-10
0.0154687 0.257812 1.37169E-10
-0.00703125 0.117188 1.36194E-10
-0.00234375 0.0390625 1.33286E-10
0.00796875 0.132812 1.35817E-10
-0.0135937 0.226562 1.33904E-10
-0.00421875 0.0703125 1.34666E-10
0.00421875 0.0703125 1.35913E-10
0.00796875 0.132812 1.36502E-10
-0.0210937 0.351562 1.34608E-10
-0.00140625 0.0234375 1.37395E-10
0.0192187 0.320312 1.3449E-10
0.00796875 0.132812 1.33354E-10
-0.00328125 0.0546875 1.34606E-10
0.0126562 0.210938 1.36829E-10
-0.00890625 0.148438 1.37789E-10
-0.0107812 0.179688 1.36983E-10
-0.00984375 0.164062 1.33445E-10
-0.00890625 0.148438 1.32376E-10
0.0126562 0.210938 1.35618E-10
-0.00140625 0.0234375 1.38262E-10
0.00234375 0.0390625 1.36859E-10
0.0164062 0.273437 1.34799E-10
0.00796875 0.132812 1.3768E-10
-0.0126562 0.210938 1.36261E-10
0.00796875 0.132812 1.33753E-10
-0.00328125 0.0546875 1.33541E-10
0.00609375 0.101563 1.33127E-10
-0.00140625 0.0234375 1.3309E-10
0.00609375 0.101563 1.34828E-10
-0.00046875 0.0078125 1.36161E-10
-0.00984375 0.164062 1.35289E-10
-0.00515625 0.0859375 1.38355E-10
-0.0229688 0.382813 1.34716E-10
0.00046875 0.0078125 1.34064E-10
0.00046875 0.0078125 1.34189E-10
-0.00046875 0.0078125 1.3355E-10
-0.00609375 0.101563 1.34572E-10
-0.00609375 0.101563 1.34441E-10
0.00234375 0.0390625 1.37613E-10
-0.0248437 0.414062 1.35164E-10
-0.0126562 0.210938 1.34681E-10
-0.00890625 0.148438 1.3912E-10
-0.00046875 0.0078125 1.37686E-10
-0.00328125 0.0546875 1.32086E-10
0.00046875 0.0078125 1.38501E-10
0.00703125 0.117188 1.37179E-10
0.0117188 0.195312 1.33498E-10
-0.00796875 0.132812 1.34096E-10
0.00609375 0.101563 1.3308E-10
-0.00890625 0.148438 1.37968E-10
0.00328125 0.0546875 1.34594E-10
0.0229688 0.382813 1.34367E-10
-0.00984375 0.164062 1.38446E-10
-0.00140625 0.0234375 1.32916E-10
-0.00890625 0.148438 1.33566E-10
0.00421875 0.0703125 1.33423E-10
-0.0210937 0.351562 1.35953E-10
0.00234375 0.0390625 1.35017E-10
-0.00515625 0.0859375 1.37335E-10
-0.00796875 0.132812 1.3621E-10
0.00609375 0.101563 1.3763E-10
0.00140625 0.0234375 1.34611E-10
0.0182812 0.304688 1.33948E-10
0.00234375 0.0390625 1.33154E-10
-0.00984375 0.164062 1.34525E-10
0.00234375 0.0390625 1.35136E-10
0.0135937 0.226562 1.36551E-10
0.00515625 0.0859375 1.35321E-10
-0.0135937 0.226562 1.38543E-10
-0.00609375 0.101563 1.34525E-10
0.00328125 0.0546875 1.3365E-10
-0.0145312 0.242188 1.3346E-10
0.0229688 0.382813 1.33431E-10
0.0107812 0.179688 1.34973E-10
-0.00421875 0.0703125 1.36826E-10
0.0154687 0.257812 1.34496E-10
-0.00234375 0.0390625 1.33537E-10
0.0154687 0.257812 1.34339E-10
-0.00703125 0.117188 1.37646E-10
-0.00984375 0.164062 1.32541E-10
0.00984375 0.164062 1.36136E-10
0.0173437 0.289062 1.38029E-10
0.0210937 0.351562 1.35743E-10
0.00515625 0.0859375 1.3641E-10
0.00328125 0.0546875 1.34523E-10
-0.00140625 0.0234375 1.37793E-10
0.00140625 0.0234375 1.33935E-10
-0.00328125 0.0546875 1.33029E-10
-0.0117188 0.195312 1.34389E-10
-0.00890625 0.148438 1.34806E-10
0.00140625 0.0234375 1.37373E-10
-0.00796875 0.132812 1.33798E-10
-0.00796875 0.132812 1.36055E-10
-0.00421875 0.0703125 1.37842E-10
-0.0201563 0.335938 1.34223E-10
-0.00234375 0.0390625 1.35694E-10
0.0285937 0.476562 1.35186E-10
-0.00515625 0.0859375 1.33982E-10
0.00046875 0.0078125 1.37014E-10
0.00046875 0.0078125 1.34423E-10
-0.0107812 0.179688 1.33807E-10
0.0117188 0.195312 1.37342E-10
-0.00703125 0.117188 1.34208E-10
-0.00140625 0.0234375 1.33616E-10
0.0164062 0.273437 1.34002E-10
0.00890625 0.148438 1.34271E-10
0.00796875 0.132812 1.34309E-10
-0.00984375 0.164062 1.33926E-10
-0.00234375 0.0390625 1.36152E-10
-0.00140625 0.0234375 1.34764E-10
0.00890625 0.148438 1.34881E-10
-0.00234375 0.0390625 1.37046E-10
-0.0107812 0.179688 1.34396E-10
0.00046875 0.0078125 1.34552E-10
0.0107812 0.179688 1.36191E-10
0.0107812 0.179688 1.34518E-10
0.0173437 0.289062 1.34749E-10
0.00140625 0.0234375 1.34742E-10
0.00703125 0.117188 1.37005E-10
-0.00890625 0.148438 1.37259E-10
-0.00234375 0.0390625 1.35717E-10
-0.0323438 0.539063 1.35476E-10
-0.0135937 0.226562 1.35904E-10
0.0145312 0.242188 1.3346E-10
0.0192187 0.320312 1.36345E-10
0.00046875 0.0078125 1.34805E-10
0.00796875 0.132812 1.34154E-10
0.0117188 0.195312 1.34979E-10
-0.00046875 0.0078125 1.35523E-10
0.0107812 0.179688 1.33377E-10
0.00328125 0.0546875 1.37782E-10
-0.00234375 0.0390625 1.34656E-10
0.0145312 0.242188 1.334E-10
0.0164062 0.273437 1.34861E-10
0.00609375 0.101563 1.34933E-10
0.0145312 0.242188 1.32589E-10
0.0154687 0.257812 1.37681E-10
-0.0135937 0.226562 1.3566E-10
0.00328125 0.0546875 1.34572E-10
-0.0126562 0.210938 1.3847E-10
-0.00140625 0.0234375 1.34608E-10
0.00796875 0.132812 1.33006E-10
0.00890625 0.148438 1.3422E-10
0.0135937 0.226562 1.35224E-10
-0.00515625 0.0859375 1.37669E-10
-0.0107812 0.179688 1.39362E-10
-0.00046875 0.0078125 1.33734E-10
0.0220313 0.367188 1.33822E-10
0.00046875 0.0078125 1.39778E-10
0.0107812 0.179688 1.3823E-10
0.00984375 0.164062 1.34151E-10
0.00703125 0.117188 1.36702E-10
-0.00515625 0.0859375 1.36608E-10
0.00140625 0.0234375 1.33363E-10
-0.00234375 0.0390625 1.36668E-10
-0.00890625 0.148438 1.39352E-10
0.00421875 0.0703125 1.34433E-10
0.0210937 0.351562 1.34684E-10
-0.00234375 0.0390625 1.34219E-10
0.00046875 0.0078125 1.33546E-10
-0.0126562 0.210938 1.3459E-10
0.00234375 0.0390625 1.35856E-10
-0.00328125 0.0546875 1.33242E-10
-0.00515625 0.0859375 1.34541E-10
-0.00796875 0.132812 1.3882E-10
0.00234375 0.0390625 1.33619E-10
-0.00984375 0.164062 1.3597E-10
-0.0117188 0.195312 1.34785E-10
-0.0135937 0.226562 1.37763E-10
0.0145312 0.242188 1.35073E-10
0.00609375 0.101563 1.33926E-10
-0.00328125 0.0546875 1.37139E-10
0.00328125 0.0546875 1.37275E-10
-0.0220313 0.367188 1.34793E-10
-0.0126562 0.210938 1.36397E-10
0.00421875 0.0703125 1.33348E-10
0.0220313 0.367188 1.36453E-10
-0.00328125 0.0546875 1.36223E-10
0.00515625 0.0859375 1.34401E-10
-0.00609375 0.101563 1.33571E-10
-0.0164062 0.273437 1.34661E-10
0.00328125 0.0546875 1.34885E-10
0.00796875 0.132812 1.34476E-10
-0.00046875 0.0078125 1.35244E-10
-0.00234375 0.0390625 1.342E-10
0.00234375 0.0390625 1.34854E-10
-0.00234375 0.0390625 1.35918E-10
0.0154687 0.257812 1.33451E-10
0.00609375 0.101563 1.3371E-10
0.00890625 0.148438 1.36715E-10
0.0107812 0.179688 1.34489E-10
0.0107812 0.179688 1.34292E-10
0.00234375 0.0390625 1.34298E-10
0.00328125 0.0546875 1.36841E-10
-0.00421875 0.0703125 1.37304E-10
0.0201563 0.335938 1.34644E-10
-0.00328125 0.0546875 1.34231E-10
-0.0192187 0.320312 1.3699E-10
-0.00515625 0.0859375 1.34732E-10
0.00796875 0.132812 1.33864E-10
0.00796875 0.132812 1.33981E-10
-0.00609375 0.101563 1.33283E-10
-0.00703125 0.117188 1.37672E-10
-0.00515625 0.0859375 1.34434E-10
-0.0257812 0.429688 1.3501E-10
0.00703125 0.117188 1.3649E-10
-0.00609375 0.101563 1.34647E-10
0.0126562 0.210938 1.34204E-10
0.00703125 0.117188 1.37084E-10
-0.0164062 0.273437 1.37698E-10
0.00703125 0.117188 1.36059E-10
0.00140625 0.0234375 1.34471E-10
-0.00421875 0.0703125 1.33407E-10
0.0135937 0.226562 1.33954E-10
-0.00140625 0.0234375 1.38552E-10
0.00046875 0.0078125 1.36474E-10
0.0164062 0.273437 1.35448E-10
-0.00234375 0.0390625 1.34111E-10
0.00046875 0.0078125 1.35437E-10
0.00703125 0.117188 1.33788E-10
-0.00984375 0.164062 1.3816E-10
0.00234375 0.0390625 1.34406E-10
0.00328125 0.0546875 1.37683E-10
-0.0126562 0.210938 1.34671E-10
0.0126562 0.210938 1.36575E-10
-0.0257812 0.429688 1.36591E-10
-0.00328125 0.0546875 1.3419E-10
-0.0135937 0.226562 1.36757E-10
0.0145312 0.242188 1.36205E-10
-0.00515625 0.0859375 1.35078E-10
0.0145312 0.242188 1.37033E-10
0.0107812 0.179688 1.34079E-10
0.0182812 0.304688 1.36289E-10
-0.0192187 0.320312 1.36385E-10
-0.00328125 0.0546875 1.36089E-10
-0.00234375 0.0390625 1.3743E-10
-0.0220313 0.367188 1.36125E-10
-0.00046875 0.0078125 1.35971E-10
-0.0210937 0.351562 1.33112E-10
-0.00328125 0.0546875 1.34297E-10
-0.00046875 0.0078125 1.37341E-10
-0.00984375 0.164062 1.32931E-10
0.00421875 0.0703125 1.38732E-10
0.0173437 0.289062 1.37083E-10
-0.00609375 0.101563 1.37103E-10
-0.0117188 0.195312 1.34339E-10
0.0192187 0.320312 1.34772E-10
0.0107812 0.179688 1.33573E-10
-0.00234375 0.0390625 1.33571E-10
0.00234375 0.0390625 1.33473E-10
0.00140625 0.0234375 1.35019E-10
-0.0154687 0.257812 1.37586E-10
-0.00796875 0.132812 1.32947E-10
0.00234375 0.0390625 1.34548E-10
-0.00609375 0.101563 1.37052E-10
0.00140625 0.0234375 1.36752E-10
0.00609375 0.101563 1.33836E-10
0.00328125 0.0546875 1.38494E-10
-0.00515625 0.0859375 1.3344E-10
0.00796875 0.132812 1.3602E-10
0.00984375 0.164062 1.37431E-10
-0.00328125 0.0546875 1.34178E-10
0.00984375 0.164062 1.36162E-10
0.00421875 0.0703125 1.34402E-10
-0.00234375 0.0390625 1.32878E-10
0.00328125 0.0546875 1.37991E-10
0.00046875 0.0078125 1.34954E-10
-0.00046875 0.0078125 1.36649E-10
-0.00328125 0.0546875 1.37106E-10
0.00328125 0.0546875 1.39381E-10
-0.00046875 0.0078125 1.35885E-10
-0.00609375 0.101563 1.34886E-10
0.0126562 0.210938 1.37344E-10
-0.0304687 0.507812 1.34327E-10
-0.0173437 0.289062 1.3466E-10
0.0173437 0.289062 1.32886E-10
-0.00046875 0.0078125 1.3691E-10
0.0173437 0.289062 1.35282E-10
-0.0145312 0.242188 1.34588E-10
-0.0182812 0.304688 1.36181E-10
-0.0201563 0.335938 1.33137E-10
-0.00703125 0.117188 1.33179E-10
0.00796875 0.132812 1.34089E-10
0.00046875 0.0078125 1.35083E-10
0.00703125 0.117188 1.3373E-10
0.00703125 0.117188 1.38283E-10
-0.0135937 0.226562 1.3437E-10
-0.0145312 0.242188 1.36628E-10
0.0229688 0.382813 1.38728E-10
-0.0192187 0.320312 1.37973E-10
-0.00515625 0.0859375 1.33545E-10
0.00046875 0.0078125 1.34138E-10
0.00234375 0.0390625 1.33558E-10
0.00609375 0.101563 1.3607E-10
0.00703125 0.117188 1.3345E-10
-0.00703125 0.117188 1.34429E-10
0.00140625 0.0234375 1.36751E-10
-0.00140625 0.0234375 1.33698E-10
0.00796875 0.132812 1.33477E-10
-0.00421875 0.0703125 1.33924E-10
-0.00421875 0.0703125 1.37638E-10
0.00234375 0.0390625 1.36633E-10
-0.00046875 0.0078125 1.3452E-10
0.00140625 0.0234375 1.37261E-10
-0.00234375 0.0390625 1.34646E-10
-0.0107812 0.179688 1.34579E-10
0.00140625 0.0234375 1.33685E-10
0.00703125 0.117188 1.33975E-10
0.00140625 0.0234375 1.33006E-10
0.0173437 0.289062 1.36935E-10
0.00796875 0.132812 1.36848E-10
-0.00796875 0.132812 1.343E-10
0.00515625 0.0859375 1.38144E-10
-0.0192187 0.320312 1.3538E-10
-0.0117188 0.195312 1.37397E-10
0.00984375 0.164062 1.34823E-10
0.0135937 0.226562 1.33497E-10
0.00234375 0.0390625 1.3637E-10
-0.0154687 0.257812 1.33851E-10
-0.00796875 0.132812 1.34128E-10
0.00234375 0.0390625 1.35407E-10
0.00234375 0.0390625 1.34404E-10
-0.00515625 0.0859375 1.3469E-10
-0.0117188 0.195312 1.36503E-10
0.00703125 0.117188 1.32292E-10
0.00046875 0.0078125 1.33391E-10
0.00421875 0.0703125 1.3514E-10
-0.0126562 0.210938 1.34302E-10
0.0117188 0.195312 1.32099E-10
-0.00328125 0.0546875 1.36483E-10
-0.00515625 0.0859375 1.34323E-10
0.00515625 0.0859375 1.37485E-10
-0.0164062 0.273437 1.33895E-10
0.0182812 0.304688 1.35038E-10
-0.00609375 0.101563 1.3418E-10
0.00140625 0.0234375 1.34034E-10
-0.00703125 0.117188 1.33578E-10
-0.0126562 0.210938 1.34696E-10
0.00515625 0.0859375 1.33029E-10
0.00890625 0.148438 1.34674E-10
0.00796875 0.132812 1.37295E-10
-0.00984375 0.164062 1.33972E-10
-0.0182812 0.304688 1.32797E-10
0.0154687 0.257812 1.33673E-10
0.00140625 0.0234375 1.32734E-10
0.0192187 0.320312 1.34388E-10
-0.00140625 0.0234375 1.34603E-10
-0.0107812 0.179688 1.33077E-10
-0.00234375 0.0390625 1.34365E-10
-0.00609375 0.101563 1.37509E-10
0.00796875 0.132812 1.34435E-10
-0.00328125 0.0546875 1.33411E-10
-0.00515625 0.0859375 1.34792E-10
0.00140625 0.0234375 1.34552E-10
0.00515625 0.0859375 1.33132E-10
-0.00140625 0.0234375 1.34696E-10
0.00796875 0.132812 1.336E-10
0.00140625 0.0234375 1.33279E-10
-0.0173437 0.289062 1.35059E-10
-0.0229688 0.382813 1.33094E-10
0.00234375 0.0390625 1.34407E-10
-0.00515625 0.0859375 1.35322E-10
0.00890625 0.148438 1.32821E-10
-0.00890625 0.148438 1.3672E-10
0.00234375 0.0390625 1.36063E-10
-0.00046875 0.0078125 1.36556E-10
-0.00515625 0.0859375 1.33853E-10
0.00609375 0.101563 1.36554E-10
0.00328125 0.0546875 1.3349E-10
-0.0126562 0.210938 1.35954E-10
-0.0201563 0.335938 1.38133E-10
0.0164062 0.273437 1.36121E-10
-0.00703125 0.117188 1.34039E-10
-0.00703125 0.117188 1.33623E-10
0.00890625 0.148438 1.372E-10
0.0107812 0.179688 1.35811E-10
-0.0145312 0.242188 1.37416E-10
0.00046875 0.0078125 1.32543E-10
-0.00234375 0.0390625 1.34242E-10
0.00140625 0.0234375 1.34436E-10
-0.0182812 0.304688 1.3779E-10
0.0107812 0.179688 1.37931E-10
0.00890625 0.148438 1.34905E-10
-0.00890625 0.148438 1.34401E-10
0.00609375 0.101563 1.36198E-10
0.0107812 0.179688 1.34244E-10
-0.00890625 0.148438 1.37887E-10
-0.00890625 0.148438 1.35353E-10
0.0182812 0.304688 1.35954E-10
-0.00703125 0.117188 1.34215E-10
-0.00328125 0.0546875 1.34147E-10
0.00796875 0.132812 1.3733E-10
-0.0126562 0.210938 1.3427E-10
0.00140625 0.0234375 1.33086E-10
0.00328125 0.0546875 1.37395E-10
-0.00515625 0.0859375 1.34731E-10
-0.00984375 0.164062 1.34793E-10
0.00234375 0.0390625 1.34371E-10
0.00515625 0.0859375 1.33924E-10
-0.00890625 0.148438 1.35016E-10
-0.00515625 0.0859375 1.33017E-10
0.0201563 0.335938 1.34216E-10
0.00328125 0.0546875 1.33535E-10
0.00515625 0.0859375 1.3607E-10
0.0107812 0.179688 1.35803E-10
0.0182812 0.304688 1.34732E-10
0.0135937 0.226562 1.33868E-10
-0.00796875 0.132812 1.33239E-10
0.0164062 0.273437 1.34583E-10
-0.00046875 0.0078125 1.34727E-10
0.00890625 0.148438 1.3376E-10
-0.0145312 0.242188 1.3436E-10
0.00703125 0.117188 1.33819E-10
0.00421875 0.0703125 1.37061E-10
-0.00421875 0.0703125 1.34384E-10
-0.0135937 0.226562 1.33813E-10
-0.00890625 0.148438 1.33872E-10
0.0164062 0.273437 1.37213E-10
0.00046875 0.0078125 1.35704E-10
-0.0164062 0.273437 1.34184E-10
0.00796875 0.132812 1.35689E-10
-0.00984375 0.164062 1.34535E-10
0.0154687 0.257812 1.35321E-10
0.00609375 0.101563 1.34767E-10
0.0117188 0.195312 1.3706E-10
0.0107812 0.179688 1.36669E-10
0.00328125 0.0546875 1.34686E-10
-0.00046875 0.0078125 1.35756E-10
0.00703125 0.117188 1.3344E-10
0.00890625 0.148438 1.34408E-10
-0.00046875 0.0078125 1.33411E-10
0.00421875 0.0703125 1.34227E-10
0.00796875 0.132812 1.34617E-10
0.0154687 0.257812 1.36917E-10
-0.00140625 0.0234375 1.34665E-10
0.00796875 0.132812 1.3517E-10
-0.0117188 0.195312 1.34903E-10
0.00796875 0.132812 1.34659E-10
0.00328125 0.0546875 1.37109E-10
0.00421875 0.0703125 1.34834E-10
0.00515625 0.0859375 1.34536E-10
0.0135937 0.226562 1.34157E-10
0.0126562 0.210938 1.31941E-10
0.0145312 0.242188 1.35424E-10
-0.0117188 0.195312 1.36375E-10
