-0.0192187 0.320312 9.80599E-11
0.00796875 0.132812 9.87544E-11
-0.0126562 0.210938 1.01256E-10
-0.00234375 0.0390625 9.81517E-11
0.0126562 0.210938 1.01341E-10
0.00703125 0.117188 9.89832E-11
-0.00140625 0.0234375 1.00197E-10
0.00421875 0.0703125 1.01242E-10
-0.0295312 0.492188 1.00809E-10
-0.0135937 0.226562 1.00234E-10
-0.00328125 0.0546875 9.97946E-11
-0.0126562 0.210938 1.00903E-10
-0.00234375 0.0390625 9.9297E-11
-0.00984375 0.164062 9.99577E-11
-0.0107812 0.179688 9.96098E-11
0.0239062 0.398437 9.83957E-11
0.0154687 0.257812 9.97419E-11
0.00984375 0.164062 1.01521E-10
-0.00140625 0.0234375 1.00931E-10
-0.0107812 0.179688 1.01559E-10
-0.00421875 0.0703125 9.8736E-11
-0.00328125 0.0546875 9.99976E-11
0.0126562 0.210938 9.81237E-11
0.00609375 0.101563 9.87752E-11
-0.00796875 0.132812 1.01483E-10
0.0351562 0.585938 1.01098E-10
-0.0154687 0.257812 9.88263E-11
0.0220313 0.367188 1.0005E-10
-0.00984375 0.164062 1.00652E-10
0.00328125 0.0546875 1.0064E-10
-0.0107812 0.179688 1.01012E-10
0.0107812 0.179688 9.87115E-11
-0.00421875 0.0703125 1.01398E-10
0.00796875 0.132812 1.00386E-10
-0.00890625 0.148438 1.01629E-10
0.0145312 0.242188 1.00762E-10
-0.00984375 0.164062 1.01158E-10
0.00421875 0.0703125 9.85177E-11
-0.00421875 0.0703125 1.01058E-10
0.00609375 0.101563 9.93844E-11
0.00890625 0.148438 9.9508E-11
0.0182812 0.304688 1.0067E-10
0.00421875 0.0703125 9.95793E-11
0.00890625 0.148438 9.95878E-11
0.00703125 0.117188 1.01209E-10
-0.0107812 0.179688 1.01164E-10
-0.0173437 0.289062 1.00155E-10
0.00703125 0.117188 1.00373E-10
-0.00984375 0.164062 1.00597E-10
0.00328125 0.0546875 1.01388E-10
0.00515625 0.0859375 1.0137E-10
0.0248437 0.414062 9.9429E-11
-0.00515625 0.0859375 9.8675E-11
0.0107812 0.179688 1.0142E-10
0.00890625 0.148438 1.00805E-10
-0.00515625 0.0859375 1.00986E-10
-0.0145312 0.242188 9.86163E-11
0.00421875 0.0703125 9.99517E-11
-0.0126562 0.210938 1.01586E-10
0.00140625 0.0234375 9.9839E-11
-0.00234375 0.0390625 1.01016E-10
0.0145312 0.242188 9.98736E-11
-0.0117188 0.195312 9.97652E-11
-0.00234375 0.0390625 9.99903E-11
-0.00046875 0.0078125 1.00941E-10
0.00140625 0.0234375 1.00949E-10
0.00703125 0.117188 9.98974E-11
0.0145312 0.242188 1.01852E-10
0.00234375 0.0390625 1.01246E-10
0.0117188 0.195312 9.84789E-11
0.00234375 0.0390625 9.93991E-11
0.00890625 0.148438 9.96962E-11
-0.0276563 0.460938 9.98639E-11
0.00515625 0.0859375 1.00113E-10
-0.0135937 0.226562 1.01281E-10
-0.0117188 0.195312 9.94507E-11
-0.00234375 0.0390625 9.96678E-11
-0.00421875 0.0703125 1.02038E-10
-0.00234375 0.0390625 1.00545E-10
0.00890625 0.148438 9.965E-11
-0.00796875 0.132812 1.02173E-10
0.0173437 0.289062 1.00294E-10
-0.00140625 0.0234375 9.88163E-11
-0.00984375 0.164062 1.01892E-10
0.0201563 0.335938 9.8716E-11
-0.00046875 0.0078125 1.00843E-10
0.0182812 0.304688 9.82026E-11
0.0135937 0.226562 1.00566E-10
0.00234375 0.0390625 1.00423E-10
0.00234375 0.0390625 1.01661E-10
-0.00890625 0.148438 9.96616E-11
-0.0257812 0.429688 9.80824E-11
0.00421875 0.0703125 1.00868E-10
-0.0173437 0.289062 1.00578E-10
0.00046875 0.0078125 9.9234E-11
0.00140625 0.0234375 1.01451E-10
0.00234375 0.0390625 9.85567E-11
-0.0117188 0.195312 9.94479E-11
-0.00140625 0.0234375 9.99128E-11
0.00609375 0.101563 9.87063E-11
-0.00984375 0.164062 1.00302E-10
0.00046875 0.0078125 1.00239E-10
-0.00328125 0.0546875 1.00148E-10
-0.00140625 0.0234375 1.01703E-10
-0.00234375 0.0390625 9.848E-11
0.00609375 0.101563 9.974E-11
0.00328125 0.0546875 1.00232E-10
0.00140625 0.0234375 9.78053E-11
-0.00984375 0.164062 1.0185E-10
-0.0145312 0.242188 1.00923E-10
-0.00984375 0.164062 1.0074E-10
0.00703125 0.117188 1.01583E-10
-0.00796875 0.132812 9.90912E-11
0.00515625 0.0859375 9.83087E-11
0.00984375 0.164062 9.92964E-11
0.0257812 0.429688 1.01015E-10
0.00984375 0.164062 9.81349E-11
-0.0145312 0.242188 1.00761E-10
-0.00234375 0.0390625 1.00926E-10
-0.00515625 0.0859375 9.95816E-11
-0.0182812 0.304688 1.00941E-10
-0.00421875 0.0703125 9.88995E-11
0.00046875 0.0078125 9.94582E-11
-0.00328125 0.0546875 1.0136E-10
-0.00046875 0.0078125 1.01333E-10
0.00328125 0.0546875 1.0096E-10
-0.00046875 0.0078125 1.0087E-10
-0.00890625 0.148438 9.89587E-11
-0.00890625 0.148438 9.97841E-11
0.00890625 0.148438 9.7654E-11
0.0107812 0.179688 1.00376E-10
0.00328125 0.0546875 9.98293E-11
0.00890625 0.148438 1.0092E-10
-0.00328125 0.0546875 1.0077E-10
0.0145312 0.242188 1.00822E-10
-0.0117188 0.195312 1.01652E-10
0.00984375 0.164062 1.00188E-10
0.0229688 0.382813 9.97109E-11
0.00703125 0.117188 1.01137E-10
0.0192187 0.320312 1.01557E-10
0.0154687 0.257812 1.00158E-10
0.0192187 0.320312 1.00244E-10
-0.00609375 0.101563 9.93955E-11
0.00796875 0.132812 9.77767E-11
-0.00328125 0.0546875 1.00519E-10
0.0117188 0.195312 9.89811E-11
0.00609375 0.101563 9.87008E-11
-0.00140625 0.0234375 9.86518E-11
0.0126562 0.210938 1.00685E-10
0.00046875 0.0078125 1.0081E-10
-0.0164062 0.273437 1.01303E-10
-0.0145312 0.242188 9.8449E-11
0.0173437 0.289062 1.00429E-10
0.00328125 0.0546875 9.99896E-11
0.00421875 0.0703125 1.01804E-10
0.00046875 0.0078125 1.01081E-10
0.00703125 0.117188 1.00606E-10
0.00140625 0.0234375 9.95343E-11
-0.00140625 0.0234375 9.9533E-11
0.0145312 0.242188 1.01058E-10
0.00328125 0.0546875 1.02273E-10
-0.00609375 0.101563 9.90024E-11
0.00515625 0.0859375 1.00973E-10
-0.00515625 0.0859375 9.87121E-11
0.0173437 0.289062 1.01715E-10
0.00703125 0.117188 1.01058E-10
-0.0285937 0.476562 9.92277E-11
0.00984375 0.164062 9.92488E-11
-0.00984375 0.164062 1.01124E-10
0.0135937 0.226562 9.78173E-11
0.0126562 0.210938 9.97043E-11
0.0126562 0.210938 9.84792E-11
0.0145312 0.242188 1.00876E-10
0.0107812 0.179688 9.98187E-11
0.00328125 0.0546875 9.9228E-11
0.0145312 0.242188 9.96638E-11
-0.0117188 0.195312 1.0121E-10
-0.00421875 0.0703125 1.00056E-10
-0.00234375 0.0390625 1.0072E-10
-0.00328125 0.0546875 9.94761E-11
0.00703125 0.117188 1.00568E-10
-0.00328125 0.0546875 1.01119E-10
-0.00234375 0.0390625 1.00336E-10
0.0135937 0.226562 9.82326E-11
0.0192187 0.320312 9.93358E-11
-0.00140625 0.0234375 1.0113E-10
0.0117188 0.195312 1.00751E-10
0.00046875 0.0078125 9.74387E-11
-0.0117188 0.195312 1.00113E-10
-0.00046875 0.0078125 1.00743E-10
-0.00421875 0.0703125 1.01517E-10
0.00796875 0.132812 9.76339E-11
0.00234375 0.0390625 1.01014E-10
0.0145312 0.242188 9.80182E-11
0.00421875 0.0703125 1.01247E-10
0.00515625 0.0859375 9.95475E-11
-0.00140625 0.0234375 1.01759E-10
-0.0173437 0.289062 9.99397E-11
0.00609375 0.101563 1.01051E-10
0.0220313 0.367188 1.01672E-10
0.00609375 0.101563 9.94082E-11
-0.0154687 0.257812 1.0165E-10
-0.0154687 0.257812 1.00193E-10
0.00328125 0.0546875 9.95747E-11
-0.0117188 0.195312 9.89389E-11
0.00328125 0.0546875 9.97514E-11
-0.0173437 0.289062 1.00902E-10
-0.00234375 0.0390625 1.01049E-10
-0.0107812 0.179688 9.8887E-11
-0.00421875 0.0703125 1.00999E-10
-0.00515625 0.0859375 1.00777E-10
0.00421875 0.0703125 1.01554E-10
0.0117188 0.195312 1.01134E-10
-0.0145312 0.242188 1.00142E-10
-0.0267187 0.445312 1.01046E-10
-0.00234375 0.0390625 1.01274E-10
-0.00515625 0.0859375 1.01085E-10
0.00234375 0.0390625 9.93001E-11
-0.00796875 0.132812 9.9531E-11
0.00328125 0.0546875 9.8073E-11
0.0173437 0.289062 9.88723E-11
-0.00703125 0.117188 9.86835E-11
-0.0201563 0.335938 9.94935E-11
0.0126562 0.210938 1.01036E-10
-0.00609375 0.101563 1.00468E-10
-0.0126562 0.210938 9.91595E-11
0.00046875 0.0078125 9.98638E-11
-0.0107812 0.179688 1.00348E-10
-0.00140625 0.0234375 9.94647E-11
0.0107812 0.179688 1.0166E-10
0.00984375 0.164062 9.84506E-11
0.0135937 0.226562 9.94327E-11
0.0107812 0.179688 1.00141E-10
-0.0248437 0.414062 1.01116E-10
-0.0164062 0.273437 9.92787E-11
0.00046875 0.0078125 9.91872E-11
-0.00703125 0.117188 9.91575E-11
-0.00421875 0.0703125 9.93571E-11
0.0145312 0.242188 9.95909E-11
-0.00140625 0.0234375 1.01142E-10
0.0135937 0.226562 1.01249E-10
-0.0164062 0.273437 1.00306E-10
-0.0154687 0.257812 9.88745E-11
-0.00609375 0.101563 9.77584E-11
0.00234375 0.0390625 1.01025E-10
0.00515625 0.0859375 9.78415E-11
-0.00328125 0.0546875 9.74027E-11
0.00046875 0.0078125 1.00693E-10
0.00703125 0.117188 1.01206E-10
0.00890625 0.148438 9.94945E-11
0.00796875 0.132812 9.90458E-11
-0.00140625 0.0234375 1.00551E-10
0.00140625 0.0234375 9.80971E-11
-0.00703125 0.117188 1.00448E-10
0.00703125 0.117188 1.0034E-10
0.00046875 0.0078125 9.7763E-11
-0.00234375 0.0390625 1.00931E-10
0.00421875 0.0703125 1.00446E-10
-0.00046875 0.0078125 1.00851E-10
-0.00890625 0.148438 1.01218E-10
-0.0126562 0.210938 1.0185E-10
0.00703125 0.117188 9.94385E-11
-0.00328125 0.0546875 9.76255E-11
0.0182812 0.304688 1.00049E-10
0.0210937 0.351562 9.79612E-11
-0.0220313 0.367188 9.956E-11
-0.0117188 0.195312 9.96391E-11
0.00046875 0.0078125 1.004E-10
0.0220313 0.367188 9.73376E-11
-0.00140625 0.0234375 1.01047E-10
0.00234375 0.0390625 9.81995E-11
-0.00515625 0.0859375 9.92383E-11
-0.00421875 0.0703125 9.84098E-11
0.0126562 0.210938 9.83382E-11
0.00890625 0.148438 1.00638E-10
0.00328125 0.0546875 1.02114E-10
0.00796875 0.132812 1.00485E-10
0.0182812 0.304688 1.00405E-10
0.0192187 0.320312 9.95723E-11
-0.00609375 0.101563 1.00171E-10
-0.0126562 0.210938 1.00414E-10
-0.00328125 0.0546875 1.00345E-10
-0.0192187 0.320312 1.0055E-10
0.0117188 0.195312 1.01792E-10
-0.00328125 0.0546875 9.76417E-11
0.00046875 0.0078125 9.86291E-11
-0.0117188 0.195312 1.01107E-10
-0.00515625 0.0859375 1.0134E-10
0.00609375 0.101563 9.77851E-11
-0.0154687 0.257812 1.00407E-10
-0.00328125 0.0546875 1.01516E-10
0.00421875 0.0703125 1.00876E-10
0.0192187 0.320312 9.85018E-11
-0.00234375 0.0390625 1.00718E-10
0.00890625 0.148438 9.90935E-11
-0.00140625 0.0234375 1.00191E-10
0.0117188 0.195312 1.00336E-10
-0.00328125 0.0546875 1.00688E-10
0.00609375 0.101563 9.97148E-11
0.0182812 0.304688 9.89801E-11
0.0182812 0.304688 9.76844E-11
0.0126562 0.210938 1.01524E-10
0.00421875 0.0703125 1.00105E-10
-0.00046875 0.0078125 9.79387E-11
-0.00515625 0.0859375 1.01123E-10
-0.0192187 0.320312 9.95405E-11
0.00234375 0.0390625 1.0125E-10
-0.00328125 0.0546875 1.01764E-10
-0.00140625 0.0234375 9.94274E-11
-0.0145312 0.242188 9.96846E-11
0.00140625 0.0234375 9.83705E-11
-0.0126562 0.210938 1.01134E-10
0.00234375 0.0390625 1.00645E-10
-0.00890625 0.148438 9.91163E-11
-0.00609375 0.101563 1.01087E-10
-0.0145312 0.242188 9.95106E-11
0.00609375 0.101563 1.00082E-10
-0.00046875 0.0078125 1.01036E-10
-0.00609375 0.101563 1.01815E-10
0.0126562 0.210938 1.0074E-10
-0.00703125 0.117188 1.01322E-10
0.00515625 0.0859375 9.82246E-11
-0.00609375 0.101563 1.00415E-10
0.00796875 0.132812 1.00826E-10
0.00140625 0.0234375 1.00428E-10
-0.00046875 0.0078125 1.00661E-10
-0.00796875 0.132812 9.89561E-11
-0.00796875 0.132812 9.85284E-11
-0.0117188 0.195312 1.01064E-10
-0.0145312 0.242188 1.00813E-10
0.00890625 0.148438 1.00616E-10
-0.0117188 0.195312 1.0019E-10
-0.00046875 0.0078125 1.00356E-10
-0.00234375 0.0390625 1.00621E-10
-0.00703125 0.117188 1.00841E-10
0.00609375 0.101563 1.00017E-10
-0.00703125 0.117188 1.00188E-10
0.00140625 0.0234375 1.00294E-10
-0.00046875 0.0078125 1.01905E-10
-0.00421875 0.0703125 9.77789E-11
0.0135937 0.226562 9.93484E-11
0.0220313 0.367188 9.77727E-11
0.0182812 0.304688 9.96839E-11
0.00984375 0.164062 9.90614E-11
-0.00234375 0.0390625 9.97618E-11
-0.0107812 0.179688 1.00446E-10
-0.0173437 0.289062 1.01591E-10
-0.00609375 0.101563 1.01663E-10
-0.00984375 0.164062 1.0023E-10
0.0135937 0.226562 9.93722E-11
-0.00140625 0.0234375 9.80821E-11
0.00234375 0.0390625 1.00637E-10
-0.00046875 0.0078125 9.98468E-11
0.0201563 0.335938 1.00349E-10
-0.00328125 0.0546875 9.95833E-11
0.00609375 0.101563 9.90089E-11
0.00328125 0.0546875 1.00257E-10
-0.00609375 0.101563 9.80683E-11
-0.00609375 0.101563 1.00792E-10
-0.0126562 0.210938 9.86511E-11
0.00609375 0.101563 1.01473E-10
-0.0351562 0.585938 1.00684E-10
-0.00703125 0.117188 1.00791E-10
-0.00140625 0.0234375 9.99173E-11
0.00609375 0.101563 1.01448E-10
0.00890625 0.148438 1.0062E-10
0.00984375 0.164062 9.76714E-11
-0.0304687 0.507812 1.01298E-10
-0.0248437 0.414062 1.00267E-10
0.00890625 0.148438 1.01033E-10
-0.00609375 0.101563 9.7968E-11
0.00984375 0.164062 9.97568E-11
-0.00515625 0.0859375 1.00407E-10
-0.00796875 0.132812 9.87817E-11
0.0229688 0.382813 1.00538E-10
-0.00515625 0.0859375 1.01892E-10
0.0107812 0.179688 9.95667E-11
0.0117188 0.195312 9.90595E-11
-0.0126562 0.210938 1.00321E-10
0.00140625 0.0234375 1.00784E-10
-0.00890625 0.148438 1.00545E-10
-0.00515625 0.0859375 9.87562E-11
-0.00984375 0.164062 1.00602E-10
-0.00796875 0.132812 1.0021E-10
0.0192187 0.320312 1.00195E-10
-0.00234375 0.0390625 9.94223E-11
-0.00328125 0.0546875 9.9901E-11
0.00328125 0.0546875 9.94134E-11
-0.00703125 0.117188 1.00659E-10
-0.00609375 0.101563 9.99526E-11
-0.00609375 0.101563 1.00177E-10
0.00140625 0.0234375 9.97246E-11
0.00515625 0.0859375 1.01382E-10
0.00609375 0.101563 1.00743E-10
-0.0164062 0.273437 1.00058E-10
-0.00421875 0.0703125 1.01664E-10
-0.00609375 0.101563 9.94148E-11
0.00328125 0.0546875 9.96053E-11
-0.00421875 0.0703125 1.01161E-10
0.0135937 0.226562 1.00417E-10
0.00328125 0.0546875 1.00228E-10
0.0145312 0.242188 9.81448E-11
-0.00328125 0.0546875 1.01051E-10
0.00421875 0.0703125 1.0022E-10
0.00515625 0.0859375 1.00537E-10
0.00796875 0.132812 9.96979E-11
-0.00796875 0.132812 9.78784E-11
-0.00140625 0.0234375 1.00833E-10
0.00890625 0.148438 1.01312E-10
-0.0135937 0.226562 1.00046E-10
0.00421875 0.0703125 1.00702E-10
-0.00796875 0.132812 9.95896E-11
0.00703125 0.117188 1.01097E-10
0.0154687 0.257812 1.00419E-10
-0.00234375 0.0390625 1.005E-10
-0.00140625 0.0234375 9.86347E-11
0.00046875 0.0078125 1.00829E-10
0.0164062 0.273437 1.00411E-10
-0.00515625 0.0859375 1.00355E-10
0.00984375 0.164062 9.77754E-11
-0.00046875 0.0078125 9.98871E-11
0.00328125 0.0546875 1.01086E-10
-0.00328125 0.0546875 9.88966E-11
-0.00140625 0.0234375 9.89652E-11
0.00796875 0.132812 9.87308E-11
0.00890625 0.148438 9.87929E-11
0.00515625 0.0859375 9.98608E-11
0.0117188 0.195312 9.86823E-11
-0.00515625 0.0859375 9.99326E-11
-0.00421875 0.0703125 1.02056E-10
0.0117188 0.195312 1.00538E-10
0.00609375 0.101563 9.95494E-11
0.0257812 0.429688 1.00625E-10
0.00046875 0.0078125 1.02207E-10
-0.00890625 0.148438 9.96936E-11
-0.00609375 0.101563 1.00523E-10
0.00984375 0.164062 1.00552E-10
-0.00515625 0.0859375 1.00416E-10
-0.00796875 0.132812 1.01997E-10
0.0154687 0.257812 1.01028E-10
-0.00046875 0.0078125 1.00781E-10
-0.0117188 0.195312 1.00196E-10
-0.00703125 0.117188 1.0059E-10
0.0154687 0.257812 9.95589E-11
0.00609375 0.101563 9.83872E-11
0.0210937 0.351562 1.00455E-10
0.00609375 0.101563 1.01102E-10
-0.00796875 0.132812 9.92774E-11
-0.00328125 0.0546875 1.00472E-10
0.0154687 0.257812 1.00469E-10
-0.00703125 0.117188 1.00979E-10
-0.00140625 0.0234375 1.01018E-10
-0.0192187 0.320312 9.98179E-11
0.0135937 0.226562 9.93394E-11
0.00421875 0.0703125 9.96003E-11
0.00796875 0.132812 9.94073E-11
0.0107812 0.179688 9.8963E-11
-0.00328125 0.0546875 1.00072E-10
-0.00703125 0.117188 1.00358E-10
-0.0145312 0.242188 1.00542E-10
-0.00609375 0.101563 1.01059E-10
0.0117188 0.195312 1.02272E-10
-0.00140625 0.0234375 9.91987E-11
-0.00515625 0.0859375 1.01541E-10
0.0126562 0.210938 1.00193E-10
-0.00515625 0.0859375 9.94499E-11
-0.0145312 0.242188 9.80687E-11
0.00796875 0.132812 1.00694E-10
-0.0154687 0.257812 9.94924E-11
-0.0107812 0.179688 9.85715E-11
0.00703125 0.117188 9.95795E-11
0.0107812 0.179688 9.86892E-11
0.00609375 0.101563 9.78289E-11
0.00140625 0.0234375 1.00413E-10
-0.0229688 0.382813 1.00554E-10
-0.00140625 0.0234375 9.98837E-11
0.00984375 0.164062 1.01792E-10
0.00046875 0.0078125 9.9977E-11
0.00328125 0.0546875 1.00189E-10
-0.0220313 0.367188 1.01066E-10
-0.0135937 0.226562 1.01024E-10
0.00984375 0.164062 1.01785E-10
-0.00890625 0.148438 1.00484E-10
-0.00046875 0.0078125 1.00556E-10
-0.0145312 0.242188 1.0015E-10
0.00515625 0.0859375 9.89653E-11
-0.0117188 0.195312 1.00128E-10
-0.00328125 0.0546875 9.97238E-11
-0.00421875 0.0703125 9.93703E-11
0.0201563 0.335938 1.00139E-10
-0.00421875 0.0703125 1.02251E-10
-0.00796875 0.132812 1.00432E-10
-0.0126562 0.210938 1.00411E-10
-0.0145312 0.242188 1.00673E-10
0.00796875 0.132812 9.76973E-11
0.00140625 0.0234375 1.00623E-10
0.0173437 0.289062 9.90019E-11
0.0126562 0.210938 1.01241E-10
-0.00234375 0.0390625 1.00941E-10
0.00046875 0.0078125 9.96302E-11
