0.0164062 0.273437 1.08749E-10
0.0173437 0.289062 1.10065E-10
0.00515625 0.0859375 1.07432E-10
0.00421875 0.0703125 1.09748E-10
-0.00421875 0.0703125 1.09217E-10
-0.00140625 0.0234375 1.08607E-10
-0.0117188 0.195312 1.08438E-10
0.00234375 0.0390625 1.08835E-10
-0.00703125 0.117188 1.09431E-10
0.00140625 0.0234375 1.0937E-10
-0.0145312 0.242188 1.09411E-10
0.00515625 0.0859375 1.08159E-10
-0.0182812 0.304688 1.09894E-10
-0.0201563 0.335938 1.09375E-10
-0.0164062 0.273437 1.08144E-10
-0.00046875 0.0078125 1.07909E-10
-0.00234375 0.0390625 1.0929E-10
0.0201563 0.335938 1.09527E-10
0.0154687 0.257812 1.07653E-10
0.00890625 0.148438 1.09255E-10
0.00984375 0.164062 1.11116E-10
0.00328125 0.0546875 1.10329E-10
0.00046875 0.0078125 1.09173E-10
0.0154687 0.257812 1.10435E-10
-0.0126562 0.210938 1.07469E-10
-0.0107812 0.179688 1.08634E-10
0.00140625 0.0234375 1.0907E-10
0.0154687 0.257812 1.08579E-10
-0.00140625 0.0234375 1.08226E-10
-0.0220313 0.367188 1.10173E-10
0.00515625 0.0859375 1.08568E-10
-0.00234375 0.0390625 1.07614E-10
0.00328125 0.0546875 1.07664E-10
0.00140625 0.0234375 1.07632E-10
-0.00046875 0.0078125 1.09117E-10
0.0126562 0.210938 1.07646E-10
0.00984375 0.164062 1.07811E-10
0.00984375 0.164062 1.08629E-10
-0.00046875 0.0078125 1.08839E-10
0.00515625 0.0859375 1.08282E-10
0.00328125 0.0546875 1.0838E-10
0.0201563 0.335938 1.08698E-10
0.0173437 0.289062 1.07524E-10
-0.0126562 0.210938 1.10127E-10
0.0229688 0.382813 1.10769E-10
-0.0248437 0.414062 1.08428E-10
-0.00609375 0.101563 1.06707E-10
-0.00234375 0.0390625 1.08278E-10
-0.00703125 0.117188 1.09747E-10
0.0145312 0.242188 1.09268E-10
-0.00421875 0.0703125 1.08374E-10
-0.0117188 0.195312 1.09975E-10
-0.00234375 0.0390625 1.08408E-10
0.00234375 0.0390625 1.09542E-10
-0.00234375 0.0390625 1.07007E-10
-0.00515625 0.0859375 1.08035E-10
-0.00328125 0.0546875 1.08699E-10
-0.00421875 0.0703125 1.08255E-10
0.00609375 0.101563 1.08271E-10
-0.0154687 0.257812 1.09158E-10
-0.0117188 0.195312 1.08959E-10
0.00609375 0.101563 1.09123E-10
0.00609375 0.101563 1.09462E-10
0.00796875 0.132812 1.08258E-10
-0.0107812 0.179688 1.08127E-10
0.0117188 0.195312 1.08521E-10
0.0229688 0.382813 1.07303E-10
0.0135937 0.226562 1.08024E-10
0.00984375 0.164062 1.09089E-10
-0.00609375 0.101563 1.09339E-10
0.00796875 0.132812 1.09137E-10
-0.0117188 0.195312 1.09715E-10
-0.0126562 0.210938 1.0648E-10
0.00046875 0.0078125 1.09347E-10
0.00140625 0.0234375 1.09245E-10
-0.00796875 0.132812 1.09022E-10
0.00515625 0.0859375 1.09394E-10
0.00234375 0.0390625 1.07229E-10
-0.0126562 0.210938 1.09593E-10
-0.00328125 0.0546875 1.08597E-10
0.0210937 0.351562 1.08889E-10
-0.0135937 0.226562 1.08375E-10
0.00328125 0.0546875 1.08243E-10
0.00703125 0.117188 1.08123E-10
-0.00515625 0.0859375 1.07905E-10
-0.00796875 0.132812 1.09455E-10
0.00140625 0.0234375 1.08935E-10
-0.00609375 0.101563 1.08489E-10
0.00046875 0.0078125 1.08117E-10
0.00515625 0.0859375 1.08776E-10
-0.00234375 0.0390625 1.08493E-10
0.0145312 0.242188 1.09322E-10
0.00140625 0.0234375 1.09638E-10
-0.00328125 0.0546875 1.08383E-10
0.0154687 0.257812 1.09943E-10
0.0135937 0.226562 1.06716E-10
-0.00046875 0.0078125 1.08864E-10
0.00046875 0.0078125 1.08405E-10
-0.0107812 0.179688 1.08848E-10
-0.0220313 0.367188 1.08817E-10
0.00796875 0.132812 1.10065E-10
-0.00703125 0.117188 1.07155E-10
0.0192187 0.320312 1.08229E-10
0.00140625 0.0234375 1.08585E-10
-0.00515625 0.0859375 1.0885E-10
-0.0257812 0.429688 1.07308E-10
0.00328125 0.0546875 1.10492E-10
-0.00609375 0.101563 1.067E-10
0.0126562 0.210938 1.08047E-10
-0.0192187 0.320312 1.06933E-10
-0.0126562 0.210938 1.07944E-10
-0.00234375 0.0390625 1.08416E-10
0.0107812 0.179688 1.08972E-10
0.00328125 0.0546875 1.06766E-10
0.00703125 0.117188 1.09506E-10
0.00046875 0.0078125 1.08852E-10
0.00984375 0.164062 1.08677E-10
-0.0192187 0.320312 1.09928E-10
0.00984375 0.164062 1.09486E-10
0.0126562 0.210938 1.08588E-10
0.00890625 0.148438 1.08298E-10
0.0117188 0.195312 1.09362E-10
0.0135937 0.226562 1.08179E-10
-0.0210937 0.351562 1.07169E-10
0.00515625 0.0859375 1.09185E-10
-0.00609375 0.101563 1.07313E-10
-0.00421875 0.0703125 1.08322E-10
0.0117188 0.195312 1.07008E-10
0.00328125 0.0546875 1.07735E-10
-0.0126562 0.210938 1.07871E-10
-0.0117188 0.195312 1.08929E-10
-0.00140625 0.0234375 1.08549E-10
0.00984375 0.164062 1.07218E-10
-0.0173437 0.289062 1.07715E-10
0.00234375 0.0390625 1.08534E-10
-0.0164062 0.273437 1.09619E-10
0.00140625 0.0234375 1.08406E-10
-0.0276563 0.460938 1.08309E-10
0.00609375 0.101563 1.08112E-10
-0.00515625 0.0859375 1.0789E-10
0.00890625 0.148438 1.06795E-10
0.0220313 0.367188 1.09173E-10
0.00046875 0.0078125 1.08546E-10
-0.0107812 0.179688 1.08612E-10
0.00796875 0.132812 1.08826E-10
0.0192187 0.320312 1.09314E-10
0.0117188 0.195312 1.07775E-10
-0.0117188 0.195312 1.08402E-10
-0.00703125 0.117188 1.07933E-10
0.0164062 0.273437 1.09639E-10
-0.00703125 0.117188 1.07254E-10
-0.00328125 0.0546875 1.08501E-10
-0.00234375 0.0390625 1.08265E-10
0.00984375 0.164062 1.07937E-10
-0.00046875 0.0078125 1.09283E-10
-0.00609375 0.101563 1.08856E-10
0.00609375 0.101563 1.08231E-10
0.00984375 0.164062 1.07966E-10
0.00046875 0.0078125 1.07922E-10
0.00796875 0.132812 1.09936E-10
0.00046875 0.0078125 1.08169E-10
-0.0257812 0.429688 1.08415E-10
-0.00984375 0.164062 1.07005E-10
0.0117188 0.195312 1.09061E-10
0.00890625 0.148438 1.08459E-10
-0.00984375 0.164062 1.09469E-10
-0.00140625 0.0234375 1.08512E-10
-0.00140625 0.0234375 1.08419E-10
-0.00328125 0.0546875 1.0785E-10
0.00421875 0.0703125 1.08174E-10
-0.00046875 0.0078125 1.08102E-10
0.00421875 0.0703125 1.10318E-10
-0.0210937 0.351562 1.08267E-10
0.00796875 0.132812 1.09208E-10
-0.0173437 0.289062 1.08949E-10
0.00046875 0.0078125 1.07782E-10
-0.00328125 0.0546875 1.07983E-10
-0.0220313 0.367188 1.08176E-10
0.00703125 0.117188 1.08494E-10
-0.00890625 0.148438 1.08099E-10
-0.00609375 0.101563 1.09979E-10
-0.00796875 0.132812 1.08448E-10
-0.00984375 0.164062 1.08751E-10
0.00796875 0.132812 1.08586E-10
0.00140625 0.0234375 1.07976E-10
0.0173437 0.289062 1.09922E-10
-0.00234375 0.0390625 1.08992E-10
-0.00609375 0.101563 1.08421E-10
-0.00140625 0.0234375 1.07625E-10
0.0126562 0.210938 1.0821E-10
-0.00890625 0.148438 1.07455E-10
-0.00234375 0.0390625 1.08985E-10
0.00046875 0.0078125 1.07969E-10
0.00421875 0.0703125 1.08264E-10
-0.00421875 0.0703125 1.09421E-10
0.00515625 0.0859375 1.08064E-10
-0.00515625 0.0859375 1.09705E-10
0.00609375 0.101563 1.08132E-10
-0.0107812 0.179688 1.08743E-10
-0.0107812 0.179688 1.0661E-10
0.0164062 0.273437 1.09079E-10
-0.0117188 0.195312 1.08457E-10
0.00140625 0.0234375 1.08607E-10
-0.0182812 0.304688 1.10631E-10
-0.00890625 0.148438 1.09287E-10
-0.0154687 0.257812 1.08299E-10
-0.00609375 0.101563 1.09357E-10
0.00046875 0.0078125 1.09251E-10
-0.00515625 0.0859375 1.07144E-10
0.0107812 0.179688 1.066E-10
0.00140625 0.0234375 1.09149E-10
-0.00890625 0.148438 1.0936E-10
0.0201563 0.335938 1.08189E-10
0.0117188 0.195312 1.09051E-10
0.0154687 0.257812 1.09373E-10
-0.00890625 0.148438 1.09027E-10
0.00890625 0.148438 1.08061E-10
-0.00328125 0.0546875 1.08305E-10
-0.0117188 0.195312 1.09242E-10
0.00328125 0.0546875 1.09001E-10
0.0182812 0.304688 1.09821E-10
-0.00796875 0.132812 1.08789E-10
0.00703125 0.117188 1.07516E-10
-0.0107812 0.179688 1.09193E-10
0.0135937 0.226562 1.08024E-10
-0.0239062 0.398437 1.09752E-10
0.00609375 0.101563 1.08797E-10
-0.00609375 0.101563 1.08825E-10
0.00328125 0.0546875 1.08354E-10
0.00515625 0.0859375 1.07754E-10
0.00328125 0.0546875 1.08083E-10
-0.0107812 0.179688 1.08164E-10
0.00609375 0.101563 1.08526E-10
-0.0220313 0.367188 1.08288E-10
-0.0164062 0.273437 1.06994E-10
-0.00515625 0.0859375 1.09533E-10
0.0210937 0.351562 1.08701E-10
-0.00046875 0.0078125 1.07257E-10
0.0248437 0.414062 1.08803E-10
-0.00796875 0.132812 1.09439E-10
0.00890625 0.148438 1.08207E-10
-0.00703125 0.117188 1.08434E-10
0.00703125 0.117188 1.09136E-10
-0.00890625 0.148438 1.08596E-10
0.00515625 0.0859375 1.08956E-10
-0.0107812 0.179688 1.09699E-10
0.0126562 0.210938 1.09534E-10
-0.00890625 0.148438 1.08836E-10
-0.00796875 0.132812 1.07743E-10
0.00140625 0.0234375 1.0721E-10
-0.0164062 0.273437 1.06793E-10
-0.0220313 0.367188 1.09903E-10
-0.0107812 0.179688 1.07713E-10
0.00515625 0.0859375 1.09084E-10
-0.00140625 0.0234375 1.08115E-10
0.00796875 0.132812 1.08803E-10
-0.0145312 0.242188 1.10944E-10
-0.00515625 0.0859375 1.07157E-10
-0.00046875 0.0078125 1.08695E-10
-0.00234375 0.0390625 1.07879E-10
-0.00140625 0.0234375 1.08451E-10
0.00140625 0.0234375 1.0799E-10
-0.0117188 0.195312 1.077E-10
0.00421875 0.0703125 1.09461E-10
0.00703125 0.117188 1.08838E-10
-0.00421875 0.0703125 1.0759E-10
-0.00328125 0.0546875 1.09244E-10
-0.0107812 0.179688 1.07566E-10
-0.00515625 0.0859375 1.09087E-10
-0.0145312 0.242188 1.0707E-10
0.0145312 0.242188 1.09148E-10
0.0220313 0.367188 1.08941E-10
0.00796875 0.132812 1.08478E-10
-0.0248437 0.414062 1.09762E-10
0.00703125 0.117188 1.09017E-10
0.00515625 0.0859375 1.09221E-10
0.0126562 0.210938 1.08409E-10
-0.00046875 0.0078125 1.09444E-10
0.00046875 0.0078125 1.09396E-10
0.00234375 0.0390625 1.09464E-10
-0.00796875 0.132812 1.08925E-10
-0.00703125 0.117188 1.0848E-10
0.00609375 0.101563 1.08711E-10
-0.0126562 0.210938 1.0944E-10
0.00140625 0.0234375 1.08858E-10
0.00796875 0.132812 1.089E-10
0.00234375 0.0390625 1.11434E-10
0.0182812 0.304688 1.09628E-10
0.00234375 0.0390625 1.08465E-10
0.0267187 0.445312 1.07583E-10
-0.00609375 0.101563 1.09968E-10
-0.00140625 0.0234375 1.08349E-10
-0.0135937 0.226562 1.09875E-10
-0.0173437 0.289062 1.08358E-10
-0.0192187 0.320312 1.09152E-10
-0.00328125 0.0546875 1.07863E-10
-0.00609375 0.101563 1.09898E-10
-0.00609375 0.101563 1.07268E-10
0.0107812 0.179688 1.07976E-10
0.00234375 0.0390625 1.09028E-10
0.00609375 0.101563 1.08176E-10
-0.0164062 0.273437 1.0706E-10
-0.0126562 0.210938 1.09655E-10
-0.00984375 0.164062 1.0784E-10
0.00515625 0.0859375 1.08371E-10
-0.0117188 0.195312 1.09564E-10
0.00703125 0.117188 1.10973E-10
-0.00890625 0.148438 1.07884E-10
-0.0126562 0.210938 1.10027E-10
-0.0201563 0.335938 1.07093E-10
0.0107812 0.179688 1.08675E-10
-0.0107812 0.179688 1.09779E-10
-0.00515625 0.0859375 1.08518E-10
0.00234375 0.0390625 1.09176E-10
-0.00328125 0.0546875 1.08127E-10
0.00796875 0.132812 1.08333E-10
-0.00984375 0.164062 1.10654E-10
0.00703125 0.117188 1.08195E-10
0.00234375 0.0390625 1.07179E-10
0.0145312 0.242188 1.09718E-10
-0.0220313 0.367188 1.07427E-10
0.00046875 0.0078125 1.08945E-10
0.00796875 0.132812 1.09777E-10
-0.0154687 0.257812 1.08262E-10
0.00703125 0.117188 1.09401E-10
0.0257812 0.429688 1.08505E-10
0.00328125 0.0546875 1.09384E-10
0.00421875 0.0703125 1.09148E-10
-0.00984375 0.164062 1.07555E-10
0.00609375 0.101563 1.09165E-10
0.0173437 0.289062 1.0924E-10
0.0126562 0.210938 1.08473E-10
0.0248437 0.414062 1.08602E-10
-0.00796875 0.132812 1.08189E-10
0.0107812 0.179688 1.08415E-10
0.00515625 0.0859375 1.07885E-10
0.00703125 0.117188 1.08342E-10
0.00796875 0.132812 1.0873E-10
0.0126562 0.210938 1.09401E-10
0.00609375 0.101563 1.10602E-10
0.0164062 0.273437 1.06467E-10
-0.0117188 0.195312 1.09357E-10
-0.00703125 0.117188 1.09446E-10
0.0107812 0.179688 1.0846E-10
0.0107812 0.179688 1.08434E-10
-0.0220313 0.367188 1.06907E-10
-0.00890625 0.148438 1.0902E-10
-0.0342187 0.570312 1.08722E-10
0.00421875 0.0703125 1.0977E-10
0.0145312 0.242188 1.06945E-10
-0.00703125 0.117188 1.09485E-10
0.00140625 0.0234375 1.08868E-10
0.00234375 0.0390625 1.0901E-10
0.00140625 0.0234375 1.08264E-10
0.00703125 0.117188 1.06466E-10
0.00890625 0.148438 1.08035E-10
-0.00890625 0.148438 1.08315E-10
0.00984375 0.164062 1.09432E-10
0.00515625 0.0859375 1.08962E-10
0.0107812 0.179688 1.09092E-10
0.00515625 0.0859375 1.09209E-10
0.00421875 0.0703125 1.08847E-10
-0.00234375 0.0390625 1.07751E-10
0.00515625 0.0859375 1.08158E-10
0.00796875 0.132812 1.09456E-10
-0.00796875 0.132812 1.06575E-10
0.0117188 0.195312 1.08754E-10
-0.00703125 0.117188 1.08795E-10
0.00421875 0.0703125 1.08524E-10
-0.00609375 0.101563 1.08653E-10
0.00984375 0.164062 1.08365E-10
-0.0229688 0.382813 1.09196E-10
-0.00703125 0.117188 1.08703E-10
-0.0107812 0.179688 1.09002E-10
0.0285937 0.476562 1.08306E-10
-0.00609375 0.101563 1.09452E-10
0.0164062 0.273437 1.09769E-10
0.00140625 0.0234375 1.10756E-10
-0.00234375 0.0390625 1.09183E-10
0.00328125 0.0546875 1.07954E-10
0.00609375 0.101563 1.08092E-10
-0.00890625 0.148438 1.08916E-10
-0.0192187 0.320312 1.09803E-10
0.0107812 0.179688 1.08158E-10
0.00328125 0.0546875 1.06831E-10
-0.00328125 0.0546875 1.09778E-10
-0.00234375 0.0390625 1.09929E-10
0.0182812 0.304688 1.09192E-10
-0.00890625 0.148438 1.08692E-10
-0.00140625 0.0234375 1.0933E-10
-0.0182812 0.304688 1.09434E-10
0.00046875 0.0078125 1.08302E-10
-0.00890625 0.148438 1.09769E-10
0.0154687 0.257812 1.09535E-10
-0.00046875 0.0078125 1.10296E-10
0.00328125 0.0546875 1.09291E-10
0.00984375 0.164062 1.08809E-10
-0.00046875 0.0078125 1.08525E-10
0.00421875 0.0703125 1.08508E-10
0.00140625 0.0234375 1.08884E-10
-0.0117188 0.195312 1.06806E-10
0.0117188 0.195312 1.09911E-10
0.00515625 0.0859375 1.10764E-10
-0.00609375 0.101563 1.10427E-10
-0.00515625 0.0859375 1.08158E-10
-0.00328125 0.0546875 1.08993E-10
0.0117188 0.195312 1.08771E-10
-0.0164062 0.273437 1.0894E-10
0.00984375 0.164062 1.07975E-10
-0.0192187 0.320312 1.1078E-10
0.0117188 0.195312 1.08756E-10
0.00703125 0.117188 1.0957E-10
-0.0182812 0.304688 1.09503E-10
-0.0107812 0.179688 1.08284E-10
-0.00234375 0.0390625 1.09253E-10
0.00046875 0.0078125 1.08646E-10
-0.00609375 0.101563 1.08342E-10
-0.00984375 0.164062 1.09281E-10
-0.00140625 0.0234375 1.08207E-10
0.0154687 0.257812 1.08208E-10
0.0248437 0.414062 1.08596E-10
0.00515625 0.0859375 1.06769E-10
0.00421875 0.0703125 1.09268E-10
0.00328125 0.0546875 1.08571E-10
-0.00140625 0.0234375 1.09748E-10
0.00609375 0.101563 1.076E-10
-0.00515625 0.0859375 1.08578E-10
-0.0182812 0.304688 1.09788E-10
0.00421875 0.0703125 1.08555E-10
0.0117188 0.195312 1.09474E-10
-0.00796875 0.132812 1.09766E-10
-0.00890625 0.148438 1.09342E-10
-0.00609375 0.101563 1.07797E-10
-0.00703125 0.117188 1.08235E-10
-0.00515625 0.0859375 1.08243E-10
0.00703125 0.117188 1.08736E-10
0.00609375 0.101563 1.10415E-10
0.0117188 0.195312 1.07797E-10
-0.00234375 0.0390625 1.08523E-10
0.0135937 0.226562 1.0873E-10
-0.00703125 0.117188 1.10469E-10
-0.00984375 0.164062 1.08513E-10
-0.0145312 0.242188 1.08717E-10
0.0135937 0.226562 1.09609E-10
0.00703125 0.117188 1.06743E-10
0.00140625 0.0234375 1.08561E-10
-0.0145312 0.242188 1.07032E-10
-0.00234375 0.0390625 1.08589E-10
-0.00328125 0.0546875 1.09389E-10
0.00140625 0.0234375 1.07651E-10
-0.0107812 0.179688 1.0909E-10
0.00609375 0.101563 1.0874E-10
-0.0117188 0.195312 1.08873E-10
-0.00703125 0.117188 1.09139E-10
-0.00421875 0.0703125 1.08231E-10
0.00421875 0.0703125 1.0851E-10
-0.00515625 0.0859375 1.08641E-10
-0.0117188 0.195312 1.09059E-10
-0.00421875 0.0703125 1.09351E-10
-0.0173437 0.289062 1.08597E-10
0.00515625 0.0859375 1.07327E-10
-0.00140625 0.0234375 1.09295E-10
-0.00140625 0.0234375 1.0909E-10
0.0173437 0.289062 1.09196E-10
-0.00140625 0.0234375 1.08737E-10
0.00140625 0.0234375 1.09421E-10
-0.00984375 0.164062 1.08576E-10
0.00046875 0.0078125 1.0946E-10
0.00703125 0.117188 1.0703E-10
-0.0173437 0.289062 1.0749E-10
-0.00421875 0.0703125 1.08134E-10
-0.00890625 0.148438 1.09396E-10
-0.00046875 0.0078125 1.07956E-10
0.0107812 0.179688 1.06097E-10
-0.00890625 0.148438 1.07193E-10
-0.00421875 0.0703125 1.08531E-10
-0.00890625 0.148438 1.08298E-10
0.00703125 0.117188 1.10244E-10
-0.0210937 0.351562 1.09009E-10
0.0145312 0.242188 1.09017E-10
-0.00703125 0.117188 1.07476E-10
-0.00609375 0.101563 1.09215E-10
0.00609375 0.101563 1.08941E-10
-0.00140625 0.0234375 1.08635E-10
-0.0154687 0.257812 1.08912E-10
0.00328125 0.0546875 1.10839E-10
0.0276563 0.460938 1.07972E-10
-0.00234375 0.0390625 1.08006E-10
-0.00328125 0.0546875 1.08152E-10
0.0126562 0.210938 1.09471E-10
-0.00515625 0.0859375 1.09916E-10
0.0145312 0.242188 1.0807E-10
-0.0145312 0.242188 1.07322E-10
-0.00796875 0.132812 1.0913E-10
-0.0145312 0.242188 1.09398E-10
-0.00609375 0.101563 1.08402E-10
0.00046875 0.0078125 1.08152E-10
-0.0107812 0.179688 1.08874E-10
-0.00140625 0.0234375 1.09413E-10
0.00984375 0.164062 1.09007E-10
