0.0107812 0.179688 2.45149E-10
0.0164062 0.273437 2.46332E-10
-0.00984375 0.164062 2.42845E-10
-0.00421875 0.0703125 2.41268E-10
-0.00328125 0.0546875 2.4523E-10
0.00515625 0.0859375 2.45422E-10
0.0117188 0.195312 2.43593E-10
-0.00796875 0.132812 2.44313E-10
0.00328125 0.0546875 2.41041E-10
-0.00609375 0.101563 2.43752E-10
-0.00609375 0.101563 2.41781E-10
-0.00890625 0.148438 2.38494E-10
0.0164062 0.273437 2.45941E-10
-0.00046875 0.0078125 2.42672E-10
0.00421875 0.0703125 2.44906E-10
0.00984375 0.164062 2.45308E-10
-0.0201563 0.335938 2.41125E-10
0.0107812 0.179688 2.47089E-10
0.00796875 0.132812 2.46333E-10
0.00328125 0.0546875 2.46547E-10
-0.00515625 0.0859375 2.4434E-10
-0.00703125 0.117188 2.47321E-10
-0.00328125 0.0546875 2.44029E-10
0.00609375 0.101563 2.36545E-10
0.00234375 0.0390625 2.45261E-10
0.0126562 0.210938 2.41719E-10
0.00984375 0.164062 2.4252E-10
-0.00328125 0.0546875 2.45133E-10
-0.0229688 0.382813 2.41184E-10
-0.0107812 0.179688 2.46891E-10
-0.00046875 0.0078125 2.44018E-10
0.0173437 0.289062 2.43434E-10
0.00140625 0.0234375 2.45284E-10
0.00796875 0.132812 2.45092E-10
0.00515625 0.0859375 2.40893E-10
-0.00421875 0.0703125 2.4354E-10
0.00890625 0.148438 2.4353E-10
-0.00234375 0.0390625 2.4145E-10
-0.00140625 0.0234375 2.43802E-10
-0.00046875 0.0078125 2.43924E-10
-0.00796875 0.132812 2.44161E-10
-0.00140625 0.0234375 2.45711E-10
0.0257812 0.429688 2.46363E-10
-0.00234375 0.0390625 2.41278E-10
-0.0107812 0.179688 2.4533E-10
0.00046875 0.0078125 2.43937E-10
0.00515625 0.0859375 2.43576E-10
-0.00515625 0.0859375 2.42432E-10
-0.00984375 0.164062 2.44196E-10
-0.00046875 0.0078125 2.35835E-10
-0.00234375 0.0390625 2.41615E-10
-0.00421875 0.0703125 2.44852E-10
0.00234375 0.0390625 2.471E-10
0.00515625 0.0859375 2.43306E-10
0.00328125 0.0546875 2.44464E-10
0.00046875 0.0078125 2.40944E-10
-0.0135937 0.226562 2.40157E-10
-0.0145312 0.242188 2.41678E-10
0.00328125 0.0546875 2.43886E-10
0.00046875 0.0078125 2.44514E-10
-0.00234375 0.0390625 2.43356E-10
0.00421875 0.0703125 2.46524E-10
-0.00234375 0.0390625 2.4214E-10
-0.00703125 0.117188 2.4097E-10
-0.00421875 0.0703125 2.41338E-10
0.00796875 0.132812 2.47226E-10
0.00234375 0.0390625 2.44048E-10
0.00328125 0.0546875 2.42084E-10
-0.00703125 0.117188 2.43003E-10
0.0117188 0.195312 2.43739E-10
0.00984375 0.164062 2.43011E-10
-0.00234375 0.0390625 2.43518E-10
-0.0107812 0.179688 2.47105E-10
-0.00703125 0.117188 2.42155E-10
-0.00046875 0.0078125 2.40908E-10
0.00890625 0.148438 2.41518E-10
0.0164062 0.273437 2.43351E-10
0.00328125 0.0546875 2.39879E-10
0.00609375 0.101563 2.46299E-10
-0.0107812 0.179688 2.42397E-10
-0.0126562 0.210938 2.40022E-10
-0.00515625 0.0859375 2.34215E-10
0.00046875 0.0078125 2.41148E-10
0.0135937 0.226562 2.42344E-10
-0.0126562 0.210938 2.34603E-10
0.0164062 0.273437 2.4835E-10
0.0117188 0.195312 2.43266E-10
0.00046875 0.0078125 2.42304E-10
-0.00703125 0.117188 2.46537E-10
-0.0126562 0.210938 2.44937E-10
-0.0107812 0.179688 2.40274E-10
-0.0229688 0.382813 2.36917E-10
-0.00984375 0.164062 2.41092E-10
0.00046875 0.0078125 2.44666E-10
-0.00046875 0.0078125 2.39832E-10
-0.00609375 0.101563 2.47332E-10
-0.00046875 0.0078125 2.41023E-10
-0.00046875 0.0078125 2.415E-10
-0.00234375 0.0390625 2.43893E-10
-0.00140625 0.0234375 2.45003E-10
0.0107812 0.179688 2.46971E-10
-0.00421875 0.0703125 2.44512E-10
-0.00140625 0.0234375 2.4129E-10
0.00234375 0.0390625 2.4642E-10
-0.00984375 0.164062 2.40849E-10
-0.00890625 0.148438 2.44953E-10
-0.00984375 0.164062 2.44128E-10
0.00328125 0.0546875 2.38964E-10
0.00234375 0.0390625 2.38365E-10
-0.00234375 0.0390625 2.44615E-10
0.00796875 0.132812 2.42012E-10
-0.00421875 0.0703125 2.42175E-10
0.00890625 0.148438 2.40031E-10
-0.00328125 0.0546875 2.44967E-10
0.0107812 0.179688 2.42102E-10
-0.00609375 0.101563 2.37794E-10
-0.0117188 0.195312 2.44813E-10
-0.00984375 0.164062 2.45375E-10
-0.00703125 0.117188 2.41152E-10
0.00890625 0.148438 2.43303E-10
0.00140625 0.0234375 2.45046E-10
-0.00984375 0.164062 2.43457E-10
0.00328125 0.0546875 2.40316E-10
-0.0220313 0.367188 2.45571E-10
-0.0201563 0.335938 2.41989E-10
0.00046875 0.0078125 2.40428E-10
-0.00609375 0.101563 2.44431E-10
-0.00609375 0.101563 2.4081E-10
0.0126562 0.210938 2.42334E-10
0.00609375 0.101563 2.44063E-10
0.00328125 0.0546875 2.43924E-10
-0.0154687 0.257812 2.45994E-10
0.00984375 0.164062 2.44165E-10
-0.0173437 0.289062 2.41021E-10
0.00515625 0.0859375 2.41551E-10
0.0107812 0.179688 2.45539E-10
0.00046875 0.0078125 2.46185E-10
-0.00890625 0.148438 2.37522E-10
0.00328125 0.0546875 2.46219E-10
-0.00796875 0.132812 2.47061E-10
-0.00609375 0.101563 2.35183E-10
-0.0164062 0.273437 2.41255E-10
-0.00328125 0.0546875 2.40874E-10
0.00046875 0.0078125 2.49E-10
-0.00796875 0.132812 2.44548E-10
-0.0126562 0.210938 2.49427E-10
0.00328125 0.0546875 2.45683E-10
-0.00515625 0.0859375 2.41485E-10
-0.00890625 0.148438 2.40479E-10
0.00140625 0.0234375 2.43835E-10
0.00703125 0.117188 2.44473E-10
-0.00140625 0.0234375 2.43939E-10
0.0135937 0.226562 2.36174E-10
0.00140625 0.0234375 2.40081E-10
-0.00515625 0.0859375 2.4509E-10
-0.0210937 0.351562 2.45042E-10
-0.0126562 0.210938 2.46357E-10
-0.00703125 0.117188 2.43082E-10
0.00703125 0.117188 2.45707E-10
-0.00234375 0.0390625 2.40914E-10
0.00046875 0.0078125 2.36247E-10
-0.0220313 0.367188 2.45309E-10
-0.0107812 0.179688 2.41207E-10
0.0267187 0.445312 2.40247E-10
-0.00984375 0.164062 2.45234E-10
0.0210937 0.351562 2.41032E-10
0.0126562 0.210938 2.49826E-10
0.00046875 0.0078125 2.41409E-10
0.0201563 0.335938 2.44505E-10
-0.00609375 0.101563 2.3979E-10
-0.0107812 0.179688 2.45071E-10
-0.00890625 0.148438 2.41867E-10
0.00234375 0.0390625 2.46028E-10
0.0164062 0.273437 2.42717E-10
-0.0164062 0.273437 2.39765E-10
-0.0107812 0.179688 2.43633E-10
-0.0117188 0.195312 2.43154E-10
-0.00046875 0.0078125 2.38766E-10
-0.00703125 0.117188 2.42876E-10
-0.00515625 0.0859375 2.44082E-10
-0.0126562 0.210938 2.41686E-10
-0.0276563 0.460938 2.41452E-10
0.0135937 0.226562 2.39411E-10
0.00609375 0.101563 2.45947E-10
-0.00609375 0.101563 2.42927E-10
-0.0154687 0.257812 2.41461E-10
0.00234375 0.0390625 2.49116E-10
-0.00796875 0.132812 2.4773E-10
0.0192187 0.320312 2.4417E-10
-0.00234375 0.0390625 2.45332E-10
0.00703125 0.117188 2.43946E-10
0.00984375 0.164062 2.44615E-10
-0.00421875 0.0703125 2.40887E-10
-0.0107812 0.179688 2.44169E-10
0.00328125 0.0546875 2.43444E-10
-0.00890625 0.148438 2.40673E-10
0.0145312 0.242188 2.45044E-10
-0.0117188 0.195312 2.43131E-10
0.00234375 0.0390625 2.40028E-10
0.0248437 0.414062 2.41893E-10
0.00515625 0.0859375 2.44585E-10
0.0117188 0.195312 2.36625E-10
0.00609375 0.101563 2.46091E-10
-0.0145312 0.242188 2.43884E-10
0.00984375 0.164062 2.39079E-10
0.00796875 0.132812 2.43739E-10
0.00515625 0.0859375 2.43688E-10
-0.00609375 0.101563 2.43057E-10
-0.00890625 0.148438 2.4054E-10
-0.00515625 0.0859375 2.46334E-10
0.00421875 0.0703125 2.41317E-10
0.00328125 0.0546875 2.40227E-10
0.00234375 0.0390625 2.43551E-10
-0.00796875 0.132812 2.42304E-10
-0.00890625 0.148438 2.48475E-10
0.00046875 0.0078125 2.43091E-10
0.00328125 0.0546875 2.40526E-10
0.00046875 0.0078125 2.40066E-10
0.0220313 0.367188 2.45738E-10
-0.00328125 0.0546875 2.41791E-10
0.00046875 0.0078125 2.41387E-10
0.00515625 0.0859375 2.43326E-10
-0.00515625 0.0859375 2.38357E-10
-0.00140625 0.0234375 2.43389E-10
0.0135937 0.226562 2.44944E-10
0.00796875 0.132812 2.46338E-10
0.00703125 0.117188 2.42795E-10
-0.00234375 0.0390625 2.45844E-10
0.00609375 0.101563 2.3761E-10
-0.00984375 0.164062 2.45117E-10
-0.0220313 0.367188 2.45957E-10
0.00609375 0.101563 2.4723E-10
-0.0295312 0.492188 2.3782E-10
-0.00796875 0.132812 2.39642E-10
0.0126562 0.210938 2.45287E-10
0.00796875 0.132812 2.43237E-10
0.0173437 0.289062 2.42891E-10
0.0135937 0.226562 2.42323E-10
0.00421875 0.0703125 2.40413E-10
-0.00515625 0.0859375 2.45713E-10
0.00515625 0.0859375 2.42652E-10
0.00703125 0.117188 2.4237E-10
0.00421875 0.0703125 2.42984E-10
-0.0117188 0.195312 2.4172E-10
0.0117188 0.195312 2.42173E-10
-0.00234375 0.0390625 2.43538E-10
-0.00234375 0.0390625 2.44732E-10
0.00046875 0.0078125 2.457E-10
0.00328125 0.0546875 2.44225E-10
-0.0145312 0.242188 2.41797E-10
-0.00421875 0.0703125 2.43758E-10
-0.00515625 0.0859375 2.43279E-10
0.00703125 0.117188 2.41056E-10
-0.00421875 0.0703125 2.38593E-10
-0.0117188 0.195312 2.40484E-10
0.00984375 0.164062 2.39726E-10
-0.00515625 0.0859375 2.41115E-10
-0.0135937 0.226562 2.38895E-10
0.0107812 0.179688 2.43155E-10
0.00234375 0.0390625 2.43502E-10
0.0248437 0.414062 2.4414E-10
-0.00140625 0.0234375 2.42601E-10
-0.00796875 0.132812 2.42659E-10
-0.0173437 0.289062 2.44146E-10
0.00703125 0.117188 2.4415E-10
-0.0192187 0.320312 2.44521E-10
0.0164062 0.273437 2.48016E-10
-0.0107812 0.179688 2.43748E-10
-0.0107812 0.179688 2.389E-10
0.00234375 0.0390625 2.48829E-10
-0.00609375 0.101563 2.3953E-10
0.00421875 0.0703125 2.45785E-10
-0.00234375 0.0390625 2.4589E-10
-0.00140625 0.0234375 2.39865E-10
-0.0135937 0.226562 2.44764E-10
0.00703125 0.117188 2.43979E-10
0.00234375 0.0390625 2.4652E-10
0.0135937 0.226562 2.33006E-10
-0.00796875 0.132812 2.40282E-10
0.00421875 0.0703125 2.41821E-10
-0.00421875 0.0703125 2.37091E-10
0.00234375 0.0390625 2.43166E-10
0.00984375 0.164062 2.44251E-10
0.00234375 0.0390625 2.42714E-10
-0.00140625 0.0234375 2.42334E-10
-0.00234375 0.0390625 2.36868E-10
0.00046875 0.0078125 2.44595E-10
-0.0220313 0.367188 2.45472E-10
0.00140625 0.0234375 2.34394E-10
-0.00984375 0.164062 2.44051E-10
-0.0145312 0.242188 2.42467E-10
-0.00140625 0.0234375 2.41773E-10
-0.00421875 0.0703125 2.44942E-10
-0.0117188 0.195312 2.41099E-10
0.00890625 0.148438 2.41821E-10
0.00984375 0.164062 2.40067E-10
0.00046875 0.0078125 2.39846E-10
-0.00046875 0.0078125 2.40341E-10
0.0164062 0.273437 2.39338E-10
-0.00515625 0.0859375 2.44132E-10
-0.0135937 0.226562 2.39917E-10
-0.00328125 0.0546875 2.45014E-10
0.00140625 0.0234375 2.39409E-10
-0.0135937 0.226562 2.38534E-10
-0.00796875 0.132812 2.4544E-10
-0.00234375 0.0390625 2.36062E-10
0.0154687 0.257812 2.50531E-10
-0.0220313 0.367188 2.46568E-10
0.00609375 0.101563 2.41179E-10
-0.0173437 0.289062 2.45844E-10
0.00796875 0.132812 2.43335E-10
-0.0164062 0.273437 2.42576E-10
-0.00328125 0.0546875 2.40534E-10
-0.00046875 0.0078125 2.44439E-10
-0.00609375 0.101563 2.44684E-10
-0.0117188 0.195312 2.43898E-10
-0.00703125 0.117188 2.44505E-10
-0.00984375 0.164062 2.4114E-10
0.0126562 0.210938 2.4121E-10
-0.00140625 0.0234375 2.45524E-10
0.00984375 0.164062 2.43539E-10
-0.00046875 0.0078125 2.42279E-10
0.00515625 0.0859375 2.48501E-10
-0.00234375 0.0390625 2.45457E-10
-0.0135937 0.226562 2.46818E-10
-0.0173437 0.289062 2.45475E-10
0.0135937 0.226562 2.4052E-10
0.00421875 0.0703125 2.41408E-10
0.0182812 0.304688 2.40442E-10
0.0295312 0.492188 2.46263E-10
0.00421875 0.0703125 2.42716E-10
0.00703125 0.117188 2.44115E-10
-0.00515625 0.0859375 2.45546E-10
-0.00984375 0.164062 2.41931E-10
0.00984375 0.164062 2.43726E-10
-0.0192187 0.320312 2.41756E-10
0.00984375 0.164062 2.41952E-10
-0.0126562 0.210938 2.3912E-10
0.00328125 0.0546875 2.43063E-10
0.00609375 0.101563 2.43646E-10
0.00046875 0.0078125 2.40999E-10
-0.00421875 0.0703125 2.4347E-10
-0.00046875 0.0078125 2.40805E-10
0.00984375 0.164062 2.42569E-10
-0.00234375 0.0390625 2.44408E-10
-0.0173437 0.289062 2.41119E-10
0.00234375 0.0390625 2.4308E-10
-0.0107812 0.179688 2.43841E-10
-0.00421875 0.0703125 2.45663E-10
-0.00140625 0.0234375 2.44374E-10
-0.00609375 0.101563 2.42222E-10
0.00609375 0.101563 2.45086E-10
0.0164062 0.273437 2.41289E-10
-0.0154687 0.257812 2.49577E-10
0.00515625 0.0859375 2.4126E-10
-0.0229688 0.382813 2.3541E-10
-0.0154687 0.257812 2.40526E-10
0.00890625 0.148438 2.43546E-10
0.00796875 0.132812 2.43315E-10
-0.00140625 0.0234375 2.41036E-10
-0.00421875 0.0703125 2.42592E-10
-0.0117188 0.195312 2.4251E-10
0.00890625 0.148438 2.4478E-10
-0.0192187 0.320312 2.45788E-10
0.0126562 0.210938 2.42382E-10
0.00421875 0.0703125 2.43829E-10
-0.0173437 0.289062 2.46141E-10
0.0135937 0.226562 2.46562E-10
-0.00421875 0.0703125 2.46937E-10
0.00421875 0.0703125 2.43801E-10
-0.00421875 0.0703125 2.43574E-10
-0.00609375 0.101563 2.4508E-10
0.00609375 0.101563 2.47121E-10
0.00046875 0.0078125 2.40521E-10
-0.00140625 0.0234375 2.41191E-10
0.00421875 0.0703125 2.38596E-10
0.00421875 0.0703125 2.43844E-10
0.00421875 0.0703125 2.41392E-10
0.00796875 0.132812 2.40256E-10
-0.00703125 0.117188 2.43241E-10
-0.00421875 0.0703125 2.45987E-10
0.00328125 0.0546875 2.4021E-10
0.00515625 0.0859375 2.42719E-10
0.00234375 0.0390625 2.4208E-10
0.00796875 0.132812 2.42989E-10
-0.00609375 0.101563 2.43751E-10
0.00421875 0.0703125 2.39975E-10
-0.00703125 0.117188 2.42764E-10
-0.00328125 0.0546875 2.44437E-10
0.00421875 0.0703125 2.39321E-10
0.00796875 0.132812 2.41491E-10
-0.0126562 0.210938 2.37844E-10
-0.00140625 0.0234375 2.44923E-10
-0.00515625 0.0859375 2.43841E-10
-0.00046875 0.0078125 2.44083E-10
0.00515625 0.0859375 2.41705E-10
0.00421875 0.0703125 2.44709E-10
-0.0154687 0.257812 2.4608E-10
-0.00609375 0.101563 2.51033E-10
0.0126562 0.210938 2.43667E-10
-0.00421875 0.0703125 2.34145E-10
0.00421875 0.0703125 2.46865E-10
0.00234375 0.0390625 2.4385E-10
-0.00421875 0.0703125 2.4261E-10
0.00234375 0.0390625 2.45228E-10
0.0117188 0.195312 2.43613E-10
-0.0126562 0.210938 2.45121E-10
-0.00796875 0.132812 2.42361E-10
0.00609375 0.101563 2.46045E-10
0.00421875 0.0703125 2.38321E-10
0.00234375 0.0390625 2.46576E-10
0.00328125 0.0546875 2.42088E-10
-0.00609375 0.101563 2.46495E-10
0.0173437 0.289062 2.39811E-10
0.00140625 0.0234375 2.4725E-10
-0.00703125 0.117188 2.44583E-10
-0.00796875 0.132812 2.40865E-10
-0.0145312 0.242188 2.42576E-10
-0.00328125 0.0546875 2.38857E-10
-0.00421875 0.0703125 2.42019E-10
-0.00234375 0.0390625 2.40134E-10
-0.00234375 0.0390625 2.44338E-10
-0.0117188 0.195312 2.43916E-10
-0.0107812 0.179688 2.40891E-10
-0.00046875 0.0078125 2.35287E-10
0.00421875 0.0703125 2.3798E-10
0.0126562 0.210938 2.43858E-10
-0.00609375 0.101563 2.40951E-10
-0.00328125 0.0546875 2.44589E-10
-0.0117188 0.195312 2.40055E-10
-0.00890625 0.148438 2.36107E-10
-0.00703125 0.117188 2.39234E-10
-0.00515625 0.0859375 2.41251E-10
0.00046875 0.0078125 2.39739E-10
-0.00234375 0.0390625 2.40808E-10
0.00140625 0.0234375 2.40031E-10
0.00140625 0.0234375 2.41854E-10
0.00046875 0.0078125 2.43971E-10
-0.0117188 0.195312 2.4269E-10
-0.0220313 0.367188 2.37523E-10
0.00234375 0.0390625 2.36717E-10
-0.0126562 0.210938 2.36129E-10
-0.00234375 0.0390625 2.46982E-10
0.00046875 0.0078125 2.42609E-10
0.00703125 0.117188 2.39799E-10
-0.00234375 0.0390625 2.47185E-10
-0.00140625 0.0234375 2.42615E-10
-0.00234375 0.0390625 2.43814E-10
-0.0135937 0.226562 2.44455E-10
-0.0154687 0.257812 2.43156E-10
-0.0173437 0.289062 2.44586E-10
0.00234375 0.0390625 2.44497E-10
-0.00984375 0.164062 2.45565E-10
-0.00609375 0.101563 2.38274E-10
-0.00328125 0.0546875 2.41677E-10
-0.00890625 0.148438 2.41511E-10
-0.00796875 0.132812 2.47177E-10
0.0126562 0.210938 2.43155E-10
-0.00609375 0.101563 2.41478E-10
-0.00421875 0.0703125 2.41957E-10
0.00046875 0.0078125 2.3604E-10
-0.00984375 0.164062 2.43079E-10
0.00703125 0.117188 2.4349E-10
-0.0107812 0.179688 2.40303E-10
-0.00421875 0.0703125 2.47251E-10
-0.0164062 0.273437 2.43041E-10
-0.00703125 0.117188 2.42117E-10
-0.00609375 0.101563 2.35585E-10
0.00328125 0.0546875 2.47843E-10
0.0107812 0.179688 2.44018E-10
0.00234375 0.0390625 2.4134E-10
-0.0126562 0.210938 2.30522E-10
0.00046875 0.0078125 2.42678E-10
-0.00609375 0.101563 2.42311E-10
0.00515625 0.0859375 2.38139E-10
0.0126562 0.210938 2.45613E-10
-0.00515625 0.0859375 2.31999E-10
0.00328125 0.0546875 2.3997E-10
-0.00515625 0.0859375 2.40436E-10
-0.00328125 0.0546875 2.41901E-10
-0.00515625 0.0859375 2.45824E-10
0.00515625 0.0859375 2.45495E-10
0.0192187 0.320312 2.4551E-10
-0.00046875 0.0078125 2.4602E-10
0.00703125 0.117188 2.43428E-10
-0.00515625 0.0859375 2.45795E-10
0.00703125 0.117188 2.41137E-10
0.00703125 0.117188 2.38058E-10
0.00703125 0.117188 2.44568E-10
-0.0126562 0.210938 2.43516E-10
0.0201563 0.335938 2.45941E-10
0.00421875 0.0703125 2.39298E-10
0.00703125 0.117188 2.42755E-10
0.00234375 0.0390625 2.45271E-10
0.0107812 0.179688 2.43788E-10
-0.00984375 0.164062 2.41769E-10
-0.00421875 0.0703125 2.35445E-10
0.0220313 0.367188 2.38755E-10
0.0220313 0.367188 2.40042E-10
0.00796875 0.132812 2.36547E-10
