0.00046875 0.0078125 9.57243E-10
-0.0267187 0.445312 9.58042E-10
0.00796875 0.132812 9.53412E-10
-0.00703125 0.117188 9.19795E-10
-0.00890625 0.148438 8.97524E-10
-0.0154687 0.257812 9.01675E-10
-0.00984375 0.164062 9.32564E-10
-0.00046875 0.0078125 8.7789E-10
-0.00234375 0.0390625 9.15964E-10
-0.00234375 0.0390625 9.08616E-10
-0.00046875 0.0078125 8.83513E-10
0.00140625 0.0234375 9.26782E-10
0.0182812 0.304688 8.87251E-10
0.0145312 0.242188 9.12887E-10
0.00796875 0.132812 9.38223E-10
-0.00515625 0.0859375 9.16073E-10
-0.00796875 0.132812 9.34323E-10
0.00140625 0.0234375 9.60075E-10
-0.00609375 0.101563 9.14974E-10
-0.0107812 0.179688 8.96137E-10
-0.00609375 0.101563 8.95956E-10
-0.00515625 0.0859375 9.32523E-10
-0.00234375 0.0390625 9.2607E-10
-0.0126562 0.210938 9.42927E-10
-0.00328125 0.0546875 9.1589E-10
-0.00609375 0.101563 9.24032E-10
-0.00140625 0.0234375 9.07821E-10
-0.0135937 0.226562 8.97874E-10
0.00328125 0.0546875 9.30689E-10
0.00609375 0.101563 8.49815E-10
-0.00703125 0.117188 9.54402E-10
-0.00984375 0.164062 9.44729E-10
0.00421875 0.0703125 8.98328E-10
0.0182812 0.304688 9.43257E-10
-0.00046875 0.0078125 9.15511E-10
-0.0154687 0.257812 8.86321E-10
0.00046875 0.0078125 9.06569E-10
0.00046875 0.0078125 9.36286E-10
-0.00328125 0.0546875 8.73205E-10
0.00421875 0.0703125 8.75831E-10
0.00984375 0.164062 9.17715E-10
0.00234375 0.0390625 9.05268E-10
0.00328125 0.0546875 9.13781E-10
-0.00984375 0.164062 9.23465E-10
-0.0117188 0.195312 9.26537E-10
0.0135937 0.226562 8.99621E-10
-0.0154687 0.257812 8.7773E-10
-0.00796875 0.132812 9.65287E-10
-0.00234375 0.0390625 9.34156E-10
0.0192187 0.320312 9.24234E-10
-0.0154687 0.257812 9.09016E-10
-0.00421875 0.0703125 8.7859E-10
0.00609375 0.101563 8.9642E-10
0.0164062 0.273437 8.69192E-10
-0.00328125 0.0546875 8.78743E-10
0.0154687 0.257812 8.96299E-10
-0.00046875 0.0078125 9.15318E-10
-0.00140625 0.0234375 9.23516E-10
-0.0145312 0.242188 8.97806E-10
-0.00609375 0.101563 9.08897E-10
-0.00046875 0.0078125 9.46656E-10
0.0164062 0.273437 9.02625E-10
0.00421875 0.0703125 9.22017E-10
-0.00234375 0.0390625 9.13711E-10
-0.00796875 0.132812 9.19624E-10
-0.00421875 0.0703125 9.07902E-10
-0.00328125 0.0546875 8.9467E-10
-0.0107812 0.179688 9.25991E-10
-0.00890625 0.148438 9.25693E-10
-0.00890625 0.148438 9.35126E-10
0.00609375 0.101563 8.63756E-10
-0.00515625 0.0859375 9.09729E-10
0.00421875 0.0703125 9.17145E-10
0.00890625 0.148438 8.88151E-10
-0.00421875 0.0703125 9.07784E-10
-0.00890625 0.148438 8.75777E-10
0.00234375 0.0390625 9.44446E-10
-0.00421875 0.0703125 9.11687E-10
0.00046875 0.0078125 8.71468E-10
0.00796875 0.132812 8.75071E-10
0.00890625 0.148438 8.78171E-10
-0.00421875 0.0703125 9.25277E-10
0.00984375 0.164062 8.8224E-10
0.00515625 0.0859375 9.13446E-10
0.00328125 0.0546875 9.26141E-10
0.0154687 0.257812 9.36861E-10
0.00609375 0.101563 9.27562E-10
0.00890625 0.148438 9.50027E-10
0.0164062 0.273437 8.78345E-10
0.00609375 0.101563 8.60121E-10
-0.00703125 0.117188 8.87893E-10
-0.0117188 0.195312 9.26274E-10
-0.00609375 0.101563 8.8373E-10
-0.00140625 0.0234375 8.68693E-10
-0.0117188 0.195312 9.082E-10
-0.00328125 0.0546875 9.4267E-10
0.00046875 0.0078125 8.98646E-10
0.0126562 0.210938 8.86312E-10
-0.00609375 0.101563 8.78487E-10
-0.00984375 0.164062 8.95989E-10
-0.00609375 0.101563 9.05805E-10
-0.0117188 0.195312 8.94056E-10
-0.00421875 0.0703125 9.07683E-10
-0.00703125 0.117188 9.1364E-10
-0.00328125 0.0546875 9.43801E-10
0.00421875 0.0703125 8.97451E-10
-0.00140625 0.0234375 9.23604E-10
0.00703125 0.117188 8.98377E-10
0.00328125 0.0546875 9.15227E-10
-0.0135937 0.226562 8.96835E-10
0.0173437 0.289062 9.15027E-10
-0.0182812 0.304688 9.05824E-10
-0.00703125 0.117188 9.0781E-10
0.00421875 0.0703125 9.2753E-10
-0.00234375 0.0390625 9.4794E-10
0.0210937 0.351562 8.93104E-10
-0.0135937 0.226562 8.95193E-10
0.00140625 0.0234375 9.16212E-10
-0.0117188 0.195312 9.15504E-10
-0.00609375 0.101563 8.86836E-10
-0.00046875 0.0078125 9.06482E-10
0.0117188 0.195312 9.36868E-10
0.0107812 0.179688 9.4788E-10
0.00328125 0.0546875 9.17644E-10
0.00984375 0.164062 8.83376E-10
0.00609375 0.101563 9.16227E-10
-0.0135937 0.226562 9.50377E-10
0.00609375 0.101563 8.95697E-10
-0.00140625 0.0234375 9.43689E-10
-0.0107812 0.179688 8.9182E-10
0.00703125 0.117188 9.28029E-10
0.0135937 0.226562 8.8796E-10
-0.0145312 0.242188 8.41704E-10
-0.00703125 0.117188 9.16353E-10
0.00328125 0.0546875 9.05199E-10
-0.00796875 0.132812 8.86792E-10
0.00515625 0.0859375 9.05088E-10
-0.00046875 0.0078125 8.77975E-10
0.00046875 0.0078125 8.87935E-10
-0.0173437 0.289062 9.16926E-10
0.00890625 0.148438 9.36035E-10
-0.0173437 0.289062 9.17875E-10
-0.00140625 0.0234375 9.35443E-10
-0.0107812 0.179688 8.87818E-10
0.00421875 0.0703125 9.52591E-10
0.0107812 0.179688 8.94797E-10
-0.00984375 0.164062 9.78063E-10
0.00421875 0.0703125 9.37327E-10
0.00328125 0.0546875 8.77469E-10
-0.00515625 0.0859375 8.97944E-10
-0.00046875 0.0078125 8.92887E-10
-0.00890625 0.148438 9.21667E-10
-0.00984375 0.164062 9.17383E-10
-0.00703125 0.117188 9.51096E-10
-0.00140625 0.0234375 9.6726E-10
-0.00328125 0.0546875 9.25818E-10
-0.00328125 0.0546875 9.13821E-10
-0.00609375 0.101563 8.82575E-10
0.00703125 0.117188 9.43455E-10
0.00140625 0.0234375 9.69954E-10
-0.00609375 0.101563 8.74187E-10
-0.0164062 0.273437 9.11872E-10
0.00234375 0.0390625 8.78002E-10
-0.0192187 0.320312 8.97905E-10
-0.0285937 0.476562 9.32932E-10
0.00796875 0.132812 9.06488E-10
-0.0117188 0.195312 9.14884E-10
-0.0154687 0.257812 8.87715E-10
-0.00984375 0.164062 9.46396E-10
-0.0107812 0.179688 8.97388E-10
0.00234375 0.0390625 9.53425E-10
-0.0210937 0.351562 8.97178E-10
0.00703125 0.117188 8.968E-10
0.00984375 0.164062 9.5612E-10
0.00609375 0.101563 8.7279E-10
0.0164062 0.273437 8.83516E-10
-0.00703125 0.117188 9.06583E-10
0.0126562 0.210938 8.74705E-10
0.00515625 0.0859375 8.82674E-10
-0.0126562 0.210938 8.99057E-10
0.0107812 0.179688 9.0316E-10
0.00796875 0.132812 9.25509E-10
0.0145312 0.242188 8.84711E-10
-0.00421875 0.0703125 9.08352E-10
0.0117188 0.195312 8.78175E-10
-0.00328125 0.0546875 9.07413E-10
-0.00234375 0.0390625 9.14906E-10
-0.0145312 0.242188 9.36283E-10
-0.0135937 0.226562 8.72841E-10
-0.00421875 0.0703125 9.16678E-10
0.00328125 0.0546875 8.98099E-10
-0.00046875 0.0078125 9.22444E-10
0.00140625 0.0234375 9.06374E-10
0.00609375 0.101563 8.93897E-10
-0.00046875 0.0078125 8.96895E-10
-0.0182812 0.304688 9.07613E-10
-0.0107812 0.179688 9.5415E-10
-0.00046875 0.0078125 9.06687E-10
-0.0201563 0.335938 8.67837E-10
-0.00140625 0.0234375 8.93526E-10
0.0248437 0.414062 9.07367E-10
0.00984375 0.164062 9.16815E-10
0.00328125 0.0546875 9.07636E-10
0.00421875 0.0703125 9.07217E-10
0.00328125 0.0546875 8.87963E-10
0.00046875 0.0078125 9.31638E-10
0.00515625 0.0859375 8.92601E-10
0.00703125 0.117188 8.8269E-10
-0.0164062 0.273437 9.04202E-10
-0.0126562 0.210938 9.27745E-10
-0.00703125 0.117188 9.16534E-10
-0.00796875 0.132812 8.9479E-10
-0.00984375 0.164062 9.35827E-10
0.0117188 0.195312 9.19603E-10
0.00703125 0.117188 8.56821E-10
-0.00796875 0.132812 8.97559E-10
-0.00140625 0.0234375 9.20138E-10
0.00234375 0.0390625 8.99039E-10
0.00234375 0.0390625 9.35287E-10
0.0201563 0.335938 9.06443E-10
-0.00328125 0.0546875 8.94253E-10
-0.0126562 0.210938 8.92546E-10
0.00515625 0.0859375 8.55876E-10
-0.00421875 0.0703125 8.97554E-10
0.00515625 0.0859375 8.93458E-10
-0.0164062 0.273437 9.09063E-10
-0.00515625 0.0859375 8.96028E-10
0.00046875 0.0078125 8.87404E-10
-0.00984375 0.164062 8.86859E-10
0.00609375 0.101563 8.88413E-10
0.0154687 0.257812 9.24162E-10
-0.00328125 0.0546875 9.07449E-10
0.0192187 0.320312 8.60312E-10
-0.00046875 0.0078125 9.26367E-10
0.0107812 0.179688 9.25624E-10
-0.0192187 0.320312 9.20272E-10
0.00328125 0.0546875 8.91453E-10
0.00796875 0.132812 9.08985E-10
0.00703125 0.117188 9.15679E-10
0.00421875 0.0703125 9.44897E-10
0.00515625 0.0859375 8.88512E-10
-0.00046875 0.0078125 9.17908E-10
0.00703125 0.117188 9.38089E-10
-0.00984375 0.164062 8.94876E-10
0.00421875 0.0703125 9.38564E-10
0.00140625 0.0234375 8.68176E-10
0.00515625 0.0859375 8.78997E-10
0.00703125 0.117188 9.043E-10
0.0107812 0.179688 9.70914E-10
0.00609375 0.101563 8.76915E-10
0.00515625 0.0859375 9.11948E-10
-0.0229688 0.382813 9.42861E-10
-0.0164062 0.273437 9.32439E-10
0.00234375 0.0390625 9.22792E-10
0.00234375 0.0390625 8.94057E-10
-0.0154687 0.257812 8.65397E-10
-0.0135937 0.226562 9.66123E-10
-0.00890625 0.148438 9.42577E-10
0.00796875 0.132812 9.63523E-10
-0.00421875 0.0703125 9.03033E-10
-0.00703125 0.117188 9.06656E-10
0.00234375 0.0390625 8.97413E-10
0.00046875 0.0078125 8.6542E-10
0.00328125 0.0546875 8.7769E-10
-0.00703125 0.117188 9.30359E-10
0.00796875 0.132812 9.2053E-10
-0.00234375 0.0390625 8.85902E-10
-0.00328125 0.0546875 8.78654E-10
-0.0154687 0.257812 8.9793E-10
0.00140625 0.0234375 8.7534E-10
0.0145312 0.242188 9.57803E-10
-0.00421875 0.0703125 8.8656E-10
0.00984375 0.164062 9.14322E-10
-0.0126562 0.210938 8.53665E-10
-0.00609375 0.101563 8.67624E-10
0.00515625 0.0859375 9.39362E-10
0.00234375 0.0390625 8.94148E-10
-0.00796875 0.132812 8.89963E-10
-0.00515625 0.0859375 8.70908E-10
0.00234375 0.0390625 8.79097E-10
-0.00234375 0.0390625 8.7773E-10
0.00796875 0.132812 9.15439E-10
0.00140625 0.0234375 8.95414E-10
0.00234375 0.0390625 9.17553E-10
0.00234375 0.0390625 8.76574E-10
-0.0135937 0.226562 9.16913E-10
-0.0107812 0.179688 9.01729E-10
0.00140625 0.0234375 9.06476E-10
-0.0239062 0.398437 9.15188E-10
-0.00140625 0.0234375 8.68314E-10
-0.0257812 0.429688 9.45342E-10
-0.00796875 0.132812 9.3689E-10
-0.00046875 0.0078125 9.27449E-10
-0.00515625 0.0859375 8.67921E-10
-0.0126562 0.210938 9.17751E-10
-0.0145312 0.242188 9.35148E-10
-0.00796875 0.132812 9.16674E-10
0.00234375 0.0390625 8.79113E-10
0.00046875 0.0078125 8.87938E-10
-0.00328125 0.0546875 9.43867E-10
0.00140625 0.0234375 9.69911E-10
-0.00140625 0.0234375 8.58754E-10
-0.00796875 0.132812 9.86116E-10
-0.00890625 0.148438 9.0878E-10
-0.0126562 0.210938 9.12656E-10
0.0229688 0.382813 9.31135E-10
-0.00984375 0.164062 8.76316E-10
-0.00046875 0.0078125 9.00189E-10
0.00421875 0.0703125 9.12947E-10
-0.00234375 0.0390625 8.68108E-10
-0.0201563 0.335938 9.06279E-10
-0.00140625 0.0234375 9.12628E-10
0.00140625 0.0234375 9.36519E-10
-0.0126562 0.210938 8.97578E-10
-0.00421875 0.0703125 8.77592E-10
0.00984375 0.164062 9.41042E-10
-0.0117188 0.195312 9.44938E-10
-0.00421875 0.0703125 9.15709E-10
0.00234375 0.0390625 9.35954E-10
0.00890625 0.148438 9.0717E-10
0.00984375 0.164062 9.42934E-10
0.0126562 0.210938 9.21627E-10
-0.00703125 0.117188 9.05531E-10
-0.00234375 0.0390625 8.87964E-10
-0.00609375 0.101563 9.32803E-10
0.00984375 0.164062 8.77465E-10
-0.0107812 0.179688 9.48147E-10
-0.0126562 0.210938 9.60589E-10
-0.00984375 0.164062 9.16013E-10
0.00515625 0.0859375 8.97507E-10
0.0107812 0.179688 8.78035E-10
-0.0107812 0.179688 8.97325E-10
0.00890625 0.148438 9.96672E-10
-0.0107812 0.179688 9.33758E-10
0.00234375 0.0390625 9.17558E-10
0.00703125 0.117188 9.15251E-10
-0.00234375 0.0390625 9.24791E-10
-0.00421875 0.0703125 9.05322E-10
0.00984375 0.164062 9.3085E-10
0.00234375 0.0390625 9.62001E-10
-0.00328125 0.0546875 8.79004E-10
0.00703125 0.117188 8.96972E-10
-0.00796875 0.132812 9.24073E-10
-0.00140625 0.0234375 9.37216E-10
0.00328125 0.0546875 9.71914E-10
-0.0117188 0.195312 9.08428E-10
0.00140625 0.0234375 8.80455E-10
0.00421875 0.0703125 8.97732E-10
0.00234375 0.0390625 9.26504E-10
0.0107812 0.179688 9.20777E-10
0.00984375 0.164062 9.06688E-10
-0.00328125 0.0546875 9.26709E-10
-0.0145312 0.242188 9.06568E-10
0.0135937 0.226562 8.98328E-10
0.00703125 0.117188 9.26715E-10
0.00796875 0.132812 8.73849E-10
-0.00609375 0.101563 8.93858E-10
-0.00609375 0.101563 8.63678E-10
-0.00703125 0.117188 9.29915E-10
0.00140625 0.0234375 8.68963E-10
-0.00140625 0.0234375 9.3404E-10
-0.00515625 0.0859375 9.34366E-10
0.00890625 0.148438 9.25991E-10
-0.0154687 0.257812 9.07519E-10
-0.00328125 0.0546875 9.15567E-10
-0.0126562 0.210938 9.07327E-10
-0.0145312 0.242188 8.77769E-10
-0.00796875 0.132812 9.41775E-10
-0.0107812 0.179688 8.98047E-10
0.00234375 0.0390625 8.77687E-10
0.00890625 0.148438 9.17876E-10
-0.00515625 0.0859375 9.2713E-10
0.00515625 0.0859375 9.22863E-10
0.00046875 0.0078125 9.43827E-10
0.00703125 0.117188 9.34551E-10
0.00609375 0.101563 8.84237E-10
-0.00515625 0.0859375 9.06979E-10
0.00328125 0.0546875 9.53644E-10
-0.0173437 0.289062 8.96173E-10
0.00140625 0.0234375 9.04923E-10
0.00046875 0.0078125 9.32282E-10
0.00046875 0.0078125 9.22848E-10
0.00890625 0.148438 8.68553E-10
-0.0126562 0.210938 8.76916E-10
0.00515625 0.0859375 9.02011E-10
-0.00140625 0.0234375 9.43996E-10
-0.00515625 0.0859375 8.6766E-10
0.00515625 0.0859375 9.12878E-10
0.00796875 0.132812 9.05912E-10
0.0173437 0.289062 9.25493E-10
-0.00328125 0.0546875 9.2284E-10
0.0173437 0.289062 9.07953E-10
-0.00890625 0.148438 9.16133E-10
-0.00609375 0.101563 9.26083E-10
0.00703125 0.117188 9.42358E-10
0.00703125 0.117188 9.34814E-10
-0.00421875 0.0703125 9.34399E-10
-0.00046875 0.0078125 8.68046E-10
0.00609375 0.101563 8.22607E-10
0.00328125 0.0546875 9.23107E-10
0.00046875 0.0078125 8.97128E-10
-0.00234375 0.0390625 9.12888E-10
-0.00140625 0.0234375 9.06319E-10
-0.00796875 0.132812 9.41855E-10
0.0126562 0.210938 9.43872E-10
-0.00421875 0.0703125 8.96446E-10
-0.00984375 0.164062 8.96103E-10
-0.0164062 0.273437 9.02842E-10
-0.00515625 0.0859375 9.10831E-10
0.0117188 0.195312 9.34675E-10
-0.0164062 0.273437 9.21179E-10
0.00796875 0.132812 9.10145E-10
0.00421875 0.0703125 9.07527E-10
-0.00046875 0.0078125 9.08932E-10
0.00984375 0.164062 9.063E-10
-0.0107812 0.179688 9.03457E-10
-0.00046875 0.0078125 9.33615E-10
-0.00140625 0.0234375 8.82857E-10
0.00046875 0.0078125 9.24218E-10
-0.00421875 0.0703125 8.87777E-10
0.00515625 0.0859375 9.33847E-10
0.0145312 0.242188 8.77695E-10
-0.00515625 0.0859375 8.66645E-10
0.00515625 0.0859375 8.99759E-10
-0.00703125 0.117188 9.34943E-10
0.0285937 0.476562 8.87419E-10
0.00421875 0.0703125 9.32858E-10
0.00609375 0.101563 9.43108E-10
0.00140625 0.0234375 9.0573E-10
0.00328125 0.0546875 9.08073E-10
-0.00421875 0.0703125 8.98556E-10
0.0107812 0.179688 8.78343E-10
0.00796875 0.132812 9.12035E-10
0.00984375 0.164062 8.87433E-10
-0.00796875 0.132812 8.89417E-10
-0.0145312 0.242188 8.88225E-10
-0.00140625 0.0234375 9.16084E-10
0.00703125 0.117188 9.17157E-10
0.00328125 0.0546875 8.96648E-10
-0.00140625 0.0234375 8.98214E-10
0.00609375 0.101563 9.29643E-10
0.0173437 0.289062 8.78565E-10
0.00234375 0.0390625 8.97863E-10
-0.0107812 0.179688 9.34658E-10
0.00046875 0.0078125 8.95059E-10
0.00328125 0.0546875 8.70564E-10
0.00796875 0.132812 9.03124E-10
0.00328125 0.0546875 9.79313E-10
0.00234375 0.0390625 9.47685E-10
-0.00890625 0.148438 8.87832E-10
0.0173437 0.289062 9.06159E-10
0.00234375 0.0390625 9.40779E-10
-0.00703125 0.117188 9.32637E-10
-0.00046875 0.0078125 9.06667E-10
-0.00515625 0.0859375 8.81602E-10
-0.00515625 0.0859375 9.07627E-10
-0.00609375 0.101563 9.66263E-10
-0.00515625 0.0859375 9.10473E-10
-0.00234375 0.0390625 8.9713E-10
0.00984375 0.164062 9.28387E-10
0.00796875 0.132812 8.90934E-10
-0.00046875 0.0078125 9.07935E-10
-0.00140625 0.0234375 8.95931E-10
-0.00234375 0.0390625 9.14818E-10
0.00609375 0.101563 8.59675E-10
-0.0107812 0.179688 9.36702E-10
0.00796875 0.132812 9.10178E-10
-0.00703125 0.117188 9.04066E-10
-0.0135937 0.226562 9.26418E-10
-0.00046875 0.0078125 8.7709E-10
-0.00234375 0.0390625 9.03166E-10
-0.00234375 0.0390625 9.26677E-10
-0.00515625 0.0859375 9.07962E-10
-0.00234375 0.0390625 8.29115E-10
0.00234375 0.0390625 8.87955E-10
-0.00140625 0.0234375 8.97017E-10
0.0117188 0.195312 8.88048E-10
0.00703125 0.117188 9.29061E-10
0.0210937 0.351562 8.40367E-10
-0.00140625 0.0234375 9.31744E-10
-0.00046875 0.0078125 9.3525E-10
-0.0126562 0.210938 9.04556E-10
0.00796875 0.132812 9.26856E-10
-0.00796875 0.132812 9.48698E-10
0.00890625 0.148438 9.07219E-10
-0.00890625 0.148438 8.78235E-10
0.0135937 0.226562 9.10779E-10
-0.00796875 0.132812 9.1525E-10
-0.00796875 0.132812 8.98254E-10
-0.0182812 0.304688 9.65153E-10
0.0304687 0.507812 8.78656E-10
0.00328125 0.0546875 9.15229E-10
-0.00890625 0.148438 9.14111E-10
-0.00796875 0.132812 9.63895E-10
0.00515625 0.0859375 9.28421E-10
0.00328125 0.0546875 9.09573E-10
-0.00890625 0.148438 9.28775E-10
-0.00234375 0.0390625 9.24586E-10
0.0248437 0.414062 9.06343E-10
-0.00703125 0.117188 9.16383E-10
