0.014348 0.239134 1.24615E-10
-0.00387452 0.0645753 1.26582E-10
-0.000739747 0.0123291 1.25688E-10
-0.0121655 0.202758 1.27773E-10
0.0216138 0.360229 1.2217E-10
-0.00422608 0.0704346 1.27632E-10
-0.0211156 0.351928 1.24797E-10
0.0119018 0.198364 1.24559E-10
0.00903076 0.150513 1.25432E-10
0.00790284 0.131714 1.25553E-10
-0.00101806 0.0169677 1.25417E-10
0.0225805 0.376342 1.26556E-10
0.00582277 0.0970461 1.25605E-10
0.00125244 0.0208739 1.25502E-10
0.00151612 0.0252686 1.23699E-10
-0.0151391 0.252319 1.26723E-10
0.0142162 0.236937 1.24994E-10
0.00929443 0.154907 1.2376E-10
-0.00385987 0.0643311 1.27019E-10
0.00523682 0.0872803 1.25874E-10
-0.0117992 0.196654 1.27772E-10
-0.00381592 0.0635987 1.27328E-10
0.00218994 0.0364991 1.23989E-10
0.00079834 0.0133057 1.25287E-10
-0.00498779 0.0831299 1.27532E-10
0.0141869 0.236448 1.25282E-10
0.0125756 0.209593 1.2699E-10
0.00525147 0.0875244 1.24129E-10
-0.0143187 0.238646 1.24565E-10
-0.00766846 0.127808 1.24712E-10
0.00327392 0.0545654 1.25125E-10
-0.0346801 0.578002 1.2587E-10
0.00718507 0.119751 1.27746E-10
-0.00374268 0.062378 1.27253E-10
0.0139379 0.232299 1.26201E-10
-0.0142895 0.238158 1.24914E-10
-0.00835693 0.139282 1.26994E-10
-0.0054126 0.0902099 1.26302E-10
0.00202881 0.0338136 1.24366E-10
-0.00753662 0.12561 1.26353E-10
0.00791749 0.131958 1.26832E-10
0.00826904 0.137817 1.2556E-10
0.0142162 0.236937 1.25108E-10
0.0145531 0.242553 1.25272E-10
0.015725 0.262084 1.26204E-10
0.00383058 0.0638429 1.23453E-10
-0.00154541 0.0257568 1.26231E-10
0.00819579 0.136597 1.28573E-10
-0.00583742 0.0972903 1.26831E-10
-0.00441651 0.0736084 1.25347E-10
0.00167724 0.0279541 1.26307E-10
0.00221924 0.0369873 1.25901E-10
-0.00230713 0.0384522 1.26347E-10
0.00519286 0.0865477 1.27253E-10
-0.000783692 0.0130615 1.25886E-10
0.00470948 0.0784913 1.27343E-10
0.0201197 0.335328 1.25111E-10
-0.00202881 0.0338136 1.24152E-10
0.012268 0.204467 1.24686E-10
0.0035962 0.0599367 1.22964E-10
0.0147729 0.246215 1.2434E-10
-0.0050171 0.0836183 1.2424E-10
0.00775635 0.129272 1.25556E-10
0.00281982 0.0469971 1.24535E-10
-0.0045337 0.0755617 1.26472E-10
0.00599854 0.0999756 1.27146E-10
0.00744873 0.124146 1.2767E-10
0.00822509 0.137085 1.2465E-10
-0.00208742 0.0347903 1.26237E-10
0.0157397 0.262328 1.28236E-10
-0.0179808 0.299681 1.25704E-10
-0.014392 0.239867 1.24031E-10
0.00882567 0.147095 1.26172E-10
0.0086792 0.144653 1.26554E-10
0.00261474 0.0435791 1.23726E-10
0.00246826 0.0411377 1.24899E-10
0.0096167 0.160278 1.27301E-10
0.0126781 0.211303 1.25581E-10
-0.00812255 0.135376 1.25135E-10
0.021145 0.352417 1.26822E-10
0.000754395 0.0125733 1.27252E-10
-0.0164135 0.273559 1.25638E-10
-0.00324463 0.0540772 1.25226E-10
-0.00744873 0.124146 1.27074E-10
-0.00523682 0.0872803 1.25296E-10
0.0127807 0.213012 1.25125E-10
-0.00210206 0.0350343 1.27341E-10
0.00180909 0.0301514 1.2579E-10
-0.00806396 0.134399 1.24406E-10
-0.0035083 0.0584717 1.24917E-10
0.00346436 0.0577393 1.28272E-10
0.00736085 0.122681 1.24405E-10
0.00153076 0.0255128 1.26354E-10
0.00100342 0.0167236 1.27927E-10
-0.0191967 0.319946 1.24981E-10
0.000666505 0.0111084 1.2379E-10
0.00743409 0.123901 1.26578E-10
0.00243897 0.0406496 1.27818E-10
0.00254151 0.0423584 1.2662E-10
-0.00510499 0.0850831 1.26229E-10
-0.000461426 0.00769043 1.24267E-10
-0.00588134 0.0980224 1.26319E-10
-0.0058667 0.0977783 1.25391E-10
0.0104369 0.173948 1.2563E-10
-0.00747804 0.124634 1.26118E-10
-0.00863525 0.143921 1.24363E-10
-0.000930176 0.0155029 1.26829E-10
0.000812989 0.0135498 1.26307E-10
-0.00684814 0.114136 1.22283E-10
-0.0116968 0.194947 1.24938E-10
-0.00242432 0.0404054 1.26311E-10
0.0106274 0.177123 1.25923E-10
0.0121655 0.202758 1.24056E-10
0.00881103 0.146851 1.26423E-10
-0.00459228 0.0765381 1.25776E-10
0.0002417 0.00402833 1.24142E-10
0.0167066 0.278443 1.26607E-10
0.00744873 0.124146 1.24129E-10
0.00384522 0.064087 1.26506E-10
-0.00542725 0.0904541 1.24928E-10
0.012473 0.207884 1.25119E-10
0.0086499 0.144165 1.24366E-10
-0.0115649 0.192749 1.27032E-10
-0.00835693 0.139282 1.25457E-10
0.0128979 0.214966 1.24378E-10
-0.00381592 0.0635987 1.26729E-10
-0.00161865 0.0269775 1.2306E-10
-0.00656982 0.109497 1.26305E-10
-0.009104 0.151733 1.23675E-10
-0.00930907 0.155151 1.27408E-10
0.0120336 0.200561 1.23639E-10
0.00533936 0.0889893 1.25192E-10
0.004021 0.0670166 1.26247E-10
0.00507569 0.0845948 1.24595E-10
-0.0167798 0.279663 1.25371E-10
0.0172777 0.287962 1.27364E-10
0.0145825 0.243041 1.24507E-10
-0.00454836 0.0758059 1.22833E-10
0.00823974 0.137329 1.23477E-10
-0.00478271 0.0797119 1.2624E-10
0.00240968 0.0401613 1.2572E-10
-0.0151977 0.253296 1.23811E-10
-0.00443115 0.0738526 1.2713E-10
-0.00172119 0.0286864 1.25049E-10
0.00202881 0.0338136 1.27225E-10
-0.00577881 0.0963136 1.26776E-10
-0.00555908 0.0926513 1.2468E-10
0.0117846 0.19641 1.25207E-10
0.000461426 0.00769043 1.25794E-10
0.0185083 0.308472 1.23504E-10
0.00793213 0.132202 1.24274E-10
-0.00526611 0.0877685 1.23303E-10
-0.00551514 0.0919189 1.27554E-10
0.015769 0.262817 1.24472E-10
0.00526611 0.0877685 1.24055E-10
-0.000578614 0.00964357 1.21897E-10
0.00321533 0.0535889 1.26168E-10
-0.0104662 0.174437 1.26042E-10
-0.00516358 0.0860596 1.26044E-10
0.00828368 0.138061 1.25914E-10
-0.0101733 0.169555 1.24999E-10
-0.00292237 0.0487061 1.24869E-10
0.00569092 0.0948486 1.25136E-10
-0.0108325 0.180541 1.24192E-10
0.0164721 0.274535 1.22178E-10
-0.00993895 0.165649 1.2432E-10
0.000109864 0.00183106 1.25358E-10
-0.000417481 0.00695803 1.23234E-10
0.00308351 0.0513918 1.25169E-10
-0.00374268 0.062378 1.26109E-10
-0.00205812 0.0343019 1.25458E-10
-0.00617431 0.102905 1.25134E-10
0.018728 0.312134 1.2664E-10
0.001604 0.0267334 1.25277E-10
-0.0164574 0.274291 1.25097E-10
-0.0180687 0.301146 1.24955E-10
0.0122241 0.203735 1.26676E-10
0.000578614 0.00964357 1.25995E-10
0.000344239 0.00573732 1.2266E-10
0.00302491 0.0504153 1.26499E-10
-0.00387452 0.0645753 1.2178E-10
-0.0180394 0.300657 1.24458E-10
-0.0200318 0.333863 1.27421E-10
0.0202661 0.337767 1.24008E-10
0.0153295 0.255492 1.26976E-10
0.00106201 0.0177003 1.26167E-10
0.00473877 0.0789796 1.24108E-10
0.0111255 0.185425 1.24271E-10
0.00469482 0.0782471 1.25395E-10
0.00475343 0.0792238 1.25283E-10
0.00295167 0.0491944 1.23314E-10
0.000212403 0.00354005 1.26508E-10
0.000930176 0.0155029 1.24617E-10
-0.0134691 0.224486 1.23138E-10
-0.0205005 0.341675 1.27195E-10
-0.000886231 0.0147705 1.25919E-10
-0.00213135 0.0355226 1.25528E-10
-0.00784424 0.130737 1.23609E-10
0.0138207 0.230346 1.24057E-10
0.0076538 0.127563 1.22908E-10
