-9.5215E-05 0.00158692 4.6291E-10
0.000227051 0.00378418 4.21375E-10
0.00649659 0.108276 4.72529E-10
0.00633546 0.105591 4.62282E-10
-0.00141357 0.0235596 4.58804E-10
0.00364015 0.0606691 4.59386E-10
0.00484132 0.0806886 4.30465E-10
-0.00468018 0.078003 4.24965E-10
-0.00163329 0.0272216 4.55675E-10
-0.0118871 0.198119 4.28436E-10
-0.00391847 0.0653078 4.64132E-10
0.00988037 0.164673 4.56687E-10
0.0105834 0.17639 4.49295E-10
-3.66213E-05 0.000610354 4.45603E-10
-0.000417481 0.00695803 4.44008E-10
-0.00195557 0.0325928 4.60015E-10
-0.00349366 0.0582276 4.57337E-10
0.00558837 0.0931396 4.59737E-10
-0.00872314 0.145386 4.40068E-10
-0.000739747 0.0123291 4.41114E-10
-0.0072876 0.12146 4.46271E-10
0.00339112 0.0565187 4.45066E-10
0.00838623 0.13977 4.43615E-10
0.00503175 0.0838624 4.58775E-10
-0.00293702 0.0489503 4.45415E-10
0.00413818 0.0689697 4.4533E-10
0.0112134 0.186889 4.71315E-10
0.00560302 0.0933837 4.61449E-10
0.0182445 0.304076 4.61756E-10
0.00511963 0.0853273 4.32947E-10
-0.00542725 0.0904541 4.61622E-10
-0.00488525 0.0814209 4.46563E-10
0.00971924 0.161987 4.60516E-10
0.0115064 0.191773 4.48416E-10
0.00418213 0.0697022 4.54698E-10
-0.00617431 0.102905 4.49409E-10
-0.0226978 0.378297 4.52462E-10
-0.001604 0.0267334 4.58965E-10
-0.00554444 0.0924073 4.29694E-10
-0.000314942 0.00524903 4.58291E-10
0.0127954 0.213256 4.42666E-10
0.000607911 0.0101319 4.29768E-10
0.011477 0.191284 4.70214E-10
-0.00446046 0.0743409 4.40067E-10
-0.00303956 0.0506593 4.52961E-10
0.00175048 0.0291747 4.82626E-10
-0.00526611 0.0877685 4.48272E-10
0.00309815 0.0516358 4.5818E-10
0.00221924 0.0369873 4.65802E-10
-0.00182373 0.0303956 4.61604E-10
0.00368409 0.0614015 4.43649E-10
0.00173584 0.0289306 4.42222E-10
0.00164795 0.0274658 4.41377E-10
0.000476075 0.00793458 4.43377E-10
0.000754395 0.0125733 4.61421E-10
-0.00148682 0.0247803 4.47254E-10
-0.00841553 0.140259 4.59288E-10
-0.0212622 0.354369 4.56723E-10
-0.0151831 0.253052 4.29734E-10
0.00610108 0.101685 4.52615E-10
0.0174243 0.290405 4.54117E-10
-0.0281176 0.468627 4.41521E-10
-0.0016919 0.0281983 4.45914E-10
0.00378663 0.0631104 4.39857E-10
-0.0040503 0.0675049 4.36212E-10
0.0110376 0.183959 4.86501E-10
-0.0120483 0.200805 4.43193E-10
-0.00429931 0.0716553 4.59294E-10
-0.00321533 0.0535889 4.43435E-10
-0.00481202 0.0802003 4.43408E-10
-0.00443115 0.0738526 4.61781E-10
-0.00340576 0.0567628 4.5594E-10
0.0116235 0.193726 4.48655E-10
-0.0141576 0.23596 4.41997E-10
0.00646728 0.107788 4.41779E-10
0.00813719 0.13562 4.60063E-10
-0.0135131 0.225218 4.46342E-10
0.0074048 0.123413 4.67026E-10
0.010935 0.18225 4.54292E-10
0.00577881 0.0963136 4.47774E-10
0.0126342 0.21057 4.48597E-10
-0.00570557 0.0950928 4.59786E-10
-0.0111694 0.186157 4.6209E-10
0.00197021 0.0328369 4.45469E-10
0.00873779 0.14563 4.43027E-10
0.00536865 0.0894775 4.30815E-10
-0.000739747 0.0123291 4.56429E-10
-0.00176514 0.0294189 4.39887E-10
-0.0199878 0.33313 4.28223E-10
-0.0118432 0.197387 4.45476E-10
0.0144946 0.241577 4.60143E-10
-0.000139161 0.00231935 4.42366E-10
0.00192626 0.0321044 4.54922E-10
-0.00863525 0.143921 4.57005E-10
0.00358156 0.0596926 4.4933E-10
-0.0121508 0.202514 4.32415E-10
0.012268 0.204467 4.69318E-10
-0.00315674 0.0526123 4.29918E-10
-0.00920655 0.153442 4.28112E-10
-0.0165454 0.275756 4.41851E-10
0.00158936 0.0264893 4.60642E-10
0.0242212 0.403687 4.43487E-10
0.00114991 0.0191651 4.33232E-10
5.12697E-05 0.000854496 4.31073E-10
0.00932372 0.155395 4.55035E-10
-0.00230713 0.0384522 4.88806E-10
-0.000739747 0.0123291 4.66979E-10
0.00639406 0.106568 4.57765E-10
0.0198266 0.330444 4.46331E-10
-0.00100342 0.0167236 4.67223E-10
-0.0118286 0.197142 4.62862E-10
-0.00528075 0.0880126 4.39446E-10
0.00214601 0.0357668 4.28298E-10
0.0076831 0.128052 4.46764E-10
-0.00306886 0.0511476 4.41262E-10
0.00511963 0.0853273 4.28316E-10
3.66213E-05 0.000610354 4.46521E-10
0.00901611 0.150269 4.28919E-10
-0.0117699 0.196166 4.33854E-10
0.00484132 0.0806886 4.72084E-10
0.00734619 0.122437 4.28075E-10
0.00136964 0.0228273 4.52976E-10
0.0117407 0.195678 4.58678E-10
0.00182373 0.0303956 4.3487E-10
-0.00158936 0.0264893 4.59673E-10
-0.011521 0.192017 4.39116E-10
0.00156005 0.0260009 4.30311E-10
0.0179662 0.299437 4.53909E-10
0.00596923 0.0994872 4.41437E-10
-0.004021 0.0670166 4.34584E-10
0.0205883 0.343139 4.45165E-10
-0.0106713 0.177855 4.42165E-10
0.00356691 0.0594484 4.70865E-10
-0.00216065 0.0360108 4.4577E-10
-0.000534668 0.00891113 4.2894E-10
0.010935 0.18225 4.41635E-10
0.00848876 0.141479 4.44048E-10
-0.00475343 0.0792238 4.52825E-10
-0.00791749 0.131958 4.42612E-10
-0.00400634 0.0667724 4.51009E-10
0.0172192 0.286987 4.57548E-10
0.000373536 0.0062256 4.49401E-10
0.00302491 0.0504153 4.52497E-10
0.00552979 0.0921631 4.54253E-10
0.0120044 0.200073 4.58496E-10
0.00668701 0.11145 4.42966E-10
-0.00804931 0.134155 4.72571E-10
0.00368409 0.0614015 4.60266E-10
-0.019182 0.319701 4.69034E-10
-0.00832763 0.138794 4.41201E-10
0.00595459 0.0992432 4.29548E-10
-0.00161865 0.0269775 4.4656E-10
-0.00475343 0.0792238 4.41681E-10
-0.0090747 0.151245 4.45151E-10
-0.00756592 0.126099 4.51242E-10
0.0111547 0.185913 4.47315E-10
-0.00503175 0.0838624 4.45358E-10
-0.0122095 0.203491 4.30288E-10
0.000417481 0.00695803 4.30624E-10
0.00385987 0.0643311 4.30738E-10
0.00465089 0.0775148 4.53855E-10
0.00889893 0.148315 4.58174E-10
0.0166186 0.276977 4.58424E-10
0.00355225 0.0592042 4.5928E-10
0.00342042 0.0570069 4.75154E-10
0.0054126 0.0902099 4.33389E-10
-0.0076831 0.128052 4.54935E-10
0.000666505 0.0111084 4.27501E-10
-0.0101879 0.169799 4.5788E-10
0.00755127 0.125855 4.59699E-10
0.00437257 0.0728761 4.65112E-10
-0.00560302 0.0933837 4.50324E-10
0.00460694 0.0767823 4.52396E-10
0.0112866 0.188111 4.2943E-10
-0.000974122 0.0162354 4.60915E-10
-0.00717042 0.119507 4.3003E-10
-0.00443115 0.0738526 4.87604E-10
0.00448975 0.0748292 4.68506E-10
0.00309815 0.0516358 4.58022E-10
-0.0197973 0.329956 4.70233E-10
0.00580811 0.0968019 4.41203E-10
-0.00845946 0.140991 4.26016E-10
-0.00617431 0.102905 4.61503E-10
-0.000285645 0.00476075 4.50986E-10
-0.0108764 0.181273 4.49593E-10
-0.0142016 0.236693 4.29889E-10
-0.00315674 0.0526123 4.58759E-10
-0.0128393 0.213988 4.50329E-10
-0.00646728 0.107788 4.48873E-10
0.00292237 0.0487061 4.57986E-10
0.00413818 0.0689697 4.61142E-10
-0.010935 0.18225 4.41757E-10
-0.00268799 0.0447998 4.28504E-10
-0.00722901 0.120484 4.6349E-10
0.000988771 0.0164795 4.41782E-10
-0.00844482 0.140747 4.54804E-10
-0.0118725 0.197875 4.49129E-10
0.0183031 0.305052 4.60126E-10
0.00585206 0.0975343 4.52467E-10
0.00298097 0.0496828 4.20428E-10
