0.0170727 0.284544 7.2968E-11
0.00385987 0.0643311 7.36573E-11
-0.00494386 0.0823976 7.37852E-11
-0.0116382 0.19397 7.33544E-11
0.013557 0.225951 7.20123E-11
-0.00633546 0.105591 7.41586E-11
-0.00317139 0.0528564 7.49678E-11
-0.0039917 0.0665283 7.17395E-11
0.0087085 0.145142 7.49628E-11
0.0016626 0.0277099 7.49294E-11
-0.0175122 0.29187 7.37419E-11
0.00232177 0.0386963 7.31363E-11
-0.00361086 0.0601809 7.36561E-11
-0.00646728 0.107788 7.38659E-11
0.023225 0.387084 7.24012E-11
0.0203393 0.338989 7.31693E-11
0.0139526 0.232543 7.16243E-11
0.00784424 0.130737 7.4373E-11
-0.00637941 0.106323 7.49765E-11
0.00511963 0.0853273 7.15286E-11
-0.00574952 0.0958253 7.38944E-11
-0.0185083 0.308472 7.21375E-11
0.000446778 0.0074463 7.2413E-11
0.0117699 0.196166 7.41577E-11
0.00813719 0.13562 7.55206E-11
0.00605713 0.100952 7.4975E-11
-0.00277588 0.0462646 7.31516E-11
0.0166186 0.276977 7.43295E-11
-0.0166919 0.278198 7.37189E-11
0.00303956 0.0506593 7.50302E-11
-0.00580811 0.0968019 7.55961E-11
-0.0212182 0.353637 7.44569E-11
0.00536865 0.0894775 7.43283E-11
0.0066577 0.110962 7.52084E-11
-0.0214233 0.357055 7.38728E-11
-0.0102466 0.170777 7.49125E-11
-0.00139893 0.0233154 7.27562E-11
0.0113452 0.189087 7.40109E-11
0.00451906 0.0753176 7.29431E-11
0.0112573 0.187622 7.25663E-11
0.00396242 0.0660403 7.38633E-11
0.00446046 0.0743409 7.49453E-11
-0.005896 0.0982666 7.44392E-11
-0.0141429 0.235716 7.20145E-11
-0.00826904 0.137817 7.44437E-11
0.00239503 0.0399171 7.38198E-11
0.0167358 0.27893 7.36955E-11
-0.00863525 0.143921 7.30037E-11
0.000769043 0.0128174 7.19645E-11
-0.0157397 0.262328 7.40915E-11
-0.023269 0.387817 7.26479E-11
0.00432862 0.0721436 7.40029E-11
-0.000373536 0.0062256 7.51398E-11
-0.00888428 0.148071 7.54689E-11
-0.0192114 0.32019 7.18192E-11
0.00255615 0.0426025 7.24756E-11
-0.00194092 0.0323486 7.35797E-11
0.0238842 0.39807 7.50339E-11
-0.00636475 0.106079 7.56371E-11
-0.0121801 0.203003 7.44747E-11
0.00853271 0.142212 7.4293E-11
-0.0122241 0.203735 7.45603E-11
0.010935 0.18225 7.47507E-11
0.0114917 0.191529 7.2979E-11
0.0137768 0.229613 7.43819E-11
-0.00736085 0.122681 7.31932E-11
0.00103272 0.0172119 7.46415E-11
-0.0120483 0.200805 7.46968E-11
-0.0353833 0.589722 7.19993E-11
-0.0124437 0.207396 7.36056E-11
0.0110376 0.183959 7.40444E-11
-0.0171313 0.285521 7.26242E-11
-5.12697E-05 0.000854496 7.15828E-11
0.0145531 0.242553 7.28464E-11
-0.0162963 0.271605 7.43418E-11
-0.0106127 0.176878 7.4543E-11
-0.0080786 0.134643 7.31042E-11
0.00438721 0.0731202 7.39096E-11
-0.0239867 0.399779 7.44132E-11
-0.000270996 0.00451661 7.20538E-11
0.0117261 0.195435 7.30339E-11
0.0150952 0.251587 7.23747E-11
-0.0134691 0.224486 7.51852E-11
-0.0178198 0.296997 7.29598E-11
-0.020808 0.3468 7.40277E-11
0.00385987 0.0643311 7.35643E-11
-0.0184643 0.307738 7.27941E-11
-0.000666505 0.0111084 7.31888E-11
0.0159595 0.265991 7.35441E-11
-0.00620361 0.103394 7.30548E-11
0.0161499 0.269165 7.45291E-11
-0.0208667 0.347778 7.23673E-11
0.016062 0.2677 7.31815E-11
-0.00668701 0.11145 7.30157E-11
-0.00939697 0.156616 7.2518E-11
0.00980712 0.163452 7.32337E-11
0.0147729 0.246215 7.23355E-11
0.000402833 0.00671388 7.44925E-11
0.00281982 0.0469971 7.42486E-11
-0.0160766 0.267944 7.2456E-11
0.00866454 0.144409 7.31403E-11
-0.00303956 0.0506593 7.20261E-11
0.0107738 0.179564 7.27587E-11
0.0102612 0.17102 7.42888E-11
-0.00381592 0.0635987 7.22006E-11
-0.0137328 0.228881 7.33743E-11
0.00971924 0.161987 7.18337E-11
-0.00280518 0.0467529 7.31271E-11
-0.0176147 0.293579 7.42954E-11
0.00620361 0.103394 7.30189E-11
0.0170727 0.284544 7.42197E-11
-0.0117407 0.195678 7.49304E-11
0.0311791 0.519652 7.21734E-11
0.00303956 0.0506593 7.42419E-11
0.00794677 0.132446 7.44938E-11
-0.021145 0.352417 7.07337E-11
0.012107 0.201783 7.24979E-11
0.0136742 0.227904 7.31337E-11
0.00147217 0.0245361 7.36516E-11
-0.0151098 0.251831 7.35993E-11
0.0036255 0.060425 7.40195E-11
-0.00328858 0.0548096 7.39519E-11
0.00560302 0.0933837 7.28126E-11
0.00495851 0.0826417 7.36409E-11
0.0180102 0.30017 7.28256E-11
0.000358888 0.00598146 7.49013E-11
0.00276123 0.0460205 7.28997E-11
-0.00787354 0.131226 7.25869E-11
0.000212403 0.00354005 7.45766E-11
-0.00602784 0.100464 7.16141E-11
0.00823974 0.137329 7.41726E-11
0.010891 0.181517 7.20302E-11
0.00697999 0.116333 7.48631E-11
0.0128832 0.214721 7.29037E-11
-0.00416749 0.0694581 7.5132E-11
-0.0224195 0.373658 7.28827E-11
-0.00536865 0.0894775 7.41493E-11
0.0189624 0.316041 7.41454E-11
-0.0232104 0.38684 7.39571E-11
0.00321533 0.0535889 7.37387E-11
0.01385 0.230834 7.49892E-11
-0.00847412 0.141235 7.36231E-11
0.0173217 0.288695 7.25514E-11
0.00218994 0.0364991 7.49333E-11
-0.00995359 0.165893 7.27464E-11
-0.0225805 0.376342 7.32726E-11
-0.00913329 0.152222 7.35883E-11
-0.00693604 0.115601 7.56548E-11
-0.0202221 0.337035 7.34417E-11
-0.0133666 0.222777 7.2995E-11
0.0131761 0.219603 7.3396E-11
0.0201782 0.336303 7.19129E-11
0.0119018 0.198364 7.14521E-11
-0.017146 0.285766 7.4303E-11
-0.00958741 0.15979 7.27919E-11
-0.0174096 0.290161 7.2056E-11
-0.0151098 0.251831 7.30898E-11
0.0135277 0.225463 7.21479E-11
0.00687744 0.114624 7.40695E-11
-0.0176147 0.293579 7.14334E-11
-0.0134106 0.223509 7.29893E-11
0.00753662 0.12561 7.43732E-11
-0.0205005 0.341675 7.2926E-11
-0.00468018 0.078003 7.315E-11
0.00340576 0.0567628 7.41526E-11
-0.0234009 0.390014 7.33858E-11
0.0333911 0.556518 7.19319E-11
0.00941162 0.15686 7.51166E-11
0.0255248 0.425413 7.27143E-11
-0.00848876 0.141479 7.31502E-11
0.0147582 0.245971 7.29878E-11
-0.00787354 0.131226 7.23771E-11
-0.00709717 0.118286 7.24472E-11
-0.00186768 0.0311279 7.26152E-11
-0.000754395 0.0125733 7.39799E-11
0.017351 0.289184 7.13737E-11
0.00377197 0.0628662 7.20581E-11
-0.00290771 0.0484619 7.42247E-11
0.00614503 0.102417 7.29795E-11
0.0161353 0.268922 7.4204E-11
0.00343507 0.0572511 7.20727E-11
-0.0117992 0.196654 7.37665E-11
-0.00167724 0.0279541 7.40092E-11
0.00730226 0.121704 7.20488E-11
0.00125244 0.0208739 7.42665E-11
-0.016018 0.266967 7.29883E-11
-0.00837157 0.139526 7.31105E-11
0.00277588 0.0462646 7.43964E-11
-0.0111547 0.185913 7.31421E-11
-0.0209252 0.348754 7.31386E-11
-0.00289307 0.0482178 7.41551E-11
-0.00438721 0.0731202 7.24394E-11
-0.00446046 0.0743409 7.42446E-11
-0.0156957 0.261596 7.30352E-11
0.0058667 0.0977783 7.173E-11
0.000153809 0.00256348 7.44087E-11
-0.000812989 0.0135498 7.2697E-11
-0.0289672 0.482788 7.34275E-11
-0.0234741 0.391236 7.35127E-11
-0.015271 0.254517 7.17552E-11
