0.0229761 0.382935 7.24566E-11
0.0116382 0.19397 7.10052E-11
-0.00145751 0.0242919 7.07231E-11
-0.000285645 0.00476075 7.23706E-11
-0.00563233 0.0938721 7.01689E-11
-0.00542725 0.0904541 7.13463E-11
-0.00180909 0.0301514 7.09461E-11
-0.0031421 0.0523683 7.04014E-11
-0.00270264 0.0450439 7.18768E-11
-0.00340576 0.0567628 7.04514E-11
0.0199146 0.33191 7.0194E-11
-0.00393312 0.0655519 7.08345E-11
-0.0184204 0.307007 7.08757E-11
-0.00252685 0.0421142 7.17854E-11
-0.0189477 0.315796 7.18418E-11
0.0234448 0.390747 7.01846E-11
0.00593995 0.0989991 7.23111E-11
-0.00201417 0.0335694 7.11076E-11
0.00951416 0.158569 7.01178E-11
0.0109643 0.182738 7.16995E-11
-0.00812255 0.135376 7.21868E-11
0.00985107 0.164185 6.97245E-11
-0.00114991 0.0191651 7.22762E-11
-0.00519286 0.0865477 7.01504E-11
-0.00500245 0.0833741 7.07748E-11
0.0325269 0.542116 6.97986E-11
0.00574952 0.0958253 7.09412E-11
-0.0205444 0.342407 7.07983E-11
0.00380127 0.0633546 6.98336E-11
-0.0270483 0.450806 7.09497E-11
-0.0258471 0.430786 7.19892E-11
0.00328858 0.0548096 6.95914E-11
0.0196069 0.326782 7.15045E-11
0.00802002 0.133667 7.16217E-11
-0.00977783 0.162964 7.1747E-11
-0.0040503 0.0675049 7.11077E-11
-0.00274659 0.0457764 7.00316E-11
-0.00240968 0.0401613 7.12244E-11
0.0155786 0.259642 7.02837E-11
-0.00126709 0.0211181 7.11157E-11
0.00197021 0.0328369 7.16135E-11
0.0170727 0.284544 7.26932E-11
-0.0296117 0.493529 7.04663E-11
-6.59183E-05 0.00109864 7.02717E-11
0.00574952 0.0958253 7.0975E-11
-0.0262866 0.43811 6.97674E-11
-0.0113013 0.188355 7.26922E-11
0.00898681 0.14978 7.12032E-11
-0.00561767 0.0936279 7.23518E-11
0.00197021 0.0328369 6.99163E-11
-0.011184 0.186401 7.10412E-11
-0.021394 0.356567 7.28729E-11
0.0182153 0.303588 6.92027E-11
0.0169701 0.282835 7.0687E-11
0.00547119 0.0911865 7.08746E-11
0.0052954 0.0882567 7.2742E-11
0.0184204 0.307007 7.18774E-11
0.0164428 0.274047 7.10038E-11
-0.0217163 0.361938 7.07621E-11
0.00318604 0.0531006 7.10576E-11
-0.0299927 0.499878 6.93791E-11
0.0362036 0.603392 7.12475E-11
-0.0110082 0.183471 7.02415E-11
-0.0147876 0.246459 6.99462E-11
0.00071045 0.0118408 6.98884E-11
0.00945556 0.157593 7.079E-11
-0.020105 0.335084 7.09467E-11
-0.0162524 0.270873 7.06662E-11
-0.00227783 0.0379639 6.93167E-11
0.0076538 0.127563 7.14048E-11
0.00337647 0.0562746 6.95055E-11
-0.0231078 0.385131 7.31002E-11
-0.000490723 0.00817872 7.14983E-11
-0.0175122 0.29187 7.23441E-11
0.00774169 0.129028 7.19264E-11
-0.0196362 0.32727 7.13288E-11
0.0147876 0.246459 7.08528E-11
0.00446046 0.0743409 7.13208E-11
-0.00845946 0.140991 6.98478E-11
-0.012473 0.207884 7.28362E-11
0.0125463 0.209105 7.15587E-11
0.0101879 0.169799 6.98113E-11
-0.0293041 0.488402 7.17689E-11
-0.000549317 0.00915528 7.17948E-11
0.00457764 0.076294 7.2467E-11
0.0361156 0.601928 7.02355E-11
-0.000754395 0.0125733 7.16424E-11
-0.009646 0.160767 7.06536E-11
-0.0164574 0.274291 7.36806E-11
-0.00497315 0.0828858 7.19693E-11
-0.00110596 0.0184326 7.25601E-11
0.0240893 0.401488 7.0655E-11
-0.0199146 0.33191 7.08266E-11
0.0126049 0.210082 7.08253E-11
-0.0126342 0.21057 7.03774E-11
0.000725098 0.012085 7.12754E-11
0.00782959 0.130493 7.0214E-11
0.0271215 0.452026 7.0015E-11
-0.0125902 0.209837 7.28365E-11
0.00818115 0.136352 7.16978E-11
-0.0143774 0.239623 7.16367E-11
0.00257079 0.0428466 7.12253E-11
-0.0214233 0.357055 7.2429E-11
0.00330322 0.0550537 7.07148E-11
-0.0163256 0.272093 7.17283E-11
0.00347901 0.0579834 7.08699E-11
-0.00800537 0.133423 7.30067E-11
-0.0120483 0.200805 7.22595E-11
-0.0143774 0.239623 7.25967E-11
0.035603 0.593383 7.07021E-11
-0.00873779 0.14563 7.22229E-11
-0.0146264 0.243773 7.13583E-11
-0.0106274 0.177123 7.24866E-11
0.0167066 0.278443 7.32478E-11
0.0199438 0.332398 7.0632E-11
0.0268285 0.447142 7.07108E-11
-0.00113525 0.0189209 7.24801E-11
-0.0316186 0.526977 7.08051E-11
-0.0190648 0.317747 7.20528E-11
-0.00970459 0.161743 6.96895E-11
0.0210571 0.350951 7.11485E-11
0.00712648 0.118775 7.19258E-11
-0.016106 0.268433 7.19395E-11
0.0165893 0.276488 7.10802E-11
0.0107006 0.178343 7.07425E-11
-0.0261108 0.43518 7.17877E-11
0.0261841 0.436401 7.04629E-11
0.00985107 0.164185 7.15374E-11
0.0140258 0.233764 7.08893E-11
0.0162378 0.27063 7.09126E-11
-0.0114624 0.19104 7.18372E-11
-0.0145531 0.242553 7.12738E-11
-0.0120776 0.201294 6.97856E-11
0.0368335 0.613892 6.97822E-11
0.00797607 0.132935 7.02332E-11
0.0173949 0.289916 6.99503E-11
-0.00551514 0.0919189 7.16583E-11
0.0127807 0.213012 6.94806E-11
-0.0192993 0.321655 7.03905E-11
0.0236645 0.394409 7.22056E-11
0.0151977 0.253296 7.12946E-11
-0.00248291 0.0413818 7.24652E-11
-0.016809 0.280151 7.06292E-11
-0.0300952 0.501587 7.12627E-11
0.00299562 0.0499269 7.25911E-11
-0.00322999 0.0538331 7.21043E-11
-0.00886962 0.147827 7.21449E-11
0.00438721 0.0731202 7.00687E-11
0.00274659 0.0457764 7.08083E-11
0.0308715 0.514526 7.0141E-11
-0.0105248 0.175414 7.30386E-11
0.0141869 0.236448 7.06723E-11
-0.0016919 0.0281983 7.22137E-11
0.0238842 0.39807 7.13301E-11
0.00917725 0.152954 7.18529E-11
0.0096167 0.160278 7.00937E-11
0.000183106 0.00305178 7.22672E-11
0.0298608 0.49768 6.9607E-11
-0.000329591 0.00549318 6.9466E-11
-0.0126781 0.211303 7.10614E-11
0.0136303 0.227172 7.18688E-11
-0.00497315 0.0828858 7.15023E-11
-0.00183839 0.0306398 7.14913E-11
-0.00769776 0.128296 7.01363E-11
0.0134106 0.223509 7.11004E-11
0.0322193 0.536988 7.05278E-11
-0.0123851 0.206419 7.06423E-11
-0.010232 0.170533 7.13714E-11
-0.0132055 0.220091 7.34317E-11
0.00336182 0.0560304 7.10212E-11
0.00481202 0.0802003 6.98574E-11
-0.010598 0.176634 7.07867E-11
-0.0190648 0.317747 7.15278E-11
0.0220825 0.368042 7.16065E-11
0.00422608 0.0704346 7.11954E-11
-0.00601318 0.10022 7.06865E-11
-0.00327392 0.0545654 7.01631E-11
-0.00853271 0.142212 7.23644E-11
0.0048999 0.0816651 6.98682E-11
-0.000856934 0.0142822 7.01382E-11
-0.0109497 0.182494 7.10882E-11
-0.00157471 0.0262451 7.16474E-11
0.00863525 0.143921 7.08989E-11
0.00409423 0.0682372 7.19298E-11
-0.0198853 0.331421 7.0159E-11
0.0021167 0.0352784 7.19834E-11
0.00356691 0.0594484 7.1064E-11
-0.0408765 0.681275 7.03642E-11
0.0107885 0.179808 7.11885E-11
-0.0306811 0.511352 7.06144E-11
0.00977783 0.162964 7.01785E-11
-0.0174976 0.291626 7.20323E-11
-0.00473877 0.0789796 7.24554E-11
0.00337647 0.0562746 7.17022E-11
0.0146996 0.244994 7.19607E-11
-0.017307 0.288451 7.06707E-11
-0.0160766 0.267944 7.18056E-11
0.00658448 0.109741 6.98031E-11
-0.0025122 0.0418701 7.13858E-11
-0.00440185 0.0733642 7.11878E-11
