0.0137915 0.229858 8.07355E-11
-0.00680419 0.113403 8.22116E-11
-0.0213354 0.355591 8.08848E-11
-0.00213135 0.0355226 8.23683E-11
-0.00550049 0.0916748 8.05966E-11
0.0126635 0.211058 8.0351E-11
0.00397706 0.0662843 8.3174E-11
-0.00569092 0.0948486 8.28624E-11
-0.000578614 0.00964357 8.3166E-11
0.00708252 0.118042 8.26109E-11
0.00623292 0.103882 8.25061E-11
0.0110082 0.183471 8.2228E-11
-0.00542725 0.0904541 8.09982E-11
0.00330322 0.0550537 8.18662E-11
0.0104516 0.174193 8.31076E-11
-0.00437257 0.0728761 8.30441E-11
0.00320068 0.0533448 8.32205E-11
0.00459228 0.0765381 8.04909E-11
0.00311279 0.0518799 8.25208E-11
0.00153076 0.0255128 8.21336E-11
0.00079834 0.0133057 8.05252E-11
-0.0142455 0.237425 8.08857E-11
0.00747804 0.124634 8.14012E-11
0.0132055 0.220091 8.23738E-11
-0.0116528 0.194214 8.09284E-11
0.0203393 0.338989 8.28892E-11
-0.0124584 0.20764 8.03418E-11
0.00390382 0.0650636 8.09697E-11
-0.00384522 0.064087 8.02631E-11
-0.00207276 0.0345461 8.11595E-11
0.00270264 0.0450439 8.31738E-11
0.0053247 0.0887451 8.10955E-11
-0.00495851 0.0826417 8.11898E-11
-0.00645264 0.107544 8.38789E-11
-0.0106859 0.178099 8.36108E-11
-0.000183106 0.00305178 8.2894E-11
-0.010232 0.170533 8.13143E-11
-0.0096753 0.161255 8.40486E-11
0.00320068 0.0533448 8.11809E-11
0.00205812 0.0343019 8.08811E-11
0.00922119 0.153687 8.47566E-11
0.0213061 0.355102 8.25329E-11
-0.00364015 0.0606691 8.25257E-11
-0.00394777 0.0657961 8.08985E-11
0.0011792 0.0196533 8.37441E-11
0.0132494 0.220823 8.05605E-11
-7.32425E-06 0.000122071 8.15763E-11
0.00697999 0.116333 8.17828E-11
-0.00511963 0.0853273 8.19928E-11
-0.0158423 0.264038 8.12088E-11
0.00100342 0.0167236 8.10504E-11
-0.00554444 0.0924073 8.12426E-11
0.00104737 0.0174561 8.19991E-11
0.0142601 0.237669 8.2876E-11
0.00633546 0.105591 8.40161E-11
-0.00188233 0.0313721 8.22981E-11
-0.00384522 0.064087 8.08928E-11
0.022273 0.371217 8.34361E-11
0.00191162 0.0318603 8.29292E-11
-0.0074048 0.123413 8.30528E-11
-0.0199146 0.33191 8.23251E-11
0.0110961 0.184936 8.31859E-11
0.0101733 0.169555 8.12607E-11
-0.0108031 0.180053 8.22401E-11
0.0117407 0.195678 8.25532E-11
0.0244115 0.406858 8.30552E-11
0.00866454 0.144409 8.19036E-11
0.0010913 0.0181884 8.09172E-11
0.000270996 0.00451661 8.337E-11
0.006438 0.1073 8.11524E-11
-0.00375733 0.0626221 8.19616E-11
0.0129126 0.21521 8.38597E-11
0.00800537 0.133423 8.297E-11
-0.0112427 0.187378 8.16303E-11
-0.00523682 0.0872803 8.11335E-11
-0.00602784 0.100464 8.08526E-11
-0.00116455 0.0194092 8.32609E-11
-0.0182153 0.303588 8.3684E-11
0.0086206 0.143677 8.11137E-11
-0.0119897 0.199828 8.27439E-11
0.0196215 0.327026 8.06963E-11
0.00245362 0.0408937 8.13616E-11
0.0086792 0.144653 8.17628E-11
-0.00613038 0.102173 8.3159E-11
-0.00658448 0.109741 8.0732E-11
-0.00929443 0.154907 8.11369E-11
0.0184057 0.306762 8.35839E-11
-0.00990965 0.165161 8.09756E-11
0.0200024 0.333374 8.34792E-11
-0.0135717 0.226195 8.36885E-11
0.00821045 0.136841 8.25588E-11
-0.0127807 0.213012 8.30235E-11
0.000329591 0.00549318 8.25365E-11
0.00755127 0.125855 8.32446E-11
3.66213E-05 0.000610354 8.25836E-11
0.0200757 0.334595 8.04912E-11
-0.0109789 0.182982 8.27229E-11
0.00595459 0.0992432 8.0655E-11
-0.0102173 0.170288 8.24698E-11
0.00264405 0.0440674 8.09861E-11
-0.00550049 0.0916748 8.2827E-11
-0.00372804 0.0621339 8.36556E-11
0.0155053 0.258422 8.34785E-11
0.0224488 0.374148 8.39257E-11
0.00503175 0.0838624 8.15377E-11
0.0110082 0.183471 8.05035E-11
-0.00460694 0.0767823 8.30106E-11
0.0212035 0.353392 8.21763E-11
-0.00356691 0.0594484 8.14075E-11
-0.00662842 0.110474 8.29705E-11
-0.017058 0.2843 8.08342E-11
-0.00689209 0.114868 8.27104E-11
-0.000461426 0.00769043 8.33801E-11
-0.00409423 0.0682372 8.13228E-11
0.00772705 0.128784 8.12069E-11
-0.00173584 0.0289306 8.18954E-11
-0.0433813 0.723023 8.01455E-11
0.0104662 0.174437 8.1451E-11
-0.0298901 0.498168 8.04177E-11
-0.00741945 0.123657 8.28392E-11
-0.0205883 0.343139 8.09525E-11
0.00283447 0.0472412 8.24999E-11
0.00516358 0.0860596 8.25752E-11
0.00636475 0.106079 8.30078E-11
-0.0161792 0.269654 8.04971E-11
0.00135498 0.0225831 8.18532E-11
0.00478271 0.0797119 8.30536E-11
-0.0263598 0.439331 8.30894E-11
-0.000476075 0.00793458 8.3837E-11
0.0246898 0.411498 8.23705E-11
-0.0185961 0.309936 8.12881E-11
0.00122315 0.0203858 8.19592E-11
0.000725098 0.012085 8.26199E-11
0.00393312 0.0655519 8.37034E-11
-0.00344971 0.0574952 8.21215E-11
0.0163256 0.272093 8.25884E-11
0.009646 0.160767 8.30446E-11
-0.0143187 0.238646 8.23556E-11
0.00412354 0.0687256 8.20719E-11
-0.00753662 0.12561 8.33664E-11
-0.0170874 0.284789 8.1376E-11
-0.00497315 0.0828858 8.31564E-11
-0.00172119 0.0286864 8.09257E-11
-0.00771241 0.12854 8.07895E-11
0.000930176 0.0155029 8.38124E-11
0.00208742 0.0347903 8.28788E-11
0.00968995 0.161499 8.03602E-11
0.0109204 0.182007 8.20952E-11
0.00573487 0.0955811 8.43269E-11
0.019812 0.3302 8.16458E-11
0.0026294 0.0438233 8.35522E-11
0.00580811 0.0968019 8.28144E-11
-0.00545655 0.0909424 8.06435E-11
-0.00689209 0.114868 8.21346E-11
-0.0109204 0.182007 8.28383E-11
8.05667E-05 0.00134278 8.10397E-11
0.00766846 0.127808 8.31898E-11
0.00821045 0.136841 8.13633E-11
-0.00052002 0.008667 8.09588E-11
0.00235108 0.0391846 8.27579E-11
0.00633546 0.105591 8.22166E-11
0.00429931 0.0716553 8.33481E-11
0.00708252 0.118042 8.35515E-11
0.0252319 0.420532 8.20045E-11
0.0101294 0.168823 8.2073E-11
0.0198266 0.330444 8.09652E-11
0.00188233 0.0313721 8.35755E-11
0.0182299 0.303832 8.18371E-11
-0.00144287 0.0240478 8.07232E-11
-0.00659912 0.109985 8.2989E-11
-0.0105688 0.176147 8.3187E-11
0.00391847 0.0653078 8.29734E-11
0.00214601 0.0357668 8.26752E-11
-0.00859131 0.143188 8.26724E-11
0.00637941 0.106323 8.28639E-11
0.00107666 0.0179443 8.0546E-11
0.0137036 0.228393 8.32586E-11
0.00422608 0.0704346 8.28784E-11
-0.0256713 0.427855 8.37432E-11
0.00605713 0.100952 8.27197E-11
9.5215E-05 0.00158692 8.33274E-11
-0.00577881 0.0963136 8.23001E-11
-0.00478271 0.0797119 8.14914E-11
0.000651857 0.0108643 8.24762E-11
0.0135717 0.226195 8.08768E-11
0.0204125 0.340209 8.14421E-11
0.0153881 0.256468 8.10789E-11
-0.00134034 0.0223389 8.17854E-11
0.0053247 0.0887451 8.22819E-11
-0.00444581 0.0740968 8.22939E-11
-0.00511963 0.0853273 8.32773E-11
-0.0117699 0.196166 8.07325E-11
0.0232837 0.388062 8.14427E-11
0.0125023 0.208372 8.31142E-11
-0.00930907 0.155151 8.31359E-11
0.00079834 0.0133057 8.08189E-11
0.00996824 0.166137 8.18071E-11
0.0201928 0.336547 8.13617E-11
0.00591064 0.0985108 8.16349E-11
0.00281982 0.0469971 8.29694E-11
