2.19728E-05 0.000366213 5.18356E-10
-0.0197973 0.329956 5.1765E-10
0.00365479 0.0609132 5.06127E-10
0.00176514 0.0294189 4.95606E-10
-0.00785888 0.130981 5.19074E-10
-0.00238038 0.0396729 5.05726E-10
0.00052002 0.008667 5.06206E-10
0.00388916 0.0648194 4.8293E-10
-0.0002417 0.00402833 5.19806E-10
-0.005896 0.0982666 4.72628E-10
0.000944824 0.0157471 4.95463E-10
0.00226319 0.0377198 4.95289E-10
0.00309815 0.0516358 5.06872E-10
-0.000871582 0.0145264 4.9584E-10
-0.00287842 0.0479736 5.14135E-10
-0.00935303 0.155884 4.936E-10
0.00588134 0.0980224 4.81386E-10
-0.00618897 0.103149 5.28788E-10
0.00536865 0.0894775 5.0303E-10
-0.00510499 0.0850831 4.90867E-10
-0.0105101 0.175169 4.94275E-10
-0.00711183 0.11853 5.04112E-10
0.00487061 0.0811768 5.04262E-10
0.00746339 0.12439 5.0719E-10
0.0119018 0.198364 5.2775E-10
0.00888428 0.148071 4.96864E-10
0.00572021 0.0953369 5.06447E-10
-0.00116455 0.0194092 5.06505E-10
-0.00989501 0.164917 4.94752E-10
-0.00709717 0.118286 4.9535E-10
-0.00167724 0.0279541 5.15692E-10
0.00484132 0.0806886 5.14194E-10
0.00695068 0.115845 4.95767E-10
0.000490723 0.00817872 4.9602E-10
0.00558837 0.0931396 5.27836E-10
0.00393312 0.0655519 4.95852E-10
-0.0135864 0.226439 4.81984E-10
0.00138428 0.0230713 4.93478E-10
-0.00339112 0.0565187 4.83934E-10
0.00462159 0.0770264 4.79219E-10
-0.00388916 0.0648194 5.18592E-10
-0.00535401 0.0892334 5.1763E-10
-0.000563965 0.00939942 5.19533E-10
0.00043213 0.00720217 5.0647E-10
-0.000769043 0.0128174 5.05519E-10
0.0002417 0.00402833 5.16096E-10
-0.00331788 0.0552979 4.84254E-10
-0.00236572 0.0394287 4.97176E-10
0.00403565 0.0672608 5.07597E-10
0.00916259 0.15271 5.07502E-10
-0.006438 0.1073 5.06438E-10
-0.00394777 0.0657961 5.27964E-10
-0.00570557 0.0950928 5.16375E-10
0.00465089 0.0775148 4.93651E-10
0.00696533 0.116089 4.95675E-10
0.00339112 0.0565187 5.03578E-10
-0.012019 0.200317 4.91069E-10
-0.00500245 0.0833741 5.06979E-10
-0.000754395 0.0125733 4.84492E-10
-0.00881103 0.146851 4.86202E-10
-0.00388916 0.0648194 5.14191E-10
-0.00416749 0.0694581 5.00467E-10
0.00661377 0.110229 5.0567E-10
-0.00468018 0.078003 4.96062E-10
0.00917725 0.152954 5.06682E-10
0.00406495 0.0677491 4.84839E-10
-0.00145751 0.0242919 5.05068E-10
0.00727296 0.121216 4.85937E-10
-0.00744873 0.124146 5.02709E-10
-0.00495851 0.0826417 5.16921E-10
0.00859131 0.143188 4.99624E-10
-0.00903076 0.150513 5.17182E-10
-0.0039917 0.0665283 5.0916E-10
-0.00201417 0.0335694 4.82525E-10
-0.00654053 0.109009 4.92684E-10
0.0107885 0.179808 5.07278E-10
0.00506105 0.0843508 5.1575E-10
-0.00375733 0.0626221 5.07445E-10
-0.00711183 0.11853 4.95667E-10
0.00633546 0.105591 4.94863E-10
0.005896 0.0982666 5.03555E-10
-0.000827638 0.013794 4.89106E-10
-0.00406495 0.0677491 5.05369E-10
-0.000871582 0.0145264 4.86422E-10
-0.0141429 0.235716 5.16709E-10
-0.00498779 0.0831299 5.17598E-10
-0.0101586 0.169311 4.82227E-10
0.00409423 0.0682372 5.22501E-10
0.00364015 0.0606691 5.06386E-10
0.00755127 0.125855 5.05909E-10
-0.00585206 0.0975343 4.91781E-10
0.0035083 0.0584717 4.97539E-10
0.00563233 0.0938721 5.03337E-10
-0.0142748 0.237914 4.95225E-10
0.00717042 0.119507 4.95293E-10
-0.000329591 0.00549318 5.06069E-10
0.000446778 0.0074463 4.95053E-10
-0.00188233 0.0313721 4.93587E-10
0.00377197 0.0628662 5.16568E-10
0.000388184 0.00646973 5.06104E-10
-0.00582277 0.0970461 5.06205E-10
0.00607177 0.101196 4.8575E-10
-0.00526611 0.0877685 5.18401E-10
0.0133519 0.222532 4.98339E-10
-0.00558837 0.0931396 4.93069E-10
0.00866454 0.144409 5.15774E-10
0.0054419 0.0906983 4.83248E-10
-0.0086792 0.144653 5.07357E-10
-0.000285645 0.00476075 5.06494E-10
-0.00539795 0.0899658 5.07266E-10
-0.00303956 0.0506593 4.93628E-10
0.0133227 0.222045 5.01842E-10
0.00164795 0.0274658 5.06083E-10
0.00267333 0.0445556 4.82687E-10
0.00286376 0.0477294 4.95484E-10
0.00103272 0.0172119 5.15075E-10
0.00446046 0.0743409 5.15738E-10
-0.000300294 0.00500489 5.06759E-10
0.00240968 0.0401613 5.05469E-10
0.000388184 0.00646973 5.05881E-10
0.0126196 0.210326 5.02933E-10
0.00620361 0.103394 4.92911E-10
0.00990965 0.165161 5.02463E-10
0.000168458 0.00280763 4.92199E-10
0.00416749 0.0694581 5.05751E-10
0.00509033 0.0848389 4.82256E-10
-0.00695068 0.115845 5.17217E-10
0.0117992 0.196654 4.95258E-10
-0.00144287 0.0240478 4.83046E-10
-0.00156005 0.0260009 4.936E-10
0.00636475 0.106079 4.94574E-10
0.00079834 0.0133057 5.08272E-10
-5.12697E-05 0.000854496 5.06445E-10
0.000549317 0.00915528 4.95165E-10
0.0136889 0.228149 4.83334E-10
0.000461426 0.00769043 5.0621E-10
-0.00180909 0.0301514 4.82282E-10
-0.00781495 0.130249 4.90781E-10
0.00788818 0.13147 5.15305E-10
-0.00139893 0.0233154 4.95141E-10
0.010598 0.176634 4.86278E-10
0.00763916 0.127319 5.05671E-10
0.00645264 0.107544 5.05356E-10
-0.00422608 0.0704346 4.94691E-10
0.00199952 0.0333253 4.97669E-10
0.00173584 0.0289306 5.06854E-10
0.000417481 0.00695803 4.83669E-10
-0.0087085 0.145142 5.01326E-10
0.000681153 0.0113526 5.04589E-10
0.0118286 0.197142 4.92283E-10
0.00129639 0.0216064 5.06821E-10
-0.00303956 0.0506593 5.05797E-10
0.000607911 0.0101319 5.02851E-10
-0.00437257 0.0728761 5.28128E-10
-0.010232 0.170533 5.03836E-10
-0.000358888 0.00598146 4.97056E-10
0.00658448 0.109741 5.03247E-10
-0.00528075 0.0880126 4.97729E-10
0.00815185 0.135864 5.05795E-10
-0.00361086 0.0601809 5.16939E-10
0.0053247 0.0887451 4.91248E-10
0.0131176 0.218628 5.14718E-10
-0.00482666 0.0804444 5.07148E-10
-0.00522216 0.0870361 5.19711E-10
0.011184 0.186401 4.9176E-10
0.00523682 0.0872803 4.86225E-10
0.00324463 0.0540772 5.05016E-10
-0.00104737 0.0174561 5.18769E-10
0.00258545 0.0430908 5.06647E-10
0.00217529 0.0362549 4.95355E-10
0.0086499 0.144165 4.94989E-10
0.00583742 0.0972903 5.17704E-10
-0.00857665 0.142944 4.95406E-10
-0.00661377 0.110229 5.06645E-10
0.00936767 0.156128 5.03926E-10
0.00680419 0.113403 4.98602E-10
-0.0102905 0.171508 5.02559E-10
0.0030542 0.0509034 5.05876E-10
0.00692139 0.115356 5.15905E-10
-0.00268799 0.0447998 5.03135E-10
-0.00878173 0.146362 4.87552E-10
0.00207276 0.0345461 5.03565E-10
-0.00651124 0.108521 5.04171E-10
0.0122241 0.203735 4.95236E-10
0.00139893 0.0233154 5.03916E-10
0.00878173 0.146362 5.17185E-10
0.00778564 0.129761 4.94571E-10
-0.000388184 0.00646973 4.88808E-10
-0.00321533 0.0535889 5.06821E-10
0.00378663 0.0631104 4.9557E-10
0.000769043 0.0128174 5.05987E-10
-0.00128173 0.0213622 5.03235E-10
-0.0081079 0.135132 4.85682E-10
-0.014978 0.249633 5.19612E-10
-0.00148682 0.0247803 4.96649E-10
0.00951416 0.158569 5.02165E-10
0.00390382 0.0650636 5.13757E-10
-0.00816649 0.136108 4.95703E-10
-0.000153809 0.00256348 5.06752E-10
-0.009104 0.151733 5.04663E-10
