-0.0188305 0.313842 7.2143E-11
-0.0162231 0.270386 7.20719E-11
0.00700929 0.116821 7.36163E-11
0.00421142 0.0701904 7.23481E-11
0.0096167 0.160278 7.21633E-11
-0.00381592 0.0635987 7.21251E-11
-0.00274659 0.0457764 7.25413E-11
0.0133373 0.222288 7.27015E-11
0.00289307 0.0482178 7.3324E-11
-0.0131323 0.218872 7.35226E-11
-0.00328858 0.0548096 7.19122E-11
-0.00287842 0.0479736 7.26227E-11
-0.00787354 0.131226 7.20422E-11
0.000256348 0.00427247 7.26306E-11
-0.00164795 0.0274658 7.24378E-11
0.0135424 0.225707 7.20338E-11
-0.00513429 0.0855714 7.20543E-11
-0.00448975 0.0748292 7.17148E-11
0.00062256 0.010376 7.20798E-11
0.0137475 0.229125 7.21394E-11
-0.00240968 0.0401613 7.19893E-11
0.00572021 0.0953369 7.26603E-11
-0.0035083 0.0584717 7.22445E-11
-0.0144213 0.240355 7.20934E-11
0.00545655 0.0909424 7.19659E-11
-0.0026001 0.0433349 7.24753E-11
0.00450441 0.0750734 7.22993E-11
0.000651857 0.0108643 7.21946E-11
-0.00239503 0.0399171 7.19854E-11
0.00564698 0.0941163 7.22951E-11
0.00397706 0.0662843 7.36855E-11
0.0145531 0.242553 7.21467E-11
-0.00429931 0.0716553 7.40396E-11
0.00828368 0.138061 7.20442E-11
0.000285645 0.00476075 7.2201E-11
0.00555908 0.0926513 7.20514E-11
-0.000329591 0.00549318 7.32884E-11
-0.0145971 0.243285 7.2512E-11
-0.000227051 0.00378418 7.21956E-11
0.000168458 0.00280763 7.20563E-11
0.00293702 0.0489503 7.20498E-11
-0.00276123 0.0460205 7.22302E-11
-0.0113745 0.189575 7.20446E-11
-0.0132787 0.221312 7.2436E-11
0.0145092 0.24182 7.24563E-11
-0.00557372 0.0928954 7.23279E-11
-0.00308351 0.0513918 7.19998E-11
0.00503175 0.0838624 7.2616E-11
0.0117261 0.195435 7.26971E-11
-0.00821045 0.136841 7.29537E-11
0.00308351 0.0513918 7.20144E-11
0.00369873 0.0616456 7.19994E-11
0.00284912 0.0474853 7.20082E-11
-0.00560302 0.0933837 7.19974E-11
0.005896 0.0982666 7.26235E-11
0.000212403 0.00354005 7.19751E-11
-0.00645264 0.107544 7.26674E-11
-0.0104955 0.174925 7.24296E-11
-0.00302491 0.0504153 7.26629E-11
-0.0160327 0.267212 7.32223E-11
0.00487061 0.0811768 7.27515E-11
0.0192406 0.320678 7.24074E-11
-0.00491456 0.0819093 7.21603E-11
-0.00664306 0.110718 7.1902E-11
-0.000725098 0.012085 7.22182E-11
-0.00539795 0.0899658 7.18787E-11
-0.000637208 0.0106201 7.23009E-11
0.00192626 0.0321044 7.22136E-11
0.0111987 0.186645 7.25632E-11
0.00784424 0.130737 7.2103E-11
-0.00782959 0.130493 7.18304E-11
-0.0104662 0.174437 7.18305E-11
-0.00497315 0.0828858 7.19025E-11
0.000314942 0.00524903 7.26539E-11
-0.00523682 0.0872803 7.24764E-11
0.00135498 0.0225831 7.22651E-11
-0.00330322 0.0550537 7.23995E-11
-0.00175048 0.0291747 7.37076E-11
-0.00700929 0.116821 7.19731E-11
-0.00460694 0.0767823 7.39977E-11
0.0135717 0.226195 7.28249E-11
0.0336987 0.561646 7.19351E-11
-0.00336182 0.0560304 7.26748E-11
0.0142455 0.237425 7.18824E-11
-0.0104369 0.173948 7.23016E-11
-0.0073755 0.122925 7.23163E-11
-0.00428467 0.0714112 7.20581E-11
-0.0170141 0.283568 7.32463E-11
-0.00355225 0.0592042 7.20899E-11
-0.00223389 0.0372314 7.20298E-11
0.00621827 0.103638 7.24433E-11
0.0054419 0.0906983 7.19546E-11
-0.00151612 0.0252686 7.24411E-11
-0.00985107 0.164185 7.21107E-11
-0.00681885 0.113647 7.23002E-11
-0.00286376 0.0477294 7.22045E-11
-0.0140698 0.234497 7.23532E-11
0.0153441 0.255736 7.24995E-11
0.0116675 0.194459 7.22418E-11
0.0123998 0.206663 7.21583E-11
0.00533936 0.0889893 7.2005E-11
-0.00176514 0.0294189 7.20914E-11
0.00574952 0.0958253 7.20076E-11
-0.0144799 0.241332 7.19687E-11
-0.00714112 0.119019 7.1996E-11
-0.000285645 0.00476075 7.25434E-11
-0.0122534 0.204223 7.23931E-11
-0.00673096 0.112183 7.22316E-11
0.00569092 0.0948486 7.20132E-11
0.00416749 0.0694581 7.19916E-11
-0.0067456 0.112427 7.24922E-11
-0.00979248 0.163208 7.37011E-11
-0.00330322 0.0550537 7.22243E-11
0.0186547 0.310912 7.26229E-11
0.000988771 0.0164795 7.31056E-11
-0.00627685 0.104614 7.22971E-11
-0.00136964 0.0228273 7.22053E-11
0.0102758 0.171264 7.3237E-11
0.00383058 0.0638429 7.1636E-11
-0.0022046 0.0367433 7.30791E-11
-0.0157837 0.263062 7.35599E-11
0.0190648 0.317747 7.18203E-11
-0.00163329 0.0272216 7.19059E-11
-0.00223389 0.0372314 7.19919E-11
-0.00210206 0.0350343 7.19492E-11
0.000593263 0.00988771 7.20473E-11
-0.000666505 0.0111084 7.31203E-11
-0.00167724 0.0279541 7.20344E-11
0.0172045 0.286743 7.19433E-11
-0.00933837 0.15564 7.26328E-11
-0.00180909 0.0301514 7.24441E-11
0.00403565 0.0672608 7.2063E-11
0.000842286 0.0140381 7.19837E-11
-0.0200024 0.333374 7.26284E-11
0.0121655 0.202758 7.13288E-11
-0.00593995 0.0989991 7.09149E-11
-0.00497315 0.0828858 7.37653E-11
-0.00503175 0.0838624 7.23235E-11
-0.00469482 0.0782471 7.21358E-11
0.00847412 0.141235 7.17931E-11
0.00775635 0.129272 7.24252E-11
0.0067456 0.112427 7.24598E-11
-0.00736085 0.122681 7.20535E-11
-0.0059253 0.0987549 7.17076E-11
0.00369873 0.0616456 7.22847E-11
-0.0016919 0.0281983 7.22044E-11
-0.00794677 0.132446 7.2021E-11
0.00460694 0.0767823 7.20621E-11
0.00888428 0.148071 7.20152E-11
-0.00503175 0.0838624 7.28757E-11
0.000139161 0.00231935 7.28814E-11
0.000124513 0.00207521 7.24021E-11
0.0110376 0.183959 7.22313E-11
-0.0165307 0.275512 7.21734E-11
-0.00828368 0.138061 7.1983E-11
0.00835693 0.139282 7.38849E-11
0.00343507 0.0572511 7.25751E-11
-0.00670165 0.111694 7.20534E-11
-0.00135498 0.0225831 7.12942E-11
-0.00107666 0.0179443 7.2041E-11
0.00475343 0.0792238 7.37523E-11
0.016018 0.266967 7.20737E-11
-0.00661377 0.110229 7.18709E-11
0.0171313 0.285521 7.16016E-11
0.00232177 0.0386963 7.34491E-11
-9.5215E-05 0.00158692 7.22748E-11
-0.00591064 0.0985108 7.34145E-11
-0.00157471 0.0262451 7.31041E-11
0.000534668 0.00891113 7.27251E-11
-0.00629151 0.104858 7.21113E-11
0.00381592 0.0635987 7.18042E-11
-0.0213647 0.356078 7.3274E-11
0.0011792 0.0196533 7.27159E-11
-0.00403565 0.0672608 7.27216E-11
0.00900147 0.150024 7.25803E-11
0.000681153 0.0113526 7.22077E-11
-0.00312745 0.0521241 7.28425E-11
0.000124513 0.00207521 7.21489E-11
0.00799073 0.133179 7.23257E-11
-0.00673096 0.112183 7.1804E-11
0.0125023 0.208372 7.17616E-11
0.0184496 0.307494 7.17676E-11
-0.00582277 0.0970461 7.27663E-11
-0.00119385 0.0198974 7.21167E-11
-0.01385 0.230834 7.10417E-11
0.00818115 0.136352 7.20737E-11
-0.0011792 0.0196533 7.25868E-11
-0.00800537 0.133423 7.16995E-11
-0.00180909 0.0301514 7.23858E-11
-0.0194311 0.323852 7.20796E-11
0.00806396 0.134399 7.22876E-11
0.00809326 0.134888 7.21526E-11
-0.006438 0.1073 7.21957E-11
0.00484132 0.0806886 7.20304E-11
-0.00892822 0.148804 7.26352E-11
-0.0154614 0.25769 7.20503E-11
0.00396242 0.0660403 7.2105E-11
-0.0174096 0.290161 7.23999E-11
-0.00106201 0.0177003 7.25824E-11
0.00104737 0.0174561 7.25536E-11
