-0.00132569 0.0220948 6.95132E-11
-0.0185815 0.309692 6.8078E-11
-0.00450441 0.0750734 6.84357E-11
0.006438 0.1073 6.87756E-11
0.00784424 0.130737 6.84905E-11
-0.00680419 0.113403 6.82399E-11
0.00277588 0.0462646 7.02413E-11
0.00245362 0.0408937 7.00853E-11
-0.00762452 0.127075 6.94541E-11
-0.0251733 0.419555 6.81895E-11
-0.017307 0.288451 6.82829E-11
0.00719972 0.119995 6.83302E-11
-0.00951416 0.158569 6.81346E-11
-0.00611573 0.101929 6.94357E-11
0.0105395 0.175658 6.85199E-11
-0.0021167 0.0352784 6.99633E-11
-0.00633546 0.105591 6.81661E-11
0.00043213 0.00720217 6.86182E-11
-0.00790284 0.131714 6.83664E-11
0.00652589 0.108765 6.8339E-11
0.0104955 0.174925 7.01543E-11
-0.0146264 0.243773 6.93576E-11
0.011477 0.191284 7.01061E-11
0.0167651 0.279419 6.81756E-11
0.00380127 0.0633546 6.97377E-11
0.000783692 0.0130615 6.93666E-11
-0.0136889 0.228149 6.82844E-11
0.00816649 0.136108 6.88178E-11
0.0220679 0.367798 6.82838E-11
0.00983642 0.16394 6.86203E-11
-0.00330322 0.0550537 6.8079E-11
0.0066577 0.110962 6.84904E-11
-0.00574952 0.0958253 6.82177E-11
0.00446046 0.0743409 6.97775E-11
0.0122387 0.203979 6.97574E-11
-0.0140551 0.234253 6.8077E-11
0.0124145 0.206908 6.81487E-11
0.00286376 0.0477294 6.94947E-11
-0.0208667 0.347778 6.82334E-11
-0.00873779 0.14563 6.81107E-11
-0.010232 0.170533 6.85155E-11
0.0073755 0.122925 6.82402E-11
-0.00311279 0.0518799 6.82873E-11
0.0108031 0.180053 6.81008E-11
0.0073755 0.122925 6.84577E-11
0.00217529 0.0362549 7.03321E-11
0.00358156 0.0596926 6.82017E-11
0.00186768 0.0311279 7.02284E-11
0.00851806 0.141968 6.95862E-11
-0.00233642 0.0389404 6.84475E-11
-0.0052954 0.0882567 6.94414E-11
0.00229249 0.0382081 6.83263E-11
0.00271728 0.0452881 6.83674E-11
-0.0165307 0.275512 6.8179E-11
-0.0134691 0.224486 6.82544E-11
0.00703858 0.11731 6.91298E-11
-0.00523682 0.0872803 7.01354E-11
0.00421142 0.0701904 6.8306E-11
-0.00744873 0.124146 7.01639E-11
0.0218482 0.364137 6.91788E-11
0.0067749 0.112915 6.911E-11
-0.00756592 0.126099 7.00961E-11
0.000959473 0.0159912 6.81607E-11
0.0140845 0.234742 6.78983E-11
-0.00120849 0.0201416 6.82544E-11
0.0035083 0.0584717 7.01931E-11
0.0074048 0.123413 6.8305E-11
-0.00441651 0.0736084 6.83433E-11
0.0184496 0.307494 6.81785E-11
-0.0110376 0.183959 6.84929E-11
0.0160913 0.268188 6.91983E-11
-0.0182153 0.303588 6.86971E-11
0.00711183 0.11853 6.936E-11
0.00279053 0.0465088 6.88478E-11
-0.00337647 0.0562746 6.8177E-11
0.0159888 0.26648 6.92751E-11
-0.0114917 0.191529 6.82973E-11
0.0021167 0.0352784 6.81173E-11
-0.0117261 0.195435 6.77029E-11
0.00413818 0.0689697 6.97569E-11
0.0204858 0.341431 6.8329E-11
0.0126488 0.210814 6.99274E-11
-0.0130737 0.217896 6.8014E-11
-0.00869384 0.144897 6.82541E-11
-0.0141869 0.236448 6.83577E-11
-0.0121948 0.203247 6.82485E-11
-0.012268 0.204467 7.03079E-11
0.0110522 0.184203 6.98072E-11
-0.00695068 0.115845 6.81815E-11
-0.00180909 0.0301514 6.86739E-11
-0.0196362 0.32727 6.95778E-11
0.00170654 0.0284423 6.82212E-11
0.00913329 0.152222 6.82938E-11
0.00760987 0.126831 6.8107E-11
-0.00466554 0.0777589 6.95708E-11
0.0119311 0.198852 6.83211E-11
-0.0111255 0.185425 6.95345E-11
0.00759522 0.126587 6.90835E-11
0.000227051 0.00378418 6.84051E-11
0.00158936 0.0264893 7.00792E-11
0.00522216 0.0870361 6.83916E-11
0.00233642 0.0389404 6.83186E-11
-0.00661377 0.110229 6.88852E-11
-0.0127075 0.211792 6.98508E-11
0.00484132 0.0806886 6.9549E-11
0.000461426 0.00769043 7.02928E-11
-0.00637941 0.106323 6.81762E-11
-0.018728 0.312134 7.01644E-11
0.00352296 0.0587159 6.9094E-11
-0.00197021 0.0328369 7.01335E-11
-0.0101879 0.169799 6.89124E-11
0.00601318 0.10022 7.01508E-11
0.00927978 0.154663 6.81454E-11
0.00561767 0.0936279 6.82101E-11
-0.00772705 0.128784 6.85854E-11
-0.0219507 0.365845 6.8486E-11
3.66213E-05 0.000610354 6.81236E-11
0.00205812 0.0343019 6.95687E-11
-0.00226319 0.0377198 6.86297E-11
-0.00892822 0.148804 6.95208E-11
0.00639406 0.106568 6.99564E-11
0.00435792 0.0726319 6.83772E-11
0.00415284 0.0692139 6.84459E-11
0.00292237 0.0487061 6.80807E-11
0.0217163 0.361938 6.83324E-11
-0.00366945 0.0611574 6.94686E-11
0.00629151 0.104858 6.83424E-11
0.00894287 0.149048 6.83437E-11
0.000153809 0.00256348 6.8929E-11
-0.00818115 0.136352 6.9495E-11
-0.00122315 0.0203858 7.02759E-11
-0.00847412 0.141235 6.8745E-11
0.000988771 0.0164795 7.01618E-11
0.00598389 0.0997314 6.89841E-11
0.0165893 0.276488 6.81231E-11
-0.017307 0.288451 6.88201E-11
0.00128173 0.0213622 6.84849E-11
-0.009104 0.151733 6.82129E-11
0.0108764 0.181273 6.94716E-11
-0.00248291 0.0413818 6.824E-11
-0.0141137 0.235228 6.85942E-11
0.0118725 0.197875 6.95262E-11
-0.00667235 0.111206 6.80298E-11
-0.00703858 0.11731 6.80953E-11
0.00226319 0.0377198 6.82425E-11
-0.00383058 0.0638429 6.9728E-11
-0.000358888 0.00598146 6.92587E-11
-0.00255615 0.0426025 6.80477E-11
-0.000812989 0.0135498 7.0095E-11
-0.0130884 0.21814 6.80749E-11
0.00996824 0.166137 6.83334E-11
0.00188233 0.0313721 6.7965E-11
-0.0167651 0.279419 6.80811E-11
-0.000695801 0.0115967 6.83219E-11
0.0107738 0.179564 6.80845E-11
-0.00485597 0.0809328 6.75342E-11
0.00523682 0.0872803 6.84441E-11
0.00448975 0.0748292 6.83609E-11
-0.0107738 0.179564 6.98587E-11
-0.00254151 0.0423584 6.81622E-11
-0.00572021 0.0953369 6.79712E-11
0.00719972 0.119995 6.82596E-11
0.00141357 0.0235596 6.8407E-11
-0.00249756 0.0416259 6.93679E-11
-0.00583742 0.0972903 7.01218E-11
-0.0121655 0.202758 6.99289E-11
-0.00388916 0.0648194 7.00934E-11
0.000974122 0.0162354 6.86666E-11
0.00601318 0.10022 6.81448E-11
0.019226 0.320433 6.81544E-11
-0.0142308 0.237181 6.93247E-11
-0.00243897 0.0406496 6.81945E-11
-8.05667E-05 0.00134278 6.85583E-11
0.000593263 0.00988771 6.85173E-11
-0.00566162 0.0943603 6.82339E-11
-0.0122387 0.203979 6.87969E-11
0.00217529 0.0362549 6.81258E-11
0.0224635 0.374392 6.83569E-11
0.00103272 0.0172119 6.8347E-11
-0.00739014 0.123169 6.90144E-11
0.00173584 0.0289306 6.96984E-11
0.00996824 0.166137 7.00553E-11
-0.00052002 0.008667 6.8813E-11
-3.66213E-05 0.000610354 6.83997E-11
-9.5215E-05 0.00158692 6.93134E-11
0.00900147 0.150024 6.96807E-11
0.0168384 0.28064 6.80435E-11
-0.00110596 0.0184326 6.83214E-11
0.00900147 0.150024 6.86962E-11
0.00936767 0.156128 6.89683E-11
-0.00648194 0.108032 6.97677E-11
0.00705322 0.117554 6.83721E-11
-0.00129639 0.0216064 6.83137E-11
0.00388916 0.0648194 6.80668E-11
0.00482666 0.0804444 7.01997E-11
-0.00627685 0.104614 6.82968E-11
0.0189038 0.315064 6.84161E-11
0.00179444 0.0299073 6.86525E-11
-0.00205812 0.0343019 6.81011E-11
-0.020852 0.347533 6.9352E-11
