0.00243897 0.0406496 8.54797E-11
0.00123779 0.0206298 8.56079E-11
0.00207276 0.0345461 8.54956E-11
-0.00138428 0.0230713 8.42817E-11
0.0106567 0.177611 8.59838E-11
0.00100342 0.0167236 8.47286E-11
0.0117992 0.196654 8.55675E-11
-0.00572021 0.0953369 8.42443E-11
8.05667E-05 0.00134278 8.45849E-11
0.00930907 0.155151 8.42115E-11
0.00547119 0.0911865 8.33163E-11
-0.00347901 0.0579834 8.51465E-11
-0.00120849 0.0201416 8.55107E-11
0.00939697 0.156616 8.45795E-11
0.004021 0.0670166 8.49345E-11
0.00702393 0.117066 8.47808E-11
0.0052954 0.0882567 8.54837E-11
0.018435 0.30725 8.50967E-11
0.00450441 0.0750734 8.5699E-11
-0.0054126 0.0902099 8.5413E-11
-0.0178198 0.296997 8.55683E-11
-0.00933837 0.15564 8.44493E-11
0.000549317 0.00915528 8.55179E-11
0.00869384 0.144897 8.38146E-11
0.00347901 0.0579834 8.55697E-11
0.00283447 0.0472412 8.41135E-11
0.00582277 0.0970461 8.553E-11
-0.0062622 0.10437 8.54542E-11
0.00684814 0.114136 8.54643E-11
-0.00366945 0.0611574 8.53986E-11
0.00913329 0.152222 8.33812E-11
0.0026001 0.0433349 8.61605E-11
-0.000930176 0.0155029 8.44319E-11
0.000270996 0.00451661 8.49501E-11
-0.000124513 0.00207521 8.43721E-11
-0.00371339 0.0618898 8.52749E-11
0.0026294 0.0438233 8.40323E-11
0.0031421 0.0523683 8.4716E-11
0.0117992 0.196654 8.40971E-11
-0.00176514 0.0294189 8.55383E-11
8.05667E-05 0.00134278 8.51852E-11
8.05667E-05 0.00134278 8.57531E-11
0.0114624 0.19104 8.40526E-11
-0.00144287 0.0240478 8.5416E-11
-0.0109057 0.181762 8.43212E-11
-0.00325927 0.0543213 8.50777E-11
0.00859131 0.143188 8.53241E-11
0.0073755 0.122925 8.48479E-11
0.0116968 0.194947 8.57155E-11
-0.00752198 0.125366 8.44102E-11
0.00533936 0.0889893 8.51795E-11
-0.00465089 0.0775148 8.52307E-11
-0.00071045 0.0118408 8.51348E-11
-0.00705322 0.117554 8.40047E-11
-0.00283447 0.0472412 8.54939E-11
-0.0059253 0.0987549 8.40145E-11
-0.00412354 0.0687256 8.40932E-11
-0.0142748 0.237914 8.55945E-11
0.00528075 0.0880126 8.51194E-11
0.00850342 0.141724 8.49579E-11
-0.00700929 0.116821 8.55763E-11
0.00364015 0.0606691 8.47476E-11
-0.00043213 0.00720217 8.56548E-11
0.0139086 0.231811 8.56319E-11
0.00804931 0.134155 8.54168E-11
-0.00446046 0.0743409 8.53598E-11
-0.00107666 0.0179443 8.54801E-11
-0.00113525 0.0189209 8.52543E-11
-0.0108178 0.180297 8.54524E-11
-0.00491456 0.0819093 8.51125E-11
-0.0072876 0.12146 8.57693E-11
0.000373536 0.0062256 8.56796E-11
-2.19728E-05 0.000366213 8.58428E-11
-0.0158129 0.263549 8.56758E-11
-0.0205151 0.341918 8.58345E-11
0.00378663 0.0631104 8.53814E-11
-0.00248291 0.0413818 8.44841E-11
-0.000695801 0.0115967 8.50358E-11
-0.000842286 0.0140381 8.47806E-11
-0.00229249 0.0382081 8.5381E-11
-0.012766 0.212767 8.50579E-11
0.0086206 0.143677 8.50575E-11
-0.00806396 0.134399 8.53494E-11
-0.00957275 0.159546 8.57778E-11
-0.00570557 0.0950928 8.51815E-11
-0.0054419 0.0906983 8.55422E-11
-0.000139161 0.00231935 8.52296E-11
-0.00695068 0.115845 8.58175E-11
0.00667235 0.111206 8.55513E-11
0.00747804 0.124634 8.54915E-11
0.00974853 0.162476 8.49869E-11
0.00352296 0.0587159 8.37019E-11
-0.0102758 0.171264 8.57941E-11
0.00832763 0.138794 8.47266E-11
-0.00513429 0.0855714 8.59325E-11
0.0062622 0.10437 8.55757E-11
0.0072583 0.120972 8.55818E-11
-0.000988771 0.0164795 8.57121E-11
-0.00520752 0.0867919 8.46154E-11
0.00434326 0.0723878 8.48395E-11
-0.0103637 0.172728 8.56491E-11
0.00851806 0.141968 8.39393E-11
-0.005896 0.0982666 8.58858E-11
0.000739747 0.0123291 8.52402E-11
0.0121508 0.202514 8.57533E-11
0.0031421 0.0523683 8.51663E-11
-0.00841553 0.140259 8.55176E-11
0.00394777 0.0657961 8.34567E-11
0.00322999 0.0538331 8.58092E-11
-0.016853 0.280883 8.47937E-11
-0.00194092 0.0323486 8.52992E-11
-0.00189697 0.0316162 8.50798E-11
0.00312745 0.0521241 8.51369E-11
-0.000637208 0.0106201 8.4683E-11
0.00218994 0.0364991 8.58451E-11
-0.0117407 0.195678 8.56768E-11
-0.00511963 0.0853273 8.58657E-11
-0.0026001 0.0433349 8.36409E-11
0.000505372 0.00842286 8.41565E-11
0.00719972 0.119995 8.55264E-11
0.00177978 0.0296631 8.46085E-11
0.00999755 0.166626 8.56248E-11
-0.0183031 0.305052 8.57086E-11
-0.00128173 0.0213622 8.51544E-11
-0.00487061 0.0811768 8.42045E-11
0.00769776 0.128296 8.42992E-11
0.0059253 0.0987549 8.55871E-11
0.00103272 0.0172119 8.43474E-11
-0.00186768 0.0311279 8.49872E-11
-0.0122974 0.204957 8.48524E-11
5.12697E-05 0.000854496 8.513E-11
0.00226319 0.0377198 8.48508E-11
0.00172119 0.0286864 8.50452E-11
-0.00598389 0.0997314 8.5769E-11
-0.00238038 0.0396729 8.55644E-11
0.000285645 0.00476075 8.32245E-11
0.00982178 0.163696 8.51645E-11
-0.00848876 0.141479 8.5377E-11
0.00459228 0.0765381 8.43691E-11
-0.00188233 0.0313721 8.56862E-11
-0.0138354 0.23059 8.50426E-11
-0.00138428 0.0230713 8.38761E-11
-0.0112134 0.186889 8.53127E-11
0.00545655 0.0909424 8.5157E-11
0.000725098 0.012085 8.55695E-11
-0.00443115 0.0738526 8.60096E-11
0.00582277 0.0970461 8.49601E-11
-0.00884032 0.147339 8.38639E-11
0.00495851 0.0826417 8.58807E-11
0.00185303 0.0308838 8.4252E-11
-0.00941162 0.15686 8.51469E-11
0.00667235 0.111206 8.56718E-11
-0.0219653 0.366089 8.53408E-11
-0.00629151 0.104858 8.54643E-11
0.00678955 0.113159 8.53539E-11
0.0102466 0.170777 8.54804E-11
0.00646728 0.107788 8.36515E-11
0.000300294 0.00500489 8.40483E-11
0.00336182 0.0560304 8.48534E-11
0.0116528 0.194214 8.33955E-11
-0.0124877 0.208128 8.46325E-11
-0.00388916 0.0648194 8.48795E-11
0.00339112 0.0565187 8.3816E-11
-0.00290771 0.0484619 8.62472E-11
-0.0011792 0.0196533 8.54522E-11
-0.00136964 0.0228273 8.46481E-11
0.00378663 0.0631104 8.55746E-11
0.0107738 0.179564 8.59935E-11
0.00539795 0.0899658 8.52889E-11
-0.00183839 0.0306398 8.56045E-11
0.000900879 0.0150147 8.58479E-11
0.00629151 0.104858 8.36272E-11
0.0040503 0.0675049 8.43401E-11
0.000402833 0.00671388 8.40624E-11
-0.00119385 0.0198974 8.56631E-11
-0.0134106 0.223509 8.54324E-11
-0.000578614 0.00964357 8.5503E-11
0.00207276 0.0345461 8.39695E-11
-0.00719972 0.119995 8.52608E-11
0.00717042 0.119507 8.35547E-11
0.00699463 0.116577 8.56926E-11
0.00239503 0.0399171 8.48592E-11
-0.0045337 0.0755617 8.43181E-11
0.00336182 0.0560304 8.41767E-11
-0.000124513 0.00207521 8.44923E-11
0.0109057 0.181762 8.42452E-11
-0.0086206 0.143677 8.34039E-11
-0.00736085 0.122681 8.54527E-11
0.00403565 0.0672608 8.3791E-11
0.00355225 0.0592042 8.38962E-11
0.00277588 0.0462646 8.5329E-11
-0.00724365 0.120728 8.51435E-11
-0.00596923 0.0994872 8.48924E-11
0.00071045 0.0118408 8.54442E-11
0.00434326 0.0723878 8.37769E-11
-0.0111401 0.185668 8.55181E-11
-0.0148608 0.247681 8.5395E-11
-0.0101879 0.169799 8.3663E-11
-0.00422608 0.0704346 8.57219E-11
-0.00271728 0.0452881 8.57697E-11
