-0.0180834 0.30139 1.07684E-10
0.0172777 0.287962 1.09372E-10
0.0030542 0.0509034 1.0983E-10
-0.00422608 0.0704346 1.09033E-10
0.0293481 0.489134 1.09467E-10
0.00826904 0.137817 1.09665E-10
0.00516358 0.0860596 1.10587E-10
-0.00460694 0.0767823 1.09803E-10
-0.0111694 0.186157 1.09109E-10
-0.00434326 0.0723878 1.09157E-10
0.0166919 0.278198 1.08709E-10
-0.0179662 0.299437 1.09085E-10
-0.00334717 0.0557863 1.09358E-10
0.00733155 0.122193 1.09691E-10
0.00230713 0.0384522 1.10678E-10
-0.00670165 0.111694 1.0843E-10
0.000783692 0.0130615 1.10915E-10
0.00510499 0.0850831 1.10114E-10
0.0153881 0.256468 1.09986E-10
-0.0103051 0.171753 1.08609E-10
0.00296631 0.0494386 1.08174E-10
-0.00186768 0.0311279 1.10638E-10
0.00429931 0.0716553 1.0946E-10
-0.00221924 0.0369873 1.10769E-10
0.00717042 0.119507 1.0893E-10
0.0120776 0.201294 1.086E-10
-0.000124513 0.00207521 1.11572E-10
0.0284691 0.474486 1.08238E-10
0.0167798 0.279663 1.08097E-10
0.0121362 0.20227 1.0864E-10
0.00988037 0.164673 1.0922E-10
-0.00481202 0.0802003 1.08596E-10
-0.014641 0.244017 1.0977E-10
0.00429931 0.0716553 1.10431E-10
-0.0129858 0.21643 1.10334E-10
-0.0165454 0.275756 1.10292E-10
0.0142455 0.237425 1.08725E-10
0.00966064 0.161011 1.09145E-10
9.5215E-05 0.00158692 1.10704E-10
0.000915527 0.0152588 1.08845E-10
0.00872314 0.145386 1.09066E-10
0.0025122 0.0418701 1.09719E-10
0.0161645 0.269409 1.11515E-10
-0.0114624 0.19104 1.09707E-10
-0.0139965 0.233276 1.0804E-10
-0.00593995 0.0989991 1.08088E-10
-0.00925048 0.154175 1.10303E-10
-0.017102 0.285033 1.0893E-10
0.00879639 0.146606 1.10635E-10
0.00602784 0.100464 1.11239E-10
0.00703858 0.11731 1.07593E-10
0.0159302 0.265503 1.08978E-10
-0.00366945 0.0611574 1.09576E-10
-0.00519286 0.0865477 1.08774E-10
-0.00649659 0.108276 1.09201E-10
0.0191967 0.319946 1.09291E-10
-0.00993895 0.165649 1.10368E-10
-0.0087085 0.145142 1.08921E-10
0.00733155 0.122193 1.09993E-10
0.0226392 0.37732 1.08643E-10
-0.00734619 0.122437 1.09747E-10
-0.0144506 0.240843 1.09945E-10
0.0169555 0.282592 1.08027E-10
-0.0236939 0.394898 1.08389E-10
0.00841553 0.140259 1.08982E-10
0.00564698 0.0941163 1.10438E-10
0.0173657 0.289428 1.08785E-10
0.00274659 0.0457764 1.08592E-10
-0.0185522 0.309204 1.08756E-10
0.00888428 0.148071 1.11349E-10
0.0127807 0.213012 1.07664E-10
-0.013264 0.221068 1.0952E-10
-0.00800537 0.133423 1.10705E-10
-0.0117699 0.196166 1.09922E-10
-0.00662842 0.110474 1.09374E-10
0.00832763 0.138794 1.09989E-10
-0.00706787 0.117798 1.0845E-10
0.000534668 0.00891113 1.10465E-10
0.00522216 0.0870361 1.08948E-10
-0.0194604 0.32434 1.10469E-10
-0.0151098 0.251831 1.08918E-10
0.0101147 0.168579 1.09858E-10
-0.00993895 0.165649 1.09702E-10
0.0134545 0.224242 1.09753E-10
0.0216285 0.360474 1.09684E-10
-0.00129639 0.0216064 1.09852E-10
-0.00680419 0.113403 1.08383E-10
0.0131469 0.219115 1.10181E-10
-0.00706787 0.117798 1.08932E-10
0.0125609 0.209349 1.08658E-10
-9.5215E-05 0.00158692 1.08996E-10
-0.000871582 0.0145264 1.10054E-10
-0.00536865 0.0894775 1.09573E-10
0.0140845 0.234742 1.08565E-10
-0.00421142 0.0701904 1.10427E-10
-0.0139819 0.233032 1.09707E-10
-0.00564698 0.0941163 1.10392E-10
0.00800537 0.133423 1.09302E-10
-0.00564698 0.0941163 1.09692E-10
0.00172119 0.0286864 1.1001E-10
0.00498779 0.0831299 1.09133E-10
0.00347901 0.0579834 1.09343E-10
0.00639406 0.106568 1.07633E-10
0.00164795 0.0274658 1.08776E-10
-0.00125244 0.0208739 1.10067E-10
0.0249535 0.415892 1.08428E-10
0.0025122 0.0418701 1.08811E-10
0.00711183 0.11853 1.09777E-10
-0.00380127 0.0633546 1.10167E-10
-0.0148608 0.247681 1.09886E-10
-0.00844482 0.140747 1.09219E-10
-0.00649659 0.108276 1.1007E-10
0.0072876 0.12146 1.09916E-10
0.00656982 0.109497 1.09052E-10
-0.00447511 0.0745851 1.09429E-10
-0.00536865 0.0894775 1.10545E-10
0.0054419 0.0906983 1.09975E-10
-0.0102466 0.170777 1.12365E-10
0.0261547 0.435912 1.09248E-10
0.00828368 0.138061 1.08607E-10
-0.00226319 0.0377198 1.10628E-10
-7.32425E-06 0.000122071 1.0947E-10
0.0155346 0.25891 1.10033E-10
0.0137182 0.228637 1.09022E-10
-0.025891 0.431517 1.0953E-10
-0.0104222 0.173704 1.09064E-10
0.00819579 0.136597 1.10943E-10
0.00973389 0.162231 1.10584E-10
0.00580811 0.0968019 1.08642E-10
-0.0111547 0.185913 1.10394E-10
-0.00599854 0.0999756 1.12196E-10
-0.0123558 0.205931 1.09133E-10
0.000959473 0.0159912 1.09107E-10
0.00170654 0.0284423 1.09922E-10
-0.000197755 0.00329592 1.08569E-10
-0.00615967 0.102661 1.09238E-10
-0.0026294 0.0438233 1.07539E-10
0.000739747 0.0123291 1.09206E-10
0.00829834 0.138306 1.1204E-10
-0.0107006 0.178343 1.08442E-10
0.0103051 0.171753 1.1004E-10
2.19728E-05 0.000366213 1.09685E-10
0.00298097 0.0496828 1.0818E-10
0.000373536 0.0062256 1.0946E-10
-0.000754395 0.0125733 1.09748E-10
-0.000695801 0.0115967 1.09714E-10
0.011477 0.191284 1.11858E-10
0.000256348 0.00427247 1.08669E-10
-0.00283447 0.0472412 1.08914E-10
-0.00507569 0.0845948 1.09893E-10
-0.0208959 0.348265 1.08898E-10
0.0103929 0.173216 1.09279E-10
-0.00661377 0.110229 1.10185E-10
-0.0151245 0.252075 1.10198E-10
0.0138794 0.231323 1.10276E-10
-0.00599854 0.0999756 1.09672E-10
0.0076831 0.128052 1.11373E-10
-0.000300294 0.00500489 1.08487E-10
0.0114185 0.190308 1.09503E-10
0.0251147 0.418578 1.08744E-10
-0.00198486 0.0330811 1.10671E-10
-0.0072876 0.12146 1.08607E-10
-0.0249975 0.416625 1.10356E-10
0.0193725 0.322875 1.09438E-10
0.00557372 0.0928954 1.11845E-10
0.00574952 0.0958253 1.07544E-10
-0.0169847 0.283079 1.09433E-10
0.00488525 0.0814209 1.08506E-10
-0.000388184 0.00646973 1.0922E-10
0.00982178 0.163696 1.0678E-10
0.00172119 0.0286864 1.10115E-10
-0.013557 0.225951 1.09474E-10
0.0129272 0.215453 1.08586E-10
0.0270922 0.451537 1.09634E-10
0.00410888 0.0684814 1.1018E-10
-0.0130151 0.216918 1.10538E-10
-0.00749268 0.124878 1.08672E-10
-0.000388184 0.00646973 1.09968E-10
-0.00270264 0.0450439 1.09374E-10
0.00778564 0.129761 1.08587E-10
-0.0174682 0.291137 1.09057E-10
9.5215E-05 0.00158692 1.1039E-10
0.000109864 0.00183106 1.09971E-10
-0.0119604 0.19934 1.0878E-10
0.000402833 0.00671388 1.09039E-10
0.00595459 0.0992432 1.0931E-10
-0.00161865 0.0269775 1.09035E-10
-0.00498779 0.0831299 1.09396E-10
-0.0196508 0.327514 1.12359E-10
-3.66213E-05 0.000610354 1.08735E-10
0.0108178 0.180297 1.09969E-10
0.00377197 0.0628662 1.10572E-10
-0.00197021 0.0328369 1.08966E-10
-0.00437257 0.0728761 1.08933E-10
0.00873779 0.14563 1.0838E-10
0.00566162 0.0943603 1.08475E-10
0.00173584 0.0289306 1.09143E-10
-0.00481202 0.0802003 1.09332E-10
-0.00722901 0.120484 1.09643E-10
0.00409423 0.0682372 1.0878E-10
