-0.00517822 0.0863037 2.4026E-10
0.0131761 0.219603 2.44694E-10
0.00739014 0.123169 2.49612E-10
-0.00993895 0.165649 2.4612E-10
0.00284912 0.0474853 2.4323E-10
0.00472413 0.0787354 2.39703E-10
0.010144 0.169067 2.3913E-10
0.00369873 0.0616456 2.4683E-10
0.00624756 0.104126 2.4086E-10
0.00579347 0.0965578 2.52853E-10
0.0116968 0.194947 2.53625E-10
0.0030542 0.0509034 2.51429E-10
0.0103637 0.172728 2.52527E-10
-0.00752198 0.125366 2.44154E-10
0.0126488 0.210814 2.50469E-10
-0.000856934 0.0142822 2.44806E-10
0.00847412 0.141235 2.40942E-10
0.00400634 0.0667724 2.56272E-10
-0.00280518 0.0467529 2.45519E-10
-0.00138428 0.0230713 2.45873E-10
0.00971924 0.161987 2.41325E-10
-0.0131908 0.219847 2.53589E-10
-0.0167212 0.278687 2.54748E-10
-0.00951416 0.158569 2.51865E-10
-0.000227051 0.00378418 2.55175E-10
0.000769043 0.0128174 2.37648E-10
0.0199585 0.332643 2.46011E-10
-0.00583742 0.0972903 2.41808E-10
0.00342042 0.0570069 2.44049E-10
-0.00844482 0.140747 2.52192E-10
0.00615967 0.102661 2.5248E-10
0.00286376 0.0477294 2.51946E-10
0.0103637 0.172728 2.43533E-10
-0.0150219 0.250366 2.45761E-10
-0.00860596 0.143433 2.40787E-10
0.00071045 0.0118408 2.459E-10
-0.001604 0.0267334 2.4533E-10
0.00708252 0.118042 2.41918E-10
0.00835693 0.139282 2.4373E-10
-0.00120849 0.0201416 2.41651E-10
-0.0026294 0.0438233 2.53235E-10
0.011521 0.192017 2.44212E-10
0.0118139 0.196898 2.53934E-10
-0.00898681 0.14978 2.40689E-10
0.00829834 0.138306 2.442E-10
0.000139161 0.00231935 2.40453E-10
-0.00513429 0.0855714 2.43006E-10
-0.00680419 0.113403 2.41772E-10
-0.00942626 0.157104 2.40276E-10
0.00249756 0.0416259 2.49639E-10
-0.000988771 0.0164795 2.52365E-10
0.00296631 0.0494386 2.53461E-10
-0.00468018 0.078003 2.55003E-10
0.00922119 0.153687 2.52409E-10
-0.00466554 0.0777589 2.52454E-10
0.00929443 0.154907 2.50686E-10
0.00719972 0.119995 2.40761E-10
0.000153809 0.00256348 2.42796E-10
0.00230713 0.0384522 2.44331E-10
-0.00812255 0.135376 2.51793E-10
-0.00989501 0.164917 2.43311E-10
0.000607911 0.0101319 2.40354E-10
-0.0139379 0.232299 2.43811E-10
-0.00558837 0.0931396 2.53267E-10
-0.00998289 0.166381 2.42747E-10
0.00043213 0.00720217 2.52349E-10
-0.00180909 0.0301514 2.42754E-10
0.000446778 0.0074463 2.54881E-10
0.000300294 0.00500489 2.46599E-10
-0.0107006 0.178343 2.52995E-10
0.00636475 0.106079 2.44535E-10
-0.00170654 0.0284423 2.39908E-10
-0.00233642 0.0389404 2.45673E-10
-0.0137475 0.229125 2.46279E-10
-0.0141576 0.23596 2.46983E-10
0.00475343 0.0792238 2.53405E-10
-0.000197755 0.00329592 2.46574E-10
0.0117114 0.195191 2.43082E-10
0.0149634 0.249389 2.41177E-10
-0.00689209 0.114868 2.46765E-10
0.00555908 0.0926513 2.45028E-10
-0.0205297 0.342162 2.48555E-10
-0.00734619 0.122437 2.45302E-10
-0.00318604 0.0531006 2.52125E-10
-0.00161865 0.0269775 2.41405E-10
-0.0120336 0.200561 2.43248E-10
0.0150952 0.251587 2.43073E-10
-0.00509033 0.0848389 2.42445E-10
0.00815185 0.135864 2.39982E-10
0.00497315 0.0828858 2.42726E-10
0.00344971 0.0574952 2.42028E-10
0.0225805 0.376342 2.43776E-10
-0.00563233 0.0938721 2.53116E-10
-0.00881103 0.146851 2.43643E-10
-0.00208742 0.0347903 2.5245E-10
0.0109936 0.183227 2.42439E-10
0.0149634 0.249389 2.46512E-10
0.00722901 0.120484 2.38869E-10
0.0054419 0.0906983 2.42655E-10
0.00221924 0.0369873 2.53869E-10
-0.00189697 0.0316162 2.45429E-10
0.000886231 0.0147705 2.42851E-10
-0.0073755 0.122925 2.43538E-10
0.0133959 0.223265 2.42655E-10
-0.00265869 0.0443115 2.4392E-10
-0.00721437 0.120239 2.52518E-10
0.00930907 0.155151 2.5271E-10
-0.0076831 0.128052 2.43977E-10
-0.00258545 0.0430908 2.39642E-10
-0.00848876 0.141479 2.48057E-10
-0.0141429 0.235716 2.53224E-10
0.0144652 0.241087 2.50962E-10
0.00741945 0.123657 2.45836E-10
-0.00611573 0.101929 2.3941E-10
0.00617431 0.102905 2.42803E-10
0.00522216 0.0870361 2.44742E-10
-0.0049292 0.0821534 2.53E-10
-0.00349366 0.0582276 2.51712E-10
-0.00287842 0.0479736 2.50701E-10
-0.0096753 0.161255 2.44896E-10
-0.00802002 0.133667 2.42297E-10
0.0202808 0.338012 2.5437E-10
0.0100122 0.16687 2.4424E-10
0.0193579 0.322632 2.51208E-10
-0.0179808 0.299681 2.45565E-10
-0.00377197 0.0628662 2.44089E-10
-0.013894 0.231567 2.52787E-10
-0.00580811 0.0968019 2.43247E-10
-0.00333253 0.0555421 2.44016E-10
0.00705322 0.117554 2.43651E-10
-0.00429931 0.0716553 2.43941E-10
6.59183E-05 0.00109864 2.50115E-10
0.004563 0.07605 2.44908E-10
-0.000988771 0.0164795 2.44732E-10
-0.00235108 0.0391846 2.44343E-10
0.00451906 0.0753176 2.51907E-10
-0.00340576 0.0567628 2.49753E-10
-0.00993895 0.165649 2.42324E-10
0.00138428 0.0230713 2.44748E-10
-0.00147217 0.0245361 2.41585E-10
-0.0123705 0.206175 2.5265E-10
0.00714112 0.119019 2.45896E-10
0.0149926 0.249878 2.44233E-10
-0.00941162 0.15686 2.3966E-10
-0.00156005 0.0260009 2.54678E-10
-0.0125609 0.209349 2.54773E-10
0.00371339 0.0618898 2.42333E-10
0.00194092 0.0323486 2.52319E-10
-0.012019 0.200317 2.45221E-10
-0.00787354 0.131226 2.44159E-10
0.00210206 0.0350343 2.47936E-10
-0.013059 0.217651 2.49332E-10
0.0025122 0.0418701 2.41816E-10
0.017688 0.294799 2.50506E-10
0.000563965 0.00939942 2.48411E-10
0.00583742 0.0972903 2.50593E-10
-0.00602784 0.100464 2.42539E-10
0.0052954 0.0882567 2.42549E-10
-0.010642 0.177367 2.52633E-10
-0.0165893 0.276488 2.54716E-10
0.00421142 0.0701904 2.51816E-10
-0.00897217 0.149536 2.4384E-10
0.00356691 0.0594484 2.43526E-10
0.000373536 0.0062256 2.54214E-10
-0.0150805 0.251343 2.42615E-10
0.00438721 0.0731202 2.41484E-10
-0.00302491 0.0504153 2.45354E-10
-0.00547119 0.0911865 2.44423E-10
-0.0246898 0.411498 2.42523E-10
0.00539795 0.0899658 2.52682E-10
-0.00750733 0.125122 2.44261E-10
0.00844482 0.140747 2.52725E-10
-0.00892822 0.148804 2.44583E-10
-0.00110596 0.0184326 2.44859E-10
0.0134985 0.224975 2.48648E-10
-0.020603 0.343383 2.45836E-10
0.00583742 0.0972903 2.41648E-10
0.00136964 0.0228273 2.41793E-10
-0.00221924 0.0369873 2.53402E-10
-0.00654053 0.109009 2.41362E-10
-0.00980712 0.163452 2.53365E-10
0.00476807 0.0794678 2.44045E-10
-0.0188598 0.314331 2.52804E-10
0.00242432 0.0404054 2.4337E-10
-0.0119165 0.198608 2.53135E-10
0.00845946 0.140991 2.50374E-10
-0.0111255 0.185425 2.5118E-10
-0.0102173 0.170288 2.57812E-10
0.0118139 0.196898 2.53915E-10
-0.00829834 0.138306 2.52534E-10
0.00514893 0.0858155 2.42786E-10
0.00388916 0.0648194 2.44979E-10
0.0105688 0.176147 2.40812E-10
-0.0145238 0.242064 2.49894E-10
-0.000886231 0.0147705 2.46264E-10
-0.00106201 0.0177003 2.47336E-10
-0.0197241 0.328735 2.51719E-10
-0.00199952 0.0333253 2.43408E-10
-0.00182373 0.0303956 2.39427E-10
0.0204272 0.340453 2.5621E-10
