0.0124437 0.207396 1.01016E-10
0.00321533 0.0535889 1.00911E-10
0.00706787 0.117798 1.00997E-10
-2.19728E-05 0.000366213 1.02616E-10
0.000739747 0.0123291 9.96426E-11
-0.0173803 0.289672 9.98126E-11
-0.000783692 0.0130615 1.0156E-10
-0.0148022 0.246703 1.01321E-10
-0.0119311 0.198852 9.98508E-11
-0.0059253 0.0987549 1.00875E-10
0.0067456 0.112427 9.97846E-11
-0.0031421 0.0523683 1.00505E-10
0.00607177 0.101196 1.00563E-10
0.0153295 0.255492 1.02525E-10
-0.00293702 0.0489503 9.91204E-11
-0.00942626 0.157104 9.98569E-11
-0.00230713 0.0384522 9.98632E-11
0.00409423 0.0682372 1.00949E-10
-0.0100122 0.16687 1.01199E-10
0.0186841 0.311401 1.01893E-10
0.019226 0.320433 9.92973E-11
0.00287842 0.0479736 1.0173E-10
0.00270264 0.0450439 9.93593E-11
0.00762452 0.127075 1.00968E-10
-0.0109936 0.183227 9.89157E-11
-0.00132569 0.0220948 1.01301E-10
0.0133959 0.223265 9.92557E-11
0.0141576 0.23596 1.00714E-10
-0.0119018 0.198364 9.95553E-11
-0.00911865 0.151977 1.00365E-10
0.0111987 0.186645 9.99125E-11
-0.0158129 0.263549 1.00256E-10
0.00681885 0.113647 9.9587E-11
-0.00318604 0.0531006 1.00099E-10
-0.00602784 0.100464 1.00323E-10
-0.00331788 0.0552979 1.00443E-10
0.00652589 0.108765 1.00704E-10
0.00831299 0.13855 1.01796E-10
0.007771 0.129517 1.02418E-10
0.0218482 0.364137 9.90092E-11
-0.0148461 0.247436 1.02566E-10
-0.00103272 0.0172119 1.02459E-10
0.00670165 0.111694 1.01828E-10
-0.0136449 0.227416 1.00951E-10
0.0150073 0.250122 9.95419E-11
0.00311279 0.0518799 1.00791E-10
0.004021 0.0670166 1.01436E-10
0.00593995 0.0989991 9.92613E-11
-0.0182153 0.303588 9.94292E-11
-0.00466554 0.0777589 1.01481E-10
0.0135424 0.225707 1.01384E-10
0.00274659 0.0457764 9.91081E-11
-0.0117846 0.19641 1.01219E-10
0.00673096 0.112183 1.01086E-10
0.00468018 0.078003 9.99735E-11
0.00277588 0.0462646 1.00836E-10
0.0076831 0.128052 1.01999E-10
0.00468018 0.078003 9.99942E-11
0.000812989 0.0135498 1.00159E-10
0.00990965 0.165161 9.91333E-11
-0.00602784 0.100464 9.92933E-11
-0.0120483 0.200805 1.00797E-10
-0.00448975 0.0748292 1.00322E-10
-0.0118871 0.198119 1.00634E-10
-0.0226246 0.377076 1.01578E-10
-0.00243897 0.0406496 9.92146E-11
0.0173217 0.288695 9.92179E-11
-0.00844482 0.140747 9.9435E-11
0.00432862 0.0721436 1.00689E-10
0.0175415 0.292357 1.00737E-10
0.00164795 0.0274658 1.01628E-10
0.00315674 0.0526123 1.01869E-10
-0.00693604 0.115601 9.94345E-11
-0.00649659 0.108276 9.97043E-11
0.0132494 0.220823 1.00612E-10
-0.0103051 0.171753 1.00035E-10
-0.00129639 0.0216064 1.00969E-10
-0.00344971 0.0574952 1.02174E-10
0.00574952 0.0958253 9.99878E-11
-0.0102173 0.170288 9.99677E-11
0.000549317 0.00915528 9.96321E-11
0.00180909 0.0301514 1.00586E-10
0.000563965 0.00939942 9.97663E-11
0.00422608 0.0704346 1.01993E-10
-0.00383058 0.0638429 9.89764E-11
0.00753662 0.12561 9.9978E-11
0.0117553 0.195922 1.01395E-10
0.00832763 0.138794 9.92721E-11
-0.0159009 0.265014 1.01328E-10
0.0123705 0.206175 1.01151E-10
-0.000988771 0.0164795 1.01189E-10
0.00838623 0.13977 1.00561E-10
-0.0138647 0.231079 1.00251E-10
-0.0110229 0.183715 1.00775E-10
0.000153809 0.00256348 1.01384E-10
-0.0107446 0.179077 1.00196E-10
0.018728 0.312134 1.01072E-10
-0.0190063 0.316772 9.96216E-11
-9.5215E-05 0.00158692 9.95802E-11
0.0133373 0.222288 1.00843E-10
-0.00574952 0.0958253 1.02047E-10
-0.00785888 0.130981 9.95491E-11
0.0130151 0.216918 1.00097E-10
-0.00385987 0.0643311 1.02545E-10
0.00610108 0.101685 1.01457E-10
0.00979248 0.163208 1.00651E-10
-0.00914795 0.152466 1.01396E-10
-0.00753662 0.12561 9.99187E-11
0.00700929 0.116821 1.02569E-10
0.00652589 0.108765 9.94397E-11
0.00164795 0.0274658 1.02293E-10
-0.0116675 0.194459 9.9547E-11
-0.00850342 0.141724 1.00204E-10
-0.0157837 0.263062 1.01263E-10
-0.0144213 0.240355 9.96397E-11
0.000959473 0.0159912 9.98168E-11
-0.00596923 0.0994872 1.00515E-10
-0.00617431 0.102905 1.00422E-10
-0.00976319 0.16272 1.00628E-10
-0.00485597 0.0809328 1.0239E-10
0.0136742 0.227904 1.02426E-10
-2.19728E-05 0.000366213 1.00895E-10
-0.00167724 0.0279541 1.00662E-10
0.000388184 0.00646973 1.02194E-10
0.0129858 0.21643 1.01835E-10
0.0142455 0.237425 1.00012E-10
-0.00224854 0.0374756 1.00227E-10
0.0125023 0.208372 1.0131E-10
0.00428467 0.0714112 1.00601E-10
-0.0160766 0.267944 1.0048E-10
-0.00573487 0.0955811 1.01511E-10
-0.0257592 0.42932 1.02032E-10
-0.0026294 0.0438233 1.00372E-10
-0.0067749 0.112915 1.02427E-10
0.00079834 0.0133057 1.02133E-10
-0.010232 0.170533 1.00959E-10
-0.0035962 0.0599367 9.94546E-11
-0.0142308 0.237181 9.99047E-11
-0.000285645 0.00476075 1.01767E-10
-0.0249389 0.415648 9.86702E-11
-0.0276782 0.461303 1.0075E-10
-0.0175268 0.292113 1.01301E-10
-0.00790284 0.131714 1.01342E-10
0.00834228 0.139038 1.00133E-10
0.0123851 0.206419 1.00065E-10
-0.00136964 0.0228273 1.00585E-10
-0.0288354 0.480591 9.90037E-11
-0.000681153 0.0113526 1.00682E-10
0.0241625 0.402709 9.95358E-11
-0.0110668 0.184447 9.94731E-11
-0.0226538 0.377563 9.93015E-11
0.0104076 0.17346 1.00204E-10
3.66213E-05 0.000610354 1.01319E-10
0.000856934 0.0142822 1.0054E-10
-0.00941162 0.15686 1.0187E-10
0.00718507 0.119751 1.01357E-10
-0.0117699 0.196166 9.95948E-11
-0.01281 0.2135 1.02209E-10
-0.00296631 0.0494386 1.00541E-10
-0.0111401 0.185668 1.00117E-10
-0.0280444 0.467407 1.00752E-10
-0.000886231 0.0147705 1.00072E-10
-0.00699463 0.116577 1.01158E-10
0.00676024 0.112671 9.99695E-11
0.00201417 0.0335694 1.02476E-10
-0.00758057 0.126343 1.02418E-10
-0.00977783 0.162964 1.01508E-10
0.0140258 0.233764 1.00834E-10
-0.0164135 0.273559 1.0282E-10
-0.0104222 0.173704 9.96669E-11
0.00999755 0.166626 1.00942E-10
-0.0160474 0.267457 9.88874E-11
-0.0213501 0.355835 1.01658E-10
-0.0124877 0.208128 1.00063E-10
-0.014348 0.239134 1.01213E-10
0.00506105 0.0843508 1.00108E-10
-0.000373536 0.0062256 1.02508E-10
-0.000754395 0.0125733 9.90423E-11
0.00306886 0.0511476 1.01894E-10
0.0146264 0.243773 1.02438E-10
-0.0035083 0.0584717 1.01758E-10
0.00731691 0.121948 1.00225E-10
-0.0138207 0.230346 9.9742E-11
0.00306886 0.0511476 1.0138E-10
0.0048999 0.0816651 1.01308E-10
0.0048999 0.0816651 1.00981E-10
-0.00434326 0.0723878 9.91365E-11
0.0156372 0.26062 9.96056E-11
-0.00949952 0.158325 1.00155E-10
0.0150659 0.251098 1.01905E-10
0.000666505 0.0111084 1.02399E-10
-0.0231811 0.386352 1.00409E-10
-0.0127807 0.213012 1.02617E-10
-0.012517 0.208617 1.02946E-10
0.0137475 0.229125 1.00481E-10
-0.00576416 0.0960694 1.01103E-10
-0.00614503 0.102417 1.00619E-10
-0.0135424 0.225707 1.00143E-10
-0.00646728 0.107788 1.0192E-10
0.0236499 0.394165 1.01082E-10
