-0.00188233 0.0313721 1.02898E-09
0.00563233 0.0938721 1.04292E-09
-0.0138794 0.231323 1.04809E-09
0.000124513 0.00207521 1.00751E-09
0.0144506 0.240843 9.80038E-10
-0.00261474 0.0435791 1.07873E-09
0.00227783 0.0379639 9.48168E-10
-0.010232 0.170533 1.00777E-09
0.0134985 0.224975 9.76678E-10
-0.00270264 0.0450439 9.76564E-10
-0.00913329 0.152222 9.91427E-10
0.00889893 0.148315 1.05892E-09
0.00281982 0.0469971 9.59176E-10
0.00280518 0.0467529 1.12335E-09
-0.00678955 0.113159 9.98624E-10
-0.000695801 0.0115967 1.02879E-09
0.00787354 0.131226 1.06451E-09
0.000168458 0.00280763 1.02989E-09
-0.00633546 0.105591 1.01973E-09
0.00759522 0.126587 1.00859E-09
0.00311279 0.0518799 1.02868E-09
-0.00944092 0.157349 1.10285E-09
-0.0111987 0.186645 9.87499E-10
0.0058667 0.0977783 1.014E-09
0.00249756 0.0416259 1.0176E-09
0.0265795 0.442992 9.9826E-10
-0.00755127 0.125855 1.03767E-09
0.0205297 0.342162 9.77187E-10
0.00364015 0.0606691 1.00707E-09
0.00841553 0.140259 1.02691E-09
-0.00217529 0.0362549 1.00689E-09
-0.00903076 0.150513 1.0192E-09
0.00131103 0.0218506 1.09798E-09
0.00175048 0.0291747 1.03509E-09
-0.0109497 0.182494 1.01672E-09
0.00128173 0.0213622 9.6287E-10
-0.000183106 0.00305178 1.06143E-09
0.0050464 0.0841066 9.79559E-10
0.0139673 0.232788 1.01804E-09
0.00816649 0.136108 1.01894E-09
0.00656982 0.109497 9.78806E-10
0.00201417 0.0335694 1.04409E-09
0.00194092 0.0323486 1.04384E-09
-0.0149926 0.249878 9.91687E-10
0.00662842 0.110474 9.62989E-10
-7.32425E-06 0.000122071 9.76884E-10
0.00226319 0.0377198 9.57408E-10
-0.0115796 0.192993 9.71383E-10
0.00613038 0.102173 9.87738E-10
-0.0142748 0.237914 9.74546E-10
0.00509033 0.0848389 1.0068E-09
0.00661377 0.110229 9.57585E-10
0.00951416 0.158569 9.93049E-10
0.00365479 0.0609132 1.05619E-09
-0.00435792 0.0726319 9.73079E-10
-0.00550049 0.0916748 9.94964E-10
-0.0130444 0.217407 9.6927E-10
-0.0127367 0.212279 1.02841E-09
-0.00569092 0.0948486 9.87745E-10
0.00126709 0.0211181 1.04327E-09
-0.0133519 0.222532 1.02686E-09
0.00552979 0.0921631 1.02514E-09
-0.0035962 0.0599367 1.00639E-09
0.00421142 0.0701904 1.04516E-09
-0.00378663 0.0631104 1.00515E-09
-0.00485597 0.0809328 9.88491E-10
0.000666505 0.0111084 9.93373E-10
-0.00343507 0.0572511 1.02737E-09
0.0133812 0.223021 9.91967E-10
0.00103272 0.0172119 1.03536E-09
-0.00749268 0.124878 1.00737E-09
-0.0143334 0.23889 9.81866E-10
0.00131103 0.0218506 1.1026E-09
0.0035962 0.0599367 9.63851E-10
0.00254151 0.0423584 1.0285E-09
0.00210206 0.0350343 9.69203E-10
0.00199952 0.0333253 1.06692E-09
0.00506105 0.0843508 1.07851E-09
0.000197755 0.00329592 1.00881E-09
-0.0119604 0.19934 1.03268E-09
-0.00180909 0.0301514 9.66948E-10
-0.00273194 0.0455323 1.08871E-09
0.00982178 0.163696 1.03514E-09
-0.00279053 0.0465088 9.48088E-10
0.0103198 0.171997 1.02609E-09
-0.00804931 0.134155 1.02426E-09
-0.00183839 0.0306398 1.02677E-09
0.00443115 0.0738526 1.05438E-09
0.0100561 0.167602 9.56957E-10
0.0030542 0.0509034 1.01639E-09
-0.0117553 0.195922 1.02826E-09
-0.00618897 0.103149 1.03556E-09
0.00254151 0.0423584 1.03796E-09
0.00866454 0.144409 1.05433E-09
-0.00535401 0.0892334 9.91662E-10
0.0115943 0.193238 9.39987E-10
-0.004021 0.0670166 1.06308E-09
-0.00569092 0.0948486 1.0514E-09
0.0131761 0.219603 1.02079E-09
0.00284912 0.0474853 1.02736E-09
-0.0121801 0.203003 1.07322E-09
-0.00384522 0.064087 9.9521E-10
0.0101294 0.168823 1.01763E-09
0.00778564 0.129761 1.0276E-09
-0.00327392 0.0545654 1.03898E-09
-0.00103272 0.0172119 9.8716E-10
-0.0021167 0.0352784 1.05101E-09
0.00576416 0.0960694 1.00212E-09
0.0126928 0.211547 1.01716E-09
-0.00536865 0.0894775 1.02872E-09
-0.00847412 0.141235 1.04671E-09
0.00355225 0.0592042 1.03924E-09
0.00572021 0.0953369 1.05737E-09
0.000549317 0.00915528 1.07874E-09
-0.00374268 0.062378 1.02094E-09
0.00232177 0.0386963 9.87833E-10
0.00201417 0.0335694 9.69062E-10
0.000285645 0.00476075 1.0425E-09
0.00106201 0.0177003 9.94697E-10
0.0119165 0.198608 1.01625E-09
0.00886962 0.147827 1.00189E-09
-0.00979248 0.163208 1.07319E-09
-0.0156372 0.26062 1.03653E-09
-0.00762452 0.127075 1.01108E-09
-0.0260961 0.434936 1.01422E-09
-0.00179444 0.0299073 1.028E-09
-0.00135498 0.0225831 1.05484E-09
0.00150147 0.0250244 1.02412E-09
0.00583742 0.0972903 1.00726E-09
0.00342042 0.0570069 1.033E-09
0.00339112 0.0565187 9.78483E-10
0.0016919 0.0281983 1.00626E-09
-0.0101879 0.169799 9.96881E-10
0.000769043 0.0128174 9.76113E-10
-0.0104955 0.174925 1.00845E-09
0.00847412 0.141235 1.02813E-09
0.00280518 0.0467529 1.04826E-09
0.00866454 0.144409 1.01197E-09
-0.00103272 0.0172119 9.8632E-10
0.00784424 0.130737 1.02722E-09
0.00734619 0.122437 1.02737E-09
0.00826904 0.137817 1.02389E-09
-0.00627685 0.104614 1.0858E-09
-0.00334717 0.0557863 1.00743E-09
0.00388916 0.0648194 1.00239E-09
-0.00264405 0.0440674 1.0437E-09
0.000637208 0.0106201 9.94484E-10
-0.00336182 0.0560304 1.01068E-09
0.0147289 0.245482 9.48684E-10
0.0050464 0.0841066 1.03645E-09
-0.00847412 0.141235 1.04814E-09
-0.00235108 0.0391846 1.01453E-09
0.0166186 0.276977 9.97216E-10
0.00966064 0.161011 9.92121E-10
-0.00917725 0.152954 1.04499E-09
-0.00901611 0.150269 1.03146E-09
0.00139893 0.0233154 1.00716E-09
0.00139893 0.0233154 1.01622E-09
-0.00356691 0.0594484 9.74169E-10
0.00693604 0.115601 1.06686E-09
0.00202881 0.0338136 1.0262E-09
-0.000461426 0.00769043 1.03698E-09
-0.00223389 0.0372314 9.77882E-10
0.00232177 0.0386963 1.01376E-09
-0.000915527 0.0152588 1.03258E-09
-0.0021167 0.0352784 1.04175E-09
-0.00424072 0.0706787 1.02711E-09
-0.00261474 0.0435791 1.07026E-09
-0.00702393 0.117066 9.97371E-10
-0.00223389 0.0372314 1.0014E-09
-0.000285645 0.00476075 1.02565E-09
-0.00400634 0.0667724 1.00605E-09
0.0111694 0.186157 9.77293E-10
-0.0102905 0.171508 1.00831E-09
-0.000300294 0.00500489 1.00813E-09
-0.000959473 0.0159912 1.08246E-09
0.00574952 0.0958253 1.08004E-09
-0.000227051 0.00378418 9.92963E-10
3.66213E-05 0.000610354 9.7812E-10
-0.00785888 0.130981 1.05586E-09
0.00325927 0.0543213 9.77316E-10
-0.00476807 0.0794678 1.06394E-09
-0.00699463 0.116577 1.01671E-09
-0.000534668 0.00891113 1.03803E-09
-0.0123705 0.206175 1.06685E-09
-0.0119604 0.19934 1.06395E-09
-0.00528075 0.0880126 1.06591E-09
-0.0117992 0.196654 1.04485E-09
-0.00706787 0.117798 9.97503E-10
-0.00558837 0.0931396 1.04777E-09
0.000446778 0.0074463 1.04787E-09
0.00656982 0.109497 1.04278E-09
0.000490723 0.00817872 1.045E-09
-0.0016919 0.0281983 1.0649E-09
-0.012019 0.200317 1.0782E-09
-0.00736085 0.122681 1.01412E-09
-0.0113891 0.189819 1.04699E-09
-0.00249756 0.0416259 1.0026E-09
0.0159741 0.266236 9.96606E-10
-0.0074048 0.123413 1.02566E-09
