0.00947022 0.157837 1.38118E-10
0.00980712 0.163452 1.38297E-10
0.000212403 0.00354005 1.38086E-10
-0.00658448 0.109741 1.35233E-10
-0.0126635 0.211058 1.37563E-10
-0.00646728 0.107788 1.37551E-10
-0.000593263 0.00988771 1.38545E-10
0.0195922 0.326537 1.37851E-10
-0.0191235 0.318724 1.38786E-10
0.00985107 0.164185 1.34577E-10
0.00106201 0.0177003 1.36669E-10
-0.000637208 0.0106201 1.38349E-10
0.0213061 0.355102 1.35442E-10
-0.0234302 0.390503 1.37938E-10
-6.59183E-05 0.00109864 1.37855E-10
0.00697999 0.116333 1.37939E-10
-9.5215E-05 0.00158692 1.34822E-10
0.0106127 0.176878 1.3496E-10
0.00221924 0.0369873 1.37952E-10
0.00287842 0.0479736 1.38791E-10
-0.0201782 0.336303 1.36313E-10
0.00198486 0.0330811 1.35833E-10
0.00668701 0.11145 1.37974E-10
-0.00585206 0.0975343 1.38209E-10
0.00794677 0.132446 1.37394E-10
0.0243237 0.405395 1.39762E-10
0.0054419 0.0906983 1.34441E-10
0.0173803 0.289672 1.38838E-10
0.0026294 0.0438233 1.38343E-10
-0.00202881 0.0338136 1.39532E-10
-0.00970459 0.161743 1.39049E-10
-0.00409423 0.0682372 1.34773E-10
0.0100268 0.167113 1.34468E-10
0.00746339 0.12439 1.38293E-10
-0.0228443 0.380738 1.39131E-10
-0.000930176 0.0155029 1.37666E-10
0.0112573 0.187622 1.38357E-10
0.00459228 0.0765381 1.36158E-10
-0.00561767 0.0936279 1.37896E-10
-0.00859131 0.143188 1.36006E-10
0.00170654 0.0284423 1.38706E-10
0.0176 0.293334 1.35829E-10
-0.0202367 0.337279 1.37544E-10
-0.00292237 0.0487061 1.39105E-10
-0.00611573 0.101929 1.37472E-10
0.0213647 0.356078 1.38311E-10
-0.00311279 0.0518799 1.36565E-10
0.015725 0.262084 1.35431E-10
-0.0110522 0.184203 1.34191E-10
-0.00308351 0.0513918 1.38245E-10
-0.0067456 0.112427 1.37172E-10
0.0106713 0.177855 1.35831E-10
0.00557372 0.0928954 1.38469E-10
0.017849 0.297484 1.38395E-10
-0.0117114 0.195191 1.35661E-10
0.00202881 0.0338136 1.39255E-10
-0.00561767 0.0936279 1.38084E-10
-0.00794677 0.132446 1.38239E-10
-0.000944824 0.0157471 1.35669E-10
0.0190209 0.317015 1.38813E-10
-0.000725098 0.012085 1.37877E-10
0.00437257 0.0728761 1.34268E-10
-0.00208742 0.0347903 1.3815E-10
-0.000461426 0.00769043 1.38083E-10
0.0105101 0.175169 1.36883E-10
0.0151098 0.251831 1.34906E-10
-0.0117846 0.19641 1.35824E-10
0.0105688 0.176147 1.36E-10
0.0135864 0.226439 1.3634E-10
-0.0203979 0.339965 1.37722E-10
-0.00126709 0.0211181 1.37097E-10
0.0115064 0.191773 1.36706E-10
0.00424072 0.0706787 1.38029E-10
-0.00542725 0.0904541 1.38353E-10
0.00186768 0.0311279 1.35491E-10
0.00103272 0.0172119 1.39216E-10
-0.00999755 0.166626 1.36343E-10
-0.0199732 0.332887 1.34776E-10
0.00147217 0.0245361 1.38974E-10
-0.00762452 0.127075 1.34309E-10
0.00459228 0.0765381 1.3862E-10
-0.0194165 0.323608 1.35264E-10
0.0115503 0.192505 1.34937E-10
0.00261474 0.0435791 1.39087E-10
-0.0116382 0.19397 1.38318E-10
-0.00923584 0.153931 1.38281E-10
-0.0137475 0.229125 1.39273E-10
0.00911865 0.151977 1.35052E-10
-0.00891357 0.14856 1.36413E-10
0.00199952 0.0333253 1.35001E-10
-0.00560302 0.0933837 1.38017E-10
0.0171606 0.28601 1.38749E-10
0.000578614 0.00964357 1.35486E-10
0.000168458 0.00280763 1.33703E-10
-0.00150147 0.0250244 1.36973E-10
0.00952881 0.158813 1.37569E-10
-0.00107666 0.0179443 1.35803E-10
-0.0142162 0.236937 1.34355E-10
-0.00756592 0.126099 1.37882E-10
0.0011792 0.0196533 1.36698E-10
0.00107666 0.0179443 1.37318E-10
0.00043213 0.00720217 1.37732E-10
-0.0137915 0.229858 1.36429E-10
-0.00509033 0.0848389 1.38224E-10
0.00829834 0.138306 1.33905E-10
0.00705322 0.117554 1.38574E-10
0.00164795 0.0274658 1.34863E-10
-0.00497315 0.0828858 1.37807E-10
-0.00346436 0.0577393 1.37797E-10
-0.00850342 0.141724 1.38695E-10
-0.0002417 0.00402833 1.38371E-10
0.0090454 0.150757 1.38452E-10
0.0152856 0.25476 1.38398E-10
0.00595459 0.0992432 1.37652E-10
0.0144799 0.241332 1.39023E-10
-0.00687744 0.114624 1.36689E-10
0.00236572 0.0394287 1.36052E-10
0.00733155 0.122193 1.37653E-10
0.00699463 0.116577 1.38589E-10
-0.0102612 0.17102 1.34703E-10
-0.00509033 0.0848389 1.33976E-10
0.00365479 0.0609132 1.39171E-10
-0.0103491 0.172485 1.3863E-10
0.00469482 0.0782471 1.34805E-10
-0.00176514 0.0294189 1.37661E-10
-0.0299633 0.499389 1.38142E-10
0.00422608 0.0704346 1.36495E-10
0.00369873 0.0616456 1.3788E-10
-0.00911865 0.151977 1.37767E-10
0.00406495 0.0677491 1.39222E-10
0.00377197 0.0628662 1.36037E-10
0.0135277 0.225463 1.37961E-10
0.0195922 0.326537 1.37522E-10
-0.00158936 0.0264893 1.33374E-10
-0.00646728 0.107788 1.38545E-10
-0.00607177 0.101196 1.37897E-10
-0.000856934 0.0142822 1.3768E-10
-0.00564698 0.0941163 1.39385E-10
-0.00949952 0.158325 1.37759E-10
0.00925048 0.154175 1.38291E-10
-0.00944092 0.157349 1.382E-10
-0.0158715 0.264526 1.36219E-10
0.0301684 0.502807 1.38474E-10
0.0066577 0.110962 1.37867E-10
0.00330322 0.0550537 1.38502E-10
0.00778564 0.129761 1.36879E-10
-0.00705322 0.117554 1.35097E-10
0.00879639 0.146606 1.38023E-10
-0.0111547 0.185913 1.34961E-10
-0.016809 0.280151 1.38622E-10
-0.0128246 0.213744 1.38381E-10
-0.0119604 0.19934 1.3814E-10
0.00352296 0.0587159 1.38147E-10
0.0128246 0.213744 1.37504E-10
0.0186108 0.31018 1.38831E-10
-0.010144 0.169067 1.34406E-10
-0.00321533 0.0535889 1.35782E-10
0.0179955 0.299926 1.38463E-10
0.0063501 0.105835 1.38064E-10
-0.0160913 0.268188 1.36734E-10
0.00446046 0.0743409 1.39795E-10
0.000769043 0.0128174 1.37675E-10
0.00901611 0.150269 1.38783E-10
0.0154174 0.256957 1.34445E-10
-0.00246826 0.0411377 1.34E-10
0.00298097 0.0496828 1.3895E-10
0.0122827 0.204712 1.39046E-10
-0.00832763 0.138794 1.34435E-10
0.00648194 0.108032 1.38239E-10
0.000227051 0.00378418 1.39267E-10
-0.00175048 0.0291747 1.37949E-10
-0.025979 0.432983 1.37873E-10
0.00473877 0.0789796 1.38599E-10
0.0160913 0.268188 1.38503E-10
-0.00958741 0.15979 1.36205E-10
-0.00233642 0.0389404 1.39057E-10
0.0244701 0.407835 1.37815E-10
0.000666505 0.0111084 1.34343E-10
2.19728E-05 0.000366213 1.3558E-10
0.000563965 0.00939942 1.38626E-10
-0.0139526 0.232543 1.35946E-10
0.00129639 0.0216064 1.35811E-10
-0.0059253 0.0987549 1.34476E-10
0.00741945 0.123657 1.39287E-10
-0.0102758 0.171264 1.37421E-10
-0.00785888 0.130981 1.38008E-10
-0.00175048 0.0291747 1.34281E-10
-0.00301026 0.0501711 1.36821E-10
-0.00982178 0.163696 1.36038E-10
-0.00344971 0.0574952 1.39373E-10
-0.0126342 0.21057 1.37911E-10
0.00872314 0.145386 1.37423E-10
-0.0186401 0.310668 1.40181E-10
0.00785888 0.130981 1.39132E-10
0.00758057 0.126343 1.38244E-10
-0.00646728 0.107788 1.35443E-10
0.0107446 0.179077 1.3932E-10
0.0163696 0.272827 1.38238E-10
-0.00487061 0.0811768 1.37843E-10
0.00346436 0.0577393 1.38484E-10
