-0.00996824 0.166137 7.70353E-11
-0.00696533 0.116089 7.65843E-11
-0.00911865 0.151977 7.77491E-11
0.0105541 0.175903 7.62413E-11
0.00415284 0.0692139 7.68799E-11
0.0166333 0.277222 7.67585E-11
0.00296631 0.0494386 7.73599E-11
0.0138647 0.231079 7.66515E-11
0.00500245 0.0833741 7.7135E-11
0.00834228 0.139038 7.70311E-11
0.000300294 0.00500489 7.70872E-11
0.00444581 0.0740968 7.74767E-11
-0.00473877 0.0789796 7.64834E-11
-0.0116089 0.193482 7.71411E-11
0.0054419 0.0906983 7.77307E-11
0.000695801 0.0115967 7.81124E-11
0.00488525 0.0814209 7.71846E-11
0.00927978 0.154663 7.76237E-11
0.00662842 0.110474 7.61175E-11
6.59183E-05 0.00109864 7.56887E-11
-0.0107446 0.179077 7.65141E-11
0.00708252 0.118042 7.78399E-11
0.000490723 0.00817872 7.75746E-11
0.00101806 0.0169677 7.75991E-11
0.00629151 0.104858 7.64146E-11
0.00485597 0.0809328 7.74415E-11
0.00636475 0.106079 7.62237E-11
0.00999755 0.166626 7.82724E-11
-0.0183471 0.305786 7.71077E-11
0.000842286 0.0140381 7.78895E-11
0.00450441 0.0750734 7.66172E-11
-0.00145751 0.0242919 7.7175E-11
-0.00651124 0.108521 7.77557E-11
0.0022046 0.0367433 7.81199E-11
-0.00358156 0.0596926 7.69145E-11
-0.00479736 0.0799561 7.79215E-11
-0.012517 0.208617 7.77633E-11
-0.00447511 0.0745851 7.81013E-11
-0.00960205 0.160034 7.79039E-11
6.59183E-05 0.00109864 7.83348E-11
0.00372804 0.0621339 7.77632E-11
0.0122534 0.204223 7.81449E-11
0.00816649 0.136108 7.60105E-11
0.0100854 0.16809 7.64329E-11
-0.00816649 0.136108 7.61122E-11
-0.00478271 0.0797119 7.73844E-11
0.0108178 0.180297 7.62374E-11
-0.026682 0.444701 7.71015E-11
0.00243897 0.0406496 7.73075E-11
0.00375733 0.0626221 7.80999E-11
0.00145751 0.0242919 7.75826E-11
-0.00427003 0.0711671 7.77475E-11
0.0016626 0.0277099 7.60892E-11
-0.000563965 0.00939942 7.75745E-11
0.0067749 0.112915 7.75611E-11
-0.00410888 0.0684814 7.76256E-11
0.0274146 0.45691 7.75124E-11
0.00279053 0.0465088 7.6828E-11
0.000109864 0.00183106 7.64597E-11
-8.05667E-05 0.00134278 7.82285E-11
0.00513429 0.0855714 7.80902E-11
0.00648194 0.108032 7.79318E-11
0.00281982 0.0469971 7.63628E-11
-0.0025122 0.0418701 7.71988E-11
0.00145751 0.0242919 7.71225E-11
-0.00484132 0.0806886 7.65813E-11
-0.00636475 0.106079 7.62442E-11
0.00154541 0.0257568 7.62577E-11
0.00468018 0.078003 7.69898E-11
0.00422608 0.0704346 7.76125E-11
0.00302491 0.0504153 7.74696E-11
0.00403565 0.0672608 7.74823E-11
-0.0153588 0.25598 7.80778E-11
0.00254151 0.0423584 7.69456E-11
0.0116822 0.194703 7.73784E-11
0.00176514 0.0294189 7.7244E-11
0.00142822 0.0238037 7.7273E-11
0.0154614 0.25769 7.66905E-11
0.00267333 0.0445556 7.80116E-11
0.00684814 0.114136 7.76879E-11
0.00261474 0.0435791 7.73653E-11
0.00185303 0.0308838 7.73979E-11
-0.00853271 0.142212 7.77627E-11
0.0138794 0.231323 7.77813E-11
-0.00451906 0.0753176 7.76808E-11
0.0115064 0.191773 7.67031E-11
0.0169701 0.282835 7.75677E-11
0.00796143 0.13269 7.76691E-11
-0.00485597 0.0809328 7.67499E-11
-0.00134034 0.0223389 7.77155E-11
0.00479736 0.0799561 7.82259E-11
0.00435792 0.0726319 7.74409E-11
-0.00369873 0.0616456 7.77317E-11
0.00573487 0.0955811 7.71646E-11
0.0096753 0.161255 7.76457E-11
0.000314942 0.00524903 7.76237E-11
0.0151684 0.252808 7.77E-11
-0.00762452 0.127075 7.58234E-11
-0.00239503 0.0399171 7.64812E-11
0.00714112 0.119019 7.63456E-11
0.00114991 0.0191651 7.78647E-11
0.00145751 0.0242919 7.75957E-11
-0.0114917 0.191529 7.7054E-11
0.000329591 0.00549318 7.68896E-11
0.00135498 0.0225831 7.64641E-11
-0.00114991 0.0191651 7.79476E-11
0.0087085 0.145142 7.69837E-11
-0.00875243 0.145874 7.76577E-11
0.00963134 0.160522 7.75121E-11
-0.00999755 0.166626 7.66717E-11
-0.00888428 0.148071 7.73701E-11
0.0105688 0.176147 7.73683E-11
-0.00301026 0.0501711 7.92495E-11
0.010891 0.181517 7.75337E-11
0.0022046 0.0367433 7.683E-11
0.00926514 0.154419 7.64907E-11
-0.00381592 0.0635987 7.75515E-11
-0.00941162 0.15686 7.66994E-11
0.00302491 0.0504153 7.74033E-11
-0.00955811 0.159302 7.76889E-11
0.0104662 0.174437 7.65389E-11
0.0204125 0.340209 7.72236E-11
-0.0125756 0.209593 7.70295E-11
0.00197021 0.0328369 7.78274E-11
-0.012019 0.200317 7.75448E-11
0.00739014 0.123169 7.66911E-11
-0.00415284 0.0692139 7.79326E-11
0.00330322 0.0550537 7.7421E-11
0.0026001 0.0433349 7.76432E-11
0.00104737 0.0174561 7.67827E-11
-0.000754395 0.0125733 7.78123E-11
0.00177978 0.0296631 7.72122E-11
-0.00396242 0.0660403 7.60332E-11
-0.00284912 0.0474853 7.69705E-11
-0.0140845 0.234742 7.79436E-11
-0.000944824 0.0157471 7.78484E-11
0.0130737 0.217896 7.6364E-11
0.00387452 0.0645753 7.78147E-11
0.0166625 0.277709 7.7283E-11
0.00195557 0.0325928 7.77446E-11
0.00131103 0.0218506 7.74449E-11
-0.00173584 0.0289306 7.80231E-11
-0.0114038 0.190063 7.78264E-11
0.0162231 0.270386 7.67844E-11
0.00353761 0.0589601 7.68156E-11
-0.00570557 0.0950928 7.79111E-11
-0.00312745 0.0521241 7.73441E-11
0.00563233 0.0938721 7.78044E-11
0.00823974 0.137329 7.65423E-11
-0.00639406 0.106568 7.69028E-11
-0.00440185 0.0733642 7.6752E-11
0.00929443 0.154907 7.66813E-11
-0.00320068 0.0533448 7.75003E-11
0.00123779 0.0206298 7.7169E-11
0.0141137 0.235228 7.64806E-11
-0.0021167 0.0352784 7.59431E-11
-0.00460694 0.0767823 7.67084E-11
-0.0127221 0.212035 7.68794E-11
0.00721437 0.120239 7.76548E-11
-0.00315674 0.0526123 7.73473E-11
0.00605713 0.100952 7.78908E-11
-0.00596923 0.0994872 7.75615E-11
-0.00365479 0.0609132 7.73983E-11
-0.00119385 0.0198974 7.75047E-11
-0.00697999 0.116333 7.68121E-11
0.00368409 0.0614015 7.76554E-11
-0.00561767 0.0936279 7.77792E-11
0.00787354 0.131226 7.78616E-11
0.0104516 0.174193 7.69577E-11
0.00302491 0.0504153 7.70243E-11
-0.0011792 0.0196533 7.80591E-11
-0.0131176 0.218628 7.73361E-11
-0.00563233 0.0938721 7.77536E-11
-0.000974122 0.0162354 7.76661E-11
0.000314942 0.00524903 7.69126E-11
-0.00498779 0.0831299 7.73102E-11
-0.00295167 0.0491944 7.73507E-11
0.0120336 0.200561 7.74309E-11
-0.00113525 0.0189209 7.82096E-11
-0.00103272 0.0172119 7.7081E-11
-0.00177978 0.0296631 7.79308E-11
-0.0125756 0.209593 7.792E-11
0.00236572 0.0394287 7.74665E-11
0.00308351 0.0513918 7.74313E-11
0.00320068 0.0533448 7.7716E-11
-0.00199952 0.0333253 7.72325E-11
-0.00424072 0.0706787 7.76769E-11
-0.00446046 0.0743409 7.65686E-11
0.00651124 0.108521 7.67258E-11
0.00279053 0.0465088 7.67649E-11
0.0154906 0.258178 7.6741E-11
0.00252685 0.0421142 7.71456E-11
-0.00238038 0.0396729 7.6126E-11
-0.0123998 0.206663 7.6466E-11
-0.029436 0.4906 7.76727E-11
-0.000300294 0.00500489 7.76366E-11
-0.00320068 0.0533448 7.76084E-11
-0.0059253 0.0987549 7.73999E-11
-0.00577881 0.0963136 7.75827E-11
-0.00207276 0.0345461 7.81066E-11
