0.0107446 0.179077 6.69751E-11
0.0190209 0.317015 6.76326E-11
0.0129272 0.215453 6.68729E-11
-0.00462159 0.0770264 6.84554E-11
-0.00195557 0.0325928 6.88793E-11
-0.0103783 0.172972 6.71881E-11
0.0163256 0.272093 6.87423E-11
-0.00696533 0.116089 6.73438E-11
0.001604 0.0267334 6.88317E-11
0.0165014 0.275023 6.88172E-11
-0.00353761 0.0589601 6.83905E-11
-0.0111108 0.185181 6.69026E-11
0.0151831 0.253052 6.70074E-11
0.00396242 0.0660403 6.82905E-11
-0.00361086 0.0601809 6.87777E-11
-0.00312745 0.0521241 6.75008E-11
0.0155053 0.258422 6.70842E-11
-0.00840087 0.140015 6.80779E-11
-0.0115356 0.192261 6.77579E-11
0.00989501 0.164917 6.84459E-11
-0.00882567 0.147095 6.87373E-11
0.00189697 0.0316162 6.88102E-11
-0.00484132 0.0806886 6.71672E-11
0.00730226 0.121704 6.88215E-11
-0.0135864 0.226439 6.7406E-11
-0.0030542 0.0509034 6.70843E-11
0.00330322 0.0550537 6.71903E-11
-0.00879639 0.146606 6.89059E-11
-0.00343507 0.0572511 6.84128E-11
-0.004021 0.0670166 6.85783E-11
0.0345336 0.575561 6.88963E-11
-0.0050171 0.0836183 6.8163E-11
0.00397706 0.0662843 6.6997E-11
-0.00284912 0.0474853 6.83485E-11
0.00440185 0.0733642 6.84135E-11
0.00996824 0.166137 6.72721E-11
0.00460694 0.0767823 6.70148E-11
-0.00236572 0.0394287 6.88271E-11
-0.000549317 0.00915528 6.78977E-11
-0.00648194 0.108032 6.78948E-11
0.00364015 0.0606691 6.85094E-11
-0.00216065 0.0360108 6.8731E-11
-0.0107738 0.179564 6.86484E-11
-0.00216065 0.0360108 6.69922E-11
-0.00138428 0.0230713 6.70283E-11
-0.00239503 0.0399171 6.9161E-11
-0.0162231 0.270386 6.87649E-11
0.0129711 0.216186 6.76485E-11
0.0049292 0.0821534 6.84451E-11
0.0107299 0.178832 6.76993E-11
-0.0146557 0.244262 6.86678E-11
-0.00435792 0.0726319 6.84163E-11
0.0016626 0.0277099 6.76742E-11
-0.00431397 0.0718994 6.84384E-11
-0.0052954 0.0882567 6.85666E-11
-0.00730226 0.121704 6.78971E-11
-0.0112427 0.187378 6.74681E-11
0.00284912 0.0474853 6.85406E-11
-0.000402833 0.00671388 6.70242E-11
-0.00804931 0.134155 6.90396E-11
0.00242432 0.0404054 6.84581E-11
-0.000490723 0.00817872 6.89248E-11
0.00711183 0.11853 6.83604E-11
-0.0169409 0.282348 6.78999E-11
0.0202954 0.338257 6.7763E-11
-0.0011792 0.0196533 6.73051E-11
-0.00531006 0.0885009 6.94095E-11
0.00229249 0.0382081 6.74726E-11
-0.000725098 0.012085 6.73878E-11
-0.00324463 0.0540772 6.85422E-11
0.0131615 0.219358 6.72952E-11
-0.00488525 0.0814209 6.71386E-11
-0.00246826 0.0411377 6.7238E-11
0.00976319 0.16272 6.85258E-11
-0.0127954 0.213256 6.70211E-11
0.0105688 0.176147 6.83199E-11
-0.00954345 0.159058 6.81407E-11
-0.00872314 0.145386 6.87708E-11
0.0110376 0.183959 6.69373E-11
-0.00179444 0.0299073 6.89831E-11
0.00163329 0.0272216 6.84692E-11
0.00709717 0.118286 6.70359E-11
0.00425537 0.0709229 6.84858E-11
0.00897217 0.149536 6.92025E-11
0.00280518 0.0467529 6.82459E-11
-0.00110596 0.0184326 6.75603E-11
-0.00434326 0.0723878 6.85254E-11
0.00122315 0.0203858 6.73104E-11
0.00139893 0.0233154 6.86147E-11
-0.0137768 0.229613 6.84923E-11
-0.00719972 0.119995 6.86481E-11
0.000578614 0.00964357 6.8372E-11
0.0129272 0.215453 6.82564E-11
0.0068335 0.113892 6.83411E-11
-0.00676024 0.112671 6.83042E-11
-0.00576416 0.0960694 6.71245E-11
-0.0110376 0.183959 6.74294E-11
0.0109936 0.183227 6.81838E-11
0.00141357 0.0235596 6.88732E-11
0.00519286 0.0865477 6.81643E-11
-0.0172777 0.287962 6.82332E-11
0.000695801 0.0115967 6.8605E-11
-0.00148682 0.0247803 6.89827E-11
0.0010913 0.0181884 6.8709E-11
0.00293702 0.0489503 6.69543E-11
0.00257079 0.0428466 6.84754E-11
-0.00142822 0.0238037 6.70091E-11
-0.0100707 0.167846 6.84577E-11
0.000183106 0.00305178 6.85425E-11
-0.00188233 0.0313721 6.84588E-11
-0.00312745 0.0521241 6.77198E-11
-0.00249756 0.0416259 6.83487E-11
-0.00837157 0.139526 6.85448E-11
-0.0145385 0.242308 6.70344E-11
-0.00941162 0.15686 6.69711E-11
0.00156005 0.0260009 6.6976E-11
-0.0110082 0.183471 6.84098E-11
0.00533936 0.0889893 6.69763E-11
0.000314942 0.00524903 6.86153E-11
0.0204272 0.340453 6.96409E-11
-0.0101879 0.169799 6.90148E-11
-0.00747804 0.124634 6.84488E-11
0.010935 0.18225 6.81509E-11
-0.000212403 0.00354005 6.85382E-11
0.00318604 0.0531006 6.84641E-11
-0.00542725 0.0904541 6.83892E-11
0.00468018 0.078003 6.85911E-11
-0.000959473 0.0159912 6.8425E-11
-0.00741945 0.123657 6.84366E-11
-0.0127221 0.212035 6.73977E-11
-0.00640871 0.106812 6.85617E-11
0.00882567 0.147095 6.85015E-11
-0.00183839 0.0306398 6.87744E-11
-0.000183106 0.00305178 6.86602E-11
-0.0138647 0.231079 6.72672E-11
-0.0184204 0.307007 6.8274E-11
0.000314942 0.00524903 6.8712E-11
0.00487061 0.0811768 6.83776E-11
-0.00700929 0.116821 6.7949E-11
-0.0153735 0.256224 6.73549E-11
0.00494386 0.0823976 6.83481E-11
-0.00881103 0.146851 6.7115E-11
0.00364015 0.0606691 6.84982E-11
0.0140258 0.233764 6.73363E-11
-0.0128832 0.214721 6.8588E-11
-0.0215698 0.359497 6.89321E-11
-0.0163696 0.272827 6.76283E-11
-0.000139161 0.00231935 6.83331E-11
-0.021394 0.356567 6.85177E-11
0.00617431 0.102905 6.87615E-11
0.000959473 0.0159912 6.87157E-11
-0.00229249 0.0382081 6.71954E-11
-0.0202367 0.337279 6.83292E-11
0.0176733 0.294555 6.7244E-11
-0.00287842 0.0479736 6.85858E-11
-0.0104369 0.173948 6.73826E-11
0.0109057 0.181762 6.85809E-11
0.00372804 0.0621339 6.85929E-11
-0.00257079 0.0428466 6.8708E-11
0.000461426 0.00769043 6.80195E-11
0.00416749 0.0694581 6.70158E-11
-0.000871582 0.0145264 6.8861E-11
0.0144652 0.241087 6.84307E-11
0.00454836 0.0758059 6.83144E-11
-5.12697E-05 0.000854496 6.71298E-11
-0.017849 0.297484 6.85488E-11
0.00134034 0.0223389 6.75748E-11
0.00642336 0.107056 6.83702E-11
-0.0101294 0.168823 6.89805E-11
-0.00470948 0.0784913 6.90384E-11
0.00998289 0.166381 6.83363E-11
-0.000812989 0.0135498 6.82178E-11
0.0067749 0.112915 6.8497E-11
0.00298097 0.0496828 6.85176E-11
0.00585206 0.0975343 6.89468E-11
0.00513429 0.0855714 6.89276E-11
-0.0116382 0.19397 6.84528E-11
-0.0100268 0.167113 6.843E-11
0.0208373 0.347288 6.86152E-11
-0.00741945 0.123657 6.7681E-11
-0.0121216 0.202027 6.89552E-11
-0.00296631 0.0494386 6.86154E-11
-0.00407959 0.0679932 6.68806E-11
-0.00497315 0.0828858 6.86391E-11
0.00916259 0.15271 6.71948E-11
-0.0053247 0.0887451 6.84334E-11
-0.0124584 0.20764 6.84203E-11
-0.00579347 0.0965578 6.73116E-11
0.00702393 0.117066 6.80347E-11
0.000754395 0.0125733 6.84734E-11
0.00791749 0.131958 6.86456E-11
0.00425537 0.0709229 6.7301E-11
0.00829834 0.138306 6.82155E-11
-0.000827638 0.013794 6.84281E-11
-0.00132569 0.0220948 6.84756E-11
0.0105101 0.175169 6.80694E-11
-0.00695068 0.115845 6.84146E-11
-0.00216065 0.0360108 6.70323E-11
0.00700929 0.116821 6.84687E-11
-0.0035962 0.0599367 6.84589E-11
