0.00857665 0.142944 6.6524E-11
-0.00497315 0.0828858 6.69186E-11
0.00466554 0.0777589 6.48064E-11
0.0145385 0.242308 6.47207E-11
0.0200903 0.334839 6.6014E-11
0.00627685 0.104614 6.6493E-11
0.00662842 0.110474 6.54005E-11
-0.00340576 0.0567628 6.66547E-11
-0.00525147 0.0875244 6.50363E-11
-0.021101 0.351683 6.45153E-11
-0.016853 0.280883 6.66637E-11
0.0163696 0.272827 6.47202E-11
-0.00614503 0.102417 6.6379E-11
0.00936767 0.156128 6.65809E-11
0.0125463 0.209105 6.51721E-11
-0.00388916 0.0648194 6.46768E-11
0.00478271 0.0797119 6.65583E-11
-0.00763916 0.127319 6.67456E-11
-0.00396242 0.0660403 6.63956E-11
0.00298097 0.0496828 6.6743E-11
-0.00106201 0.0177003 6.4883E-11
-0.00238038 0.0396729 6.472E-11
-0.00460694 0.0767823 6.66244E-11
0.00511963 0.0853273 6.63938E-11
0.00787354 0.131226 6.64689E-11
-0.00252685 0.0421142 6.44525E-11
0.00295167 0.0491944 6.6524E-11
0.00309815 0.0516358 6.47841E-11
0.00859131 0.143188 6.63917E-11
-0.00208742 0.0347903 6.51716E-11
-0.0154174 0.256957 6.63052E-11
-0.00336182 0.0560304 6.65336E-11
-0.00973389 0.162231 6.63151E-11
-0.00320068 0.0533448 6.546E-11
0.0050464 0.0841066 6.43267E-11
-0.0115356 0.192261 6.52634E-11
0.00188233 0.0313721 6.4922E-11
0.0174389 0.290648 6.44925E-11
-0.00583742 0.0972903 6.6546E-11
0.00684814 0.114136 6.62717E-11
0.00438721 0.0731202 6.47137E-11
-0.010891 0.181517 6.59617E-11
0.00491456 0.0819093 6.45847E-11
-0.0135131 0.225218 6.50911E-11
0.0175122 0.29187 6.46181E-11
-0.0166039 0.276732 6.60495E-11
0.004563 0.07605 6.61056E-11
-0.0148901 0.248168 6.65967E-11
-0.0118139 0.196898 6.63656E-11
-0.0160034 0.266723 6.5187E-11
0.00539795 0.0899658 6.49415E-11
-0.00479736 0.0799561 6.6213E-11
-0.00881103 0.146851 6.64658E-11
-0.00706787 0.117798 6.62526E-11
-0.0115796 0.192993 6.66535E-11
-0.00719972 0.119995 6.65004E-11
0.0187866 0.31311 6.66225E-11
0.00731691 0.121948 6.66837E-11
0.0135131 0.225218 6.64109E-11
-0.000109864 0.00183106 6.48226E-11
0.0050464 0.0841066 6.62747E-11
0.00239503 0.0399171 6.66443E-11
-0.00722901 0.120484 6.65581E-11
-0.00368409 0.0614015 6.48144E-11
-0.00506105 0.0843508 6.63169E-11
-0.00822509 0.137085 6.60611E-11
-0.0123266 0.205443 6.48345E-11
-0.00179444 0.0299073 6.61769E-11
0.00927978 0.154663 6.49899E-11
0.0031421 0.0523683 6.47836E-11
0.00043213 0.00720217 6.6407E-11
0.0058667 0.0977783 6.66962E-11
-0.00330322 0.0550537 6.65666E-11
0.0150513 0.250855 6.48765E-11
-0.00637941 0.106323 6.61315E-11
0.0138354 0.23059 6.47189E-11
-0.00717042 0.119507 6.6361E-11
0.00695068 0.115845 6.55507E-11
-0.00715576 0.119263 6.66521E-11
0.000944824 0.0157471 6.49433E-11
-0.00944092 0.157349 6.46346E-11
-0.00775635 0.129272 6.47288E-11
-0.0106274 0.177123 6.6662E-11
0.00432862 0.0721436 6.64538E-11
0.00173584 0.0289306 6.53348E-11
-0.000974122 0.0162354 6.49639E-11
0.0176586 0.294311 6.5114E-11
-0.000109864 0.00183106 6.54927E-11
-0.00397706 0.0662843 6.64272E-11
-0.012473 0.207884 6.64466E-11
0.009646 0.160767 6.64216E-11
0.0128393 0.213988 6.67734E-11
0.00425537 0.0709229 6.66768E-11
0.0109643 0.182738 6.47058E-11
0.00888428 0.148071 6.72737E-11
-0.00425537 0.0709229 6.69697E-11
0.0189038 0.315064 6.62078E-11
-0.0101879 0.169799 6.69825E-11
-0.0109643 0.182738 6.48737E-11
-0.0102758 0.171264 6.49377E-11
-0.00506105 0.0843508 6.57805E-11
-0.0072583 0.120972 6.54492E-11
-0.00837157 0.139526 6.64828E-11
0.0140845 0.234742 6.49021E-11
0.000153809 0.00256348 6.65657E-11
-0.0090454 0.150757 6.66922E-11
0.00110596 0.0184326 6.53386E-11
-0.00517822 0.0863037 6.65794E-11
-0.00485597 0.0809328 6.58185E-11
0.00577881 0.0963136 6.66602E-11
-0.0119457 0.199096 6.66197E-11
-0.00120849 0.0201416 6.66208E-11
-0.00062256 0.010376 6.6438E-11
0.00714112 0.119019 6.51676E-11
0.00615967 0.102661 6.64558E-11
-0.000139161 0.00231935 6.50333E-11
0.000915527 0.0152588 6.5031E-11
-0.0155932 0.259887 6.5684E-11
-0.0138354 0.23059 6.52797E-11
0.00380127 0.0633546 6.67915E-11
-0.00545655 0.0909424 6.52234E-11
-0.00567626 0.0946044 6.62981E-11
-0.00397706 0.0662843 6.47456E-11
0.0130737 0.217896 6.48336E-11
0.00990965 0.165161 6.51532E-11
-0.0142162 0.236937 6.51458E-11
-0.00598389 0.0997314 6.49966E-11
0.0136596 0.22766 6.64889E-11
0.00797607 0.132935 6.66223E-11
-0.0217017 0.361695 6.4717E-11
0.00570557 0.0950928 6.69166E-11
0.0102466 0.170777 6.63498E-11
0.00229249 0.0382081 6.46062E-11
-0.00391847 0.0653078 6.58879E-11
-0.00974853 0.162476 6.62311E-11
0.00413818 0.0689697 6.65833E-11
-0.0109057 0.181762 6.4886E-11
-0.00416749 0.0694581 6.47568E-11
0.0123851 0.206419 6.65561E-11
-0.0137915 0.229858 6.52136E-11
0.00601318 0.10022 6.50424E-11
-0.0054419 0.0906983 6.66483E-11
0.00214601 0.0357668 6.66021E-11
-0.00866454 0.144409 6.67275E-11
0.00762452 0.127075 6.66182E-11
-0.00570557 0.0950928 6.47464E-11
0.0113452 0.189087 6.47579E-11
-0.00207276 0.0345461 6.51409E-11
-0.00482666 0.0804444 6.60875E-11
0.0156811 0.261352 6.50684E-11
-0.0189771 0.316285 6.50886E-11
0.00564698 0.0941163 6.47705E-11
0.00793213 0.132202 6.469E-11
0.00473877 0.0789796 6.5259E-11
-0.00071045 0.0118408 6.49201E-11
-0.01385 0.230834 6.63451E-11
0.00702393 0.117066 6.48E-11
0.00432862 0.0721436 6.66112E-11
0.00191162 0.0318603 6.4807E-11
0.00236572 0.0394287 6.46797E-11
-0.0063501 0.105835 6.644E-11
-0.0157983 0.263305 6.55962E-11
0.00147217 0.0245361 6.47431E-11
-0.00422608 0.0704346 6.48882E-11
-0.0163696 0.272827 6.59875E-11
0.00132569 0.0220948 6.66133E-11
-0.00533936 0.0889893 6.63354E-11
0.0156078 0.260131 6.63994E-11
-0.000886231 0.0147705 6.70668E-11
0.0049292 0.0821534 6.52274E-11
0.010891 0.181517 6.51433E-11
-0.00473877 0.0789796 6.50249E-11
-0.0167358 0.27893 6.6394E-11
-0.00503175 0.0838624 6.4824E-11
0.0110082 0.183471 6.6638E-11
0.00595459 0.0992432 6.66887E-11
-0.0066577 0.110962 6.49861E-11
-0.00369873 0.0616456 6.64474E-11
0.00782959 0.130493 6.65555E-11
0.00374268 0.062378 6.55073E-11
-0.00101806 0.0169677 6.54571E-11
-0.009646 0.160767 6.66604E-11
-0.00327392 0.0545654 6.51573E-11
0.00443115 0.0738526 6.65425E-11
0.00772705 0.128784 6.57001E-11
-0.0149194 0.248657 6.65829E-11
-0.00248291 0.0413818 6.51026E-11
0.00715576 0.119263 6.49239E-11
-0.0022046 0.0367433 6.70679E-11
-0.00185303 0.0308838 6.47387E-11
0.0124291 0.207152 6.56537E-11
0.00182373 0.0303956 6.52388E-11
0.0212915 0.354858 6.6607E-11
-0.00349366 0.0582276 6.46126E-11
0.00233642 0.0389404 6.63613E-11
-0.000666505 0.0111084 6.47327E-11
-5.12697E-05 0.000854496 6.46482E-11
0.00879639 0.146606 6.65096E-11
0.000314942 0.00524903 6.66113E-11
0.0175415 0.292357 6.62205E-11
