-0.00383058 0.0638429 4.06522E-10
-0.00216065 0.0360108 4.02345E-10
0.00268799 0.0447998 4.11867E-10
0.00495851 0.0826417 4.11125E-10
0.000681153 0.0113526 4.15638E-10
0.00180909 0.0301514 4.26258E-10
-0.0110082 0.183471 4.2648E-10
0.0119311 0.198852 4.10871E-10
-0.00221924 0.0369873 4.11843E-10
-0.00327392 0.0545654 4.06428E-10
0.00413818 0.0689697 4.0149E-10
0.0121508 0.202514 4.17021E-10
0.0154467 0.257446 4.13352E-10
-0.00235108 0.0391846 4.14702E-10
-0.0072583 0.120972 4.02547E-10
-0.00182373 0.0303956 4.08343E-10
0.00681885 0.113647 4.05986E-10
0.00245362 0.0408937 3.94984E-10
0.00520752 0.0867919 4.04374E-10
-0.00208742 0.0347903 4.1055E-10
0.00775635 0.129272 4.10841E-10
0.00576416 0.0960694 4.03982E-10
0.00988037 0.164673 4.142E-10
-0.00431397 0.0718994 4.12892E-10
0.0102173 0.170288 3.94655E-10
0.00743409 0.123901 4.27526E-10
-0.00466554 0.0777589 4.25434E-10
0.000988771 0.0164795 4.04338E-10
0.000256348 0.00427247 4.06414E-10
0.00129639 0.0216064 4.16916E-10
0.00293702 0.0489503 4.02207E-10
-0.00368409 0.0614015 4.11771E-10
0.00457764 0.076294 4.10238E-10
0.00847412 0.141235 3.94638E-10
-0.00052002 0.008667 3.96388E-10
0.00986572 0.164429 4.27036E-10
-0.0104222 0.173704 4.14349E-10
-0.0045337 0.0755617 4.11475E-10
0.00821045 0.136841 4.12193E-10
0.00366945 0.0611574 4.14865E-10
0.0035083 0.0584717 4.26236E-10
0.0117846 0.19641 4.11049E-10
-0.00352296 0.0587159 3.95872E-10
0.00126709 0.0211181 4.13944E-10
0.00281982 0.0469971 3.97737E-10
-0.00175048 0.0291747 4.24057E-10
-0.00542725 0.0904541 4.13653E-10
0.00336182 0.0560304 4.24425E-10
0.00315674 0.0526123 4.09476E-10
-0.00699463 0.116577 4.15558E-10
-0.00333253 0.0555421 4.1531E-10
-0.00419677 0.0699463 4.26517E-10
-0.00454836 0.0758059 4.05297E-10
-0.00195557 0.0325928 4.16352E-10
-0.00346436 0.0577393 4.14573E-10
0.00526611 0.0877685 4.04091E-10
-0.00637941 0.106323 4.0944E-10
-0.00488525 0.0814209 4.15832E-10
-0.00279053 0.0465088 4.24205E-10
-0.00391847 0.0653078 3.9708E-10
-0.005896 0.0982666 3.92845E-10
-0.0101733 0.169555 4.11878E-10
0.00548583 0.0914306 4.03631E-10
0.00301026 0.0501711 4.17124E-10
0.00164795 0.0274658 4.15362E-10
-0.00517822 0.0863037 4.02514E-10
0.0010913 0.0181884 4.02578E-10
0.00079834 0.0133057 4.13455E-10
-0.00434326 0.0723878 4.12438E-10
-0.00790284 0.131714 4.04542E-10
0.00388916 0.0648194 4.12755E-10
0.0125609 0.209349 4.08297E-10
-0.00569092 0.0948486 4.01175E-10
-0.00374268 0.062378 4.05977E-10
0.0101 0.168334 4.24718E-10
-0.0123851 0.206419 4.16427E-10
0.00189697 0.0316162 4.0221E-10
-0.00371339 0.0618898 4.04411E-10
-0.00239503 0.0399171 4.13173E-10
0.00217529 0.0362549 4.12044E-10
0.00882567 0.147095 4.13319E-10
0.00410888 0.0684814 4.16715E-10
0.00358156 0.0596926 4.0679E-10
0.000944824 0.0157471 4.1107E-10
-0.00368409 0.0614015 4.01306E-10
0.0050464 0.0841066 4.1635E-10
-0.0180394 0.300657 4.15806E-10
-0.0104076 0.17346 4.14681E-10
-0.00383058 0.0638429 4.04077E-10
0.00132569 0.0220948 4.13696E-10
-0.00947022 0.157837 4.15452E-10
9.5215E-05 0.00158692 3.94104E-10
0.000285645 0.00476075 4.01112E-10
-0.00158936 0.0264893 4.07807E-10
0.000812989 0.0135498 4.0099E-10
-0.00299562 0.0499269 4.14957E-10
-0.00131103 0.0218506 4.06436E-10
-0.00388916 0.0648194 4.16706E-10
0.00743409 0.123901 4.12373E-10
-0.00347901 0.0579834 4.04206E-10
-0.00989501 0.164917 4.15452E-10
0.0106859 0.178099 4.14763E-10
0.00188233 0.0313721 4.09783E-10
-0.000476075 0.00793458 4.12855E-10
0.0109204 0.182007 4.13743E-10
0.00618897 0.103149 4.15009E-10
0.0228735 0.381226 4.04247E-10
0.0160766 0.267944 4.09026E-10
-0.00906006 0.151001 3.91671E-10
0.000168458 0.00280763 4.10394E-10
0.0072876 0.12146 4.25141E-10
-0.0115064 0.191773 4.0605E-10
-0.00123779 0.0206298 4.09767E-10
-0.00545655 0.0909424 4.02013E-10
8.05667E-05 0.00134278 4.07688E-10
-0.00460694 0.0767823 3.95084E-10
-0.0086792 0.144653 4.23213E-10
-0.00132569 0.0220948 4.14941E-10
-0.00161865 0.0269775 3.94516E-10
0.00637941 0.106323 4.1162E-10
0.00122315 0.0203858 4.11982E-10
0.0107152 0.178587 4.05133E-10
0.00955811 0.159302 4.13119E-10
-0.00239503 0.0399171 4.23616E-10
-0.00463623 0.0772706 4.2652E-10
0.00970459 0.161743 4.12781E-10
0.00422608 0.0704346 4.1533E-10
-0.00929443 0.154907 4.05221E-10
0.000358888 0.00598146 4.26957E-10
0.000139161 0.00231935 4.13963E-10
0.00290771 0.0484619 4.18121E-10
-0.00202881 0.0338136 4.16796E-10
0.00358156 0.0596926 4.28871E-10
0.00144287 0.0240478 4.08628E-10
-0.00894287 0.149048 4.27291E-10
0.0090454 0.150757 4.14671E-10
0.000109864 0.00183106 4.14442E-10
0.00245362 0.0408937 4.06041E-10
-0.00922119 0.153687 4.24711E-10
-0.0067749 0.112915 4.02925E-10
0.00365479 0.0609132 4.03602E-10
0.00450441 0.0750734 4.09859E-10
-0.00478271 0.0797119 4.07308E-10
0.00406495 0.0677491 4.11962E-10
0.00939697 0.156616 4.11395E-10
-0.00620361 0.103394 4.03415E-10
0.00664306 0.110718 4.1571E-10
0.00412354 0.0687256 4.15826E-10
0.00336182 0.0560304 4.23494E-10
-0.00894287 0.149048 4.06418E-10
-0.00651124 0.108521 4.15172E-10
-0.00217529 0.0362549 4.15463E-10
0.00749268 0.124878 4.1911E-10
-0.0121948 0.203247 4.25385E-10
-0.00435792 0.0726319 4.06692E-10
-0.00214601 0.0357668 4.23851E-10
-0.0137036 0.228393 4.1297E-10
-0.00605713 0.100952 3.9764E-10
0.00205812 0.0343019 4.14518E-10
0.000783692 0.0130615 4.1583E-10
0.00201417 0.0335694 4.15504E-10
0.00749268 0.124878 4.16227E-10
0.0177612 0.296021 4.24716E-10
0.00457764 0.076294 4.00387E-10
0.000739747 0.0123291 4.25659E-10
-0.00172119 0.0286864 4.13605E-10
-0.00838623 0.13977 4.26552E-10
0.00344971 0.0574952 4.04076E-10
-0.00469482 0.0782471 4.15453E-10
-0.00271728 0.0452881 4.06698E-10
-0.00516358 0.0860596 4.05353E-10
-0.00479736 0.0799561 4.1663E-10
0.00391847 0.0653078 3.93305E-10
0.00816649 0.136108 4.08775E-10
0.00640871 0.106812 4.1097E-10
-0.00425537 0.0709229 3.95733E-10
-0.00793213 0.132202 4.10101E-10
0.00475343 0.0792238 4.00882E-10
-0.00257079 0.0428466 3.97108E-10
-0.00126709 0.0211181 4.11481E-10
0.00545655 0.0909424 4.01817E-10
-0.00886962 0.147827 4.08115E-10
-0.00955811 0.159302 4.05895E-10
0.00355225 0.0592042 4.03268E-10
-0.0123998 0.206663 4.04382E-10
-0.00569092 0.0948486 4.23591E-10
-0.00182373 0.0303956 4.05818E-10
-0.00545655 0.0909424 4.06208E-10
0.0114917 0.191529 4.16361E-10
0.00618897 0.103149 4.0642E-10
0.00462159 0.0770264 4.02569E-10
-0.00413818 0.0689697 4.15319E-10
0.00550049 0.0916748 3.9339E-10
0.00554444 0.0924073 4.15115E-10
-0.00998289 0.166381 4.06035E-10
-0.00882567 0.147095 4.05982E-10
-0.00119385 0.0198974 4.15001E-10
0.00128173 0.0213622 3.99487E-10
-0.00210206 0.0350343 4.16453E-10
0.00730226 0.121704 4.02703E-10
