0.00407959 0.0679932 1.19816E-10
0.00494386 0.0823976 1.18663E-10
-0.0049292 0.0821534 1.19845E-10
9.5215E-05 0.00158692 1.18955E-10
-0.00163329 0.0272216 1.19029E-10
0.00150147 0.0250244 1.19227E-10
0.00884032 0.147339 1.18848E-10
0.0112134 0.186889 1.20546E-10
0.0168823 0.281372 1.20084E-10
0.0101147 0.168579 1.20255E-10
-0.00204347 0.0340578 1.18316E-10
-0.00897217 0.149536 1.18497E-10
-0.0202075 0.336792 1.19844E-10
-0.006438 0.1073 1.19233E-10
-0.00731691 0.121948 1.20346E-10
0.00821045 0.136841 1.20496E-10
-0.00287842 0.0479736 1.20033E-10
-0.0180834 0.30139 1.20209E-10
0.00242432 0.0404054 1.20437E-10
0.0100415 0.167358 1.20232E-10
-0.00267333 0.0445556 1.19168E-10
-0.00281982 0.0469971 1.17646E-10
0.0119311 0.198852 1.18322E-10
-0.00309815 0.0516358 1.19241E-10
0.0108764 0.181273 1.19363E-10
-0.00487061 0.0811768 1.20199E-10
0.00258545 0.0430908 1.19355E-10
-0.00800537 0.133423 1.18888E-10
-0.0132055 0.220091 1.19673E-10
-0.00624756 0.104126 1.19279E-10
-0.000900879 0.0150147 1.19005E-10
-0.00385987 0.0643311 1.19213E-10
-0.0100122 0.16687 1.20164E-10
-0.00334717 0.0557863 1.18662E-10
0.00245362 0.0408937 1.20459E-10
-0.00325927 0.0543213 1.18535E-10
0.00645264 0.107544 1.19894E-10
-0.0078003 0.130005 1.19991E-10
0.0121216 0.202027 1.1928E-10
0.000739747 0.0123291 1.20628E-10
-0.000695801 0.0115967 1.1967E-10
-0.0161939 0.269898 1.19212E-10
0.00267333 0.0445556 1.19986E-10
-0.00621827 0.103638 1.19134E-10
0.00510499 0.0850831 1.19513E-10
0.00369873 0.0616456 1.19061E-10
-0.00459228 0.0765381 1.20148E-10
5.12697E-05 0.000854496 1.19852E-10
0.00520752 0.0867919 1.20179E-10
0.0133959 0.223265 1.19412E-10
-0.0127954 0.213256 1.20068E-10
-0.00816649 0.136108 1.19925E-10
0.000725098 0.012085 1.19337E-10
0.00695068 0.115845 1.19246E-10
-0.00724365 0.120728 1.18864E-10
0.00618897 0.103149 1.18914E-10
-0.00613038 0.102173 1.20217E-10
0.0107738 0.179564 1.2038E-10
0.00885498 0.147583 1.19346E-10
0.0118432 0.197387 1.18077E-10
-0.0108617 0.181029 1.19607E-10
0.00227783 0.0379639 1.19998E-10
-0.0145092 0.24182 1.19742E-10
-0.00315674 0.0526123 1.19517E-10
-0.0100415 0.167358 1.20625E-10
-0.00470948 0.0784913 1.19372E-10
6.59183E-05 0.00109864 1.19632E-10
-0.00500245 0.0833741 1.20354E-10
0.00368409 0.0614015 1.20351E-10
-0.0062622 0.10437 1.17985E-10
0.00201417 0.0335694 1.20672E-10
0.00699463 0.116577 1.19888E-10
-0.00664306 0.110718 1.20396E-10
-0.0087085 0.145142 1.20131E-10
0.0025122 0.0418701 1.19315E-10
7.32425E-06 0.000122071 1.18466E-10
-0.00301026 0.0501711 1.20725E-10
-0.00719972 0.119995 1.19111E-10
0.00542725 0.0904541 1.20318E-10
0.00226319 0.0377198 1.20214E-10
-0.00608642 0.10144 1.20356E-10
-0.00176514 0.0294189 1.20777E-10
0.00857665 0.142944 1.19184E-10
-0.00217529 0.0362549 1.1856E-10
-0.00971924 0.161987 1.19298E-10
0.00756592 0.126099 1.20876E-10
-0.0035083 0.0584717 1.18981E-10
-0.012019 0.200317 1.19764E-10
0.00214601 0.0357668 1.18376E-10
0.00318604 0.0531006 1.19194E-10
-0.00431397 0.0718994 1.18948E-10
-0.000754395 0.0125733 1.20065E-10
0.00684814 0.114136 1.19309E-10
-0.00696533 0.116089 1.18703E-10
-0.000754395 0.0125733 1.20836E-10
-0.00755127 0.125855 1.21741E-10
0.00577881 0.0963136 1.20424E-10
-0.00465089 0.0775148 1.19148E-10
-0.00366945 0.0611574 1.19211E-10
0.00437257 0.0728761 1.20179E-10
-0.00201417 0.0335694 1.19078E-10
-0.00743409 0.123901 1.20687E-10
0.00533936 0.0889893 1.18893E-10
0.00218994 0.0364991 1.19413E-10
-0.0133519 0.222532 1.1926E-10
0.0048999 0.0816651 1.20328E-10
-0.00470948 0.0784913 1.19563E-10
-0.00368409 0.0614015 1.19612E-10
-0.00258545 0.0430908 1.20044E-10
-0.00860596 0.143433 1.19268E-10
0.0078003 0.130005 1.18816E-10
0.000490723 0.00817872 1.19906E-10
0.0126488 0.210814 1.19811E-10
0.00949952 0.158325 1.20458E-10
-0.00837157 0.139526 1.18687E-10
-0.00633546 0.105591 1.19814E-10
-0.00421142 0.0701904 1.19136E-10
-0.00841553 0.140259 1.18893E-10
0.00511963 0.0853273 1.20189E-10
-0.0119457 0.199096 1.1936E-10
0.00632081 0.105347 1.19563E-10
0.0140845 0.234742 1.21318E-10
0.000930176 0.0155029 1.19918E-10
-0.0112427 0.187378 1.20287E-10
-0.00607177 0.101196 1.19341E-10
-0.00427003 0.0711671 1.19691E-10
0.0112427 0.187378 1.18739E-10
-0.00388916 0.0648194 1.20286E-10
-0.00510499 0.0850831 1.20367E-10
0.00254151 0.0423584 1.19686E-10
-0.00197021 0.0328369 1.20702E-10
-0.0123266 0.205443 1.18655E-10
0.00494386 0.0823976 1.19398E-10
0.00930907 0.155151 1.19816E-10
0.000666505 0.0111084 1.19035E-10
0.00601318 0.10022 1.2237E-10
0.00043213 0.00720217 1.19114E-10
0.00415284 0.0692139 1.19735E-10
-0.0197973 0.329956 1.20255E-10
-0.00328858 0.0548096 1.19925E-10
-0.00900147 0.150024 1.1984E-10
0.00302491 0.0504153 1.18758E-10
0.00229249 0.0382081 1.20385E-10
-0.00697999 0.116333 1.18317E-10
-0.010144 0.169067 1.19861E-10
-0.00658448 0.109741 1.19225E-10
0.00703858 0.11731 1.19373E-10
-0.000183106 0.00305178 1.21019E-10
-0.000285645 0.00476075 1.19055E-10
0.0048999 0.0816651 1.19905E-10
0.00135498 0.0225831 1.19262E-10
-0.00585206 0.0975343 1.18796E-10
0.00397706 0.0662843 1.19685E-10
-0.00372804 0.0621339 1.19656E-10
0.00687744 0.114624 1.18424E-10
0.00743409 0.123901 1.20778E-10
-0.00563233 0.0938721 1.19465E-10
0.000212403 0.00354005 1.1962E-10
-6.59183E-05 0.00109864 1.20877E-10
0.00514893 0.0858155 1.19315E-10
0.0058667 0.0977783 1.19032E-10
-0.00394777 0.0657961 1.20205E-10
-0.00145751 0.0242919 1.19101E-10
-0.019519 0.325317 1.20272E-10
-0.000373536 0.0062256 1.17885E-10
-0.00440185 0.0733642 1.18483E-10
0.00460694 0.0767823 1.20067E-10
-0.00702393 0.117066 1.20968E-10
0.000285645 0.00476075 1.21486E-10
0.00547119 0.0911865 1.20764E-10
0.00239503 0.0399171 1.19799E-10
-0.00601318 0.10022 1.18309E-10
0.00551514 0.0919189 1.19692E-10
0.00819579 0.136597 1.2011E-10
0.0011792 0.0196533 1.20513E-10
0.00154541 0.0257568 1.20101E-10
0.00831299 0.13855 1.19565E-10
-0.00224854 0.0374756 1.20309E-10
-0.000695801 0.0115967 1.19165E-10
0.00733155 0.122193 1.20093E-10
0.00287842 0.0479736 1.22332E-10
0.00476807 0.0794678 1.19569E-10
-0.00331788 0.0552979 1.20211E-10
0.00816649 0.136108 1.19009E-10
-0.00576416 0.0960694 1.19348E-10
0.0101586 0.169311 1.21229E-10
0.00273194 0.0455323 1.22112E-10
-0.0144359 0.240599 1.20632E-10
-3.66213E-05 0.000610354 1.20632E-10
-0.00513429 0.0855714 1.19132E-10
-0.0124437 0.207396 1.19022E-10
-2.19728E-05 0.000366213 1.20002E-10
-0.00318604 0.0531006 1.20257E-10
-0.0134252 0.223753 1.1922E-10
9.5215E-05 0.00158692 1.19784E-10
0.00535401 0.0892334 1.20684E-10
0.00312745 0.0521241 1.19436E-10
0.00473877 0.0789796 1.2049E-10
-0.00630615 0.105103 1.2033E-10
0.00122315 0.0203858 1.19968E-10
