-0.00324463 0.0540772 6.95298E-11
0.00718507 0.119751 7.1507E-11
0.00213135 0.0355226 7.22749E-11
-0.00371339 0.0618898 7.0473E-11
0.0103929 0.173216 6.97859E-11
0.0225074 0.375123 7.01091E-11
0.0108031 0.180053 7.07995E-11
-0.00700929 0.116821 6.96551E-11
-0.00749268 0.124878 7.03675E-11
0.0281761 0.469602 7.09592E-11
-0.0234448 0.390747 7.18466E-11
0.000153809 0.00256348 7.08257E-11
-0.00859131 0.143188 7.05135E-11
-0.0193285 0.322142 7.19838E-11
0.00267333 0.0445556 6.99532E-11
0.0119604 0.19934 6.9718E-11
-0.022727 0.378784 7.03047E-11
0.00516358 0.0860596 6.98868E-11
0.0146704 0.244507 6.98908E-11
0.0107299 0.178832 6.99173E-11
0.0193579 0.322632 7.10374E-11
0.0090747 0.151245 7.00873E-11
0.00321533 0.0535889 7.21402E-11
-0.000109864 0.00183106 7.14961E-11
-0.0081079 0.135132 7.10482E-11
-0.00797607 0.132935 6.97617E-11
0.0124437 0.207396 7.00256E-11
0.0113598 0.189331 7.21996E-11
-0.0237085 0.395142 6.99414E-11
-0.00513429 0.0855714 7.01293E-11
0.0142308 0.237181 6.98506E-11
-0.00462159 0.0770264 6.99594E-11
-0.00976319 0.16272 6.94727E-11
0.0193871 0.323119 7.05677E-11
0.000417481 0.00695803 7.00427E-11
-0.0109643 0.182738 6.97146E-11
0.0139819 0.233032 7.1534E-11
-0.0138647 0.231079 7.18474E-11
-0.0058667 0.0977783 7.08333E-11
-0.000666505 0.0111084 6.95485E-11
0.0221119 0.368532 7.127E-11
0.00762452 0.127075 7.21455E-11
0.0105248 0.175414 6.92857E-11
0.00881103 0.146851 6.9777E-11
0.00322999 0.0538331 7.06565E-11
0.00136964 0.0228273 7.1978E-11
-0.00364015 0.0606691 7.22446E-11
-0.0248949 0.414916 6.98131E-11
0.0183178 0.305297 7.07961E-11
-0.0137328 0.228881 6.96162E-11
-0.000270996 0.00451661 7.21693E-11
0.000607911 0.0101319 7.04416E-11
0.0107299 0.178832 7.04793E-11
-0.00519286 0.0865477 7.11145E-11
0.0143627 0.239378 7.04985E-11
-0.00734619 0.122437 6.96533E-11
0.00576416 0.0960694 7.11176E-11
0.000256348 0.00427247 7.08026E-11
-0.00299562 0.0499269 7.20948E-11
0.00843017 0.140503 6.95406E-11
-0.00714112 0.119019 6.94211E-11
0.00311279 0.0518799 7.22683E-11
0.00110596 0.0184326 7.04748E-11
0.0101147 0.168579 7.05429E-11
0.00573487 0.0955811 6.98491E-11
0.011228 0.187134 6.94785E-11
-0.00588134 0.0980224 7.01955E-11
0.00621827 0.103638 6.93667E-11
0.00104737 0.0174561 7.21455E-11
-0.0076538 0.127563 6.94538E-11
-0.00876709 0.146118 7.19138E-11
-0.0156225 0.260376 7.04221E-11
0.0067749 0.112915 6.98886E-11
-0.02198 0.366333 6.98715E-11
0.000549317 0.00915528 7.00678E-11
0.00361086 0.0601809 6.97259E-11
0.0202954 0.338257 7.20377E-11
0.0179516 0.299193 7.02012E-11
0.0109204 0.182007 7.14575E-11
0.0125317 0.208862 6.95882E-11
0.00539795 0.0899658 7.21614E-11
0.0248217 0.413695 6.96645E-11
0.013264 0.221068 6.95493E-11
0.00930907 0.155151 7.07459E-11
0.000827638 0.013794 6.90042E-11
-0.00429931 0.0716553 6.96671E-11
-0.0016919 0.0281983 7.05856E-11
0.00114991 0.0191651 6.99711E-11
0.016516 0.275267 7.06526E-11
0.0231518 0.385863 7.05862E-11
0.0153588 0.25598 7.09393E-11
0.0121216 0.202027 7.07326E-11
-0.00320068 0.0533448 6.93766E-11
0.0233569 0.389282 7.08811E-11
-0.00771241 0.12854 7.19281E-11
-0.0348119 0.580198 7.01534E-11
0.0111401 0.185668 6.9847E-11
-0.00914795 0.152466 6.96489E-11
-0.0126342 0.21057 7.15089E-11
0.00551514 0.0919189 7.08927E-11
-0.00419677 0.0699463 7.11871E-11
0.010935 0.18225 6.95502E-11
0.0118578 0.197631 6.99397E-11
-0.00563233 0.0938721 6.92695E-11
-0.0025122 0.0418701 6.99445E-11
-0.0130737 0.217896 7.1675E-11
0.00432862 0.0721436 6.91657E-11
-0.00161865 0.0269775 7.00145E-11
-0.00785888 0.130981 7.11749E-11
-0.00636475 0.106079 6.95055E-11
-0.00482666 0.0804444 7.12217E-11
0.0109057 0.181762 7.06127E-11
-0.0170433 0.284056 7.07538E-11
-0.0144946 0.241577 7.01086E-11
-0.0035962 0.0599367 7.0311E-11
0.0134106 0.223509 6.9036E-11
0.00189697 0.0316162 6.96072E-11
-0.0016626 0.0277099 6.99973E-11
-0.00900147 0.150024 6.99119E-11
-0.00372804 0.0621339 6.92208E-11
0.00617431 0.102905 6.94986E-11
0.00216065 0.0360108 7.1667E-11
-0.005896 0.0982666 7.15479E-11
0.00574952 0.0958253 6.96001E-11
-0.00847412 0.141235 7.1764E-11
-0.0127807 0.213012 7.09321E-11
-0.0100268 0.167113 6.95642E-11
0.014348 0.239134 7.01139E-11
0.00267333 0.0445556 7.08107E-11
-0.02406 0.401001 6.99918E-11
0.0191674 0.319457 6.91548E-11
-0.00265869 0.0443115 7.02091E-11
0.0152856 0.25476 6.90602E-11
-0.00387452 0.0645753 7.08115E-11
-0.0063501 0.105835 7.01465E-11
0.0194898 0.324829 6.96736E-11
-0.00296631 0.0494386 7.00949E-11
0.000197755 0.00329592 6.94199E-11
0.00484132 0.0806886 7.24029E-11
-0.0190795 0.317992 7.05E-11
0.00465089 0.0775148 6.96985E-11
0.00129639 0.0216064 7.09354E-11
-0.0115503 0.192505 6.99447E-11
-0.00819579 0.136597 6.88413E-11
0.0103783 0.172972 7.18328E-11
-0.0305053 0.508422 7.0279E-11
-0.00475343 0.0792238 7.13978E-11
0.00526611 0.0877685 7.21423E-11
-0.0174389 0.290648 7.02535E-11
-0.00185303 0.0308838 6.94068E-11
0.0203832 0.339721 6.94831E-11
0.010642 0.177367 6.95222E-11
-0.0080786 0.134643 7.05372E-11
0.0208226 0.347044 6.95226E-11
0.0190648 0.317747 7.014E-11
-0.00243897 0.0406496 7.03428E-11
0.00224854 0.0374756 6.9871E-11
0.00103272 0.0172119 7.1428E-11
0.0299633 0.499389 6.98326E-11
0.0114624 0.19104 6.95924E-11
0.00823974 0.137329 6.9647E-11
-0.0108031 0.180053 7.00405E-11
0.00648194 0.108032 6.92257E-11
-0.0122241 0.203735 6.98591E-11
0.00161865 0.0269775 6.9314E-11
-0.0175708 0.292847 7.04122E-11
0.00982178 0.163696 7.07598E-11
-0.0231078 0.385131 6.99761E-11
-0.0233423 0.389038 7.21444E-11
0.0156225 0.260376 6.98688E-11
-0.0109204 0.182007 7.12006E-11
-0.0159448 0.265747 7.14795E-11
-0.0161499 0.269165 7.05297E-11
0.00813719 0.13562 7.21463E-11
-0.00785888 0.130981 6.93895E-11
0.00176514 0.0294189 6.94931E-11
0.0159741 0.266236 7.12768E-11
0.00670165 0.111694 7.10618E-11
-0.0169409 0.282348 6.93288E-11
0.00633546 0.105591 6.98521E-11
-0.00749268 0.124878 6.9975E-11
-0.0128979 0.214966 6.99848E-11
0.0197973 0.329956 7.20577E-11
0.0144359 0.240599 6.98331E-11
-0.00337647 0.0562746 7.07624E-11
0.00806396 0.134399 6.99944E-11
0.00913329 0.152222 7.22126E-11
-0.00566162 0.0943603 7.07043E-11
-0.0174243 0.290405 7.09232E-11
-0.00837157 0.139526 7.00758E-11
-0.00384522 0.064087 6.99618E-11
0.0105834 0.17639 7.01443E-11
-0.000490723 0.00817872 7.02294E-11
0.00819579 0.136597 7.21352E-11
-0.00664306 0.110718 7.11026E-11
-0.0202661 0.337767 6.95732E-11
0.0109057 0.181762 6.98451E-11
-0.00630615 0.105103 7.14963E-11
-0.00620361 0.103394 7.12742E-11
-0.0143774 0.239623 6.99044E-11
