-0.00766846 0.127808 4.93122E-10
-0.00451906 0.0753176 5.10687E-10
0.0239867 0.399779 5.22672E-10
-0.0161792 0.269654 5.22945E-10
-0.000725098 0.012085 5.04099E-10
-0.0211742 0.352904 5.2172E-10
-0.00916259 0.15271 5.14033E-10
-0.0119165 0.198608 5.15334E-10
-0.00176514 0.0294189 4.90051E-10
0.0108178 0.180297 5.05695E-10
-0.0181127 0.301878 5.13048E-10
-0.00955811 0.159302 4.78519E-10
-0.0115796 0.192993 5.00153E-10
-0.00495851 0.0826417 5.23228E-10
0.00235108 0.0391846 4.92444E-10
-0.00596923 0.0994872 4.98742E-10
-0.00712648 0.118775 4.93602E-10
0.0146996 0.244994 5.1268E-10
-0.00204347 0.0340578 5.20715E-10
0.0203246 0.338744 5.29266E-10
-0.0169262 0.282103 4.99681E-10
0.00185303 0.0308838 5.02633E-10
0.000593263 0.00988771 5.05944E-10
0.00642336 0.107056 5.00286E-10
-0.0111987 0.186645 4.8475E-10
-0.00884032 0.147339 4.92831E-10
0.0133373 0.222288 4.90982E-10
0.000417481 0.00695803 5.12593E-10
0.00566162 0.0943603 5.1866E-10
-0.0100854 0.16809 5.10924E-10
0.0156811 0.261352 5.41914E-10
0.00722901 0.120484 4.74524E-10
-0.00145751 0.0242919 5.11984E-10
-0.0031421 0.0523683 5.02086E-10
-0.0112866 0.188111 5.09269E-10
0.00123779 0.0206298 5.04407E-10
-0.00838623 0.13977 4.93766E-10
-0.013264 0.221068 5.14893E-10
-0.00840087 0.140015 4.73656E-10
0.000563965 0.00939942 5.43371E-10
0.0154174 0.256957 5.15244E-10
-0.00176514 0.0294189 5.10384E-10
0.00511963 0.0853273 4.99351E-10
0.00695068 0.115845 5.26572E-10
0.0054126 0.0902099 5.21927E-10
0.00173584 0.0289306 5.20366E-10
0.000476075 0.00793458 4.92321E-10
0.0177759 0.296265 5.21089E-10
-0.00668701 0.11145 5.13465E-10
-0.00418213 0.0697022 5.02132E-10
0.00847412 0.141235 5.19846E-10
0.00277588 0.0462646 4.99471E-10
-0.00197021 0.0328369 5.23063E-10
-0.0167798 0.279663 4.83797E-10
-0.00199952 0.0333253 5.33546E-10
0.0058667 0.0977783 5.23931E-10
0.0140698 0.234497 5.27011E-10
-0.00957275 0.159546 5.01377E-10
0.00311279 0.0518799 5.12692E-10
0.0154614 0.25769 5.03935E-10
0.00689209 0.114868 5.10357E-10
0.00457764 0.076294 5.19331E-10
0.0117992 0.196654 5.64907E-10
0.0282201 0.470336 5.01224E-10
-0.00831299 0.13855 5.42028E-10
0.00711183 0.11853 5.22075E-10
-0.00284912 0.0474853 5.01143E-10
-0.00311279 0.0518799 4.88329E-10
0.0081079 0.135132 5.04813E-10
-0.00758057 0.126343 5.16275E-10
0.016853 0.280883 5.05153E-10
-0.00248291 0.0413818 4.95803E-10
-0.000988771 0.0164795 5.02891E-10
0.00189697 0.0316162 5.30102E-10
0.00645264 0.107544 5.26661E-10
0.00957275 0.159546 5.43929E-10
-0.00344971 0.0574952 5.11934E-10
-0.00289307 0.0482178 5.19623E-10
0.0036255 0.060425 5.09468E-10
-0.00421142 0.0701904 5.03088E-10
-0.00236572 0.0394287 5.07304E-10
-0.00339112 0.0565187 5.48975E-10
0.0002417 0.00402833 5.04279E-10
-0.00141357 0.0235596 5.21399E-10
0.00429931 0.0716553 5.15079E-10
-0.0011792 0.0196533 4.83856E-10
0.0114185 0.190308 5.20112E-10
-0.00511963 0.0853273 5.11963E-10
0.00615967 0.102661 5.15573E-10
0.0358373 0.597288 5.09705E-10
-0.00279053 0.0465088 4.91718E-10
0.00613038 0.102173 4.90899E-10
0.00394777 0.0657961 5.30993E-10
0.0049292 0.0821534 5.13393E-10
0.00062256 0.010376 5.02092E-10
0.0159595 0.265991 5.02087E-10
-0.00217529 0.0362549 5.139E-10
0.00633546 0.105591 5.12755E-10
-0.00156005 0.0260009 4.92532E-10
-0.0081079 0.135132 5.18608E-10
0.0059253 0.0987549 5.32831E-10
0.00293702 0.0489503 5.55322E-10
0.0119457 0.199096 5.02849E-10
0.00443115 0.0738526 5.42915E-10
0.0099243 0.165405 4.97627E-10
-0.00437257 0.0728761 5.0224E-10
-0.00214601 0.0357668 5.04153E-10
-0.00428467 0.0714112 5.0147E-10
0.00120849 0.0201416 5.02253E-10
-0.00513429 0.0855714 5.0079E-10
-0.015271 0.254517 5.20612E-10
0.0108178 0.180297 4.94925E-10
0.0101586 0.169311 5.05414E-10
-0.00719972 0.119995 5.17692E-10
0.00834228 0.139038 4.95071E-10
-0.00369873 0.0616456 5.03099E-10
-0.011272 0.187867 4.81663E-10
0.00610108 0.101685 5.38446E-10
-0.0151538 0.252563 5.43726E-10
0.00531006 0.0885009 5.14852E-10
-0.0113891 0.189819 5.07051E-10
-0.0141722 0.236204 5.23703E-10
-0.00614503 0.102417 4.92691E-10
0.0181859 0.303099 5.31441E-10
0.0109057 0.181762 4.83089E-10
-0.0086792 0.144653 4.91176E-10
0.0016919 0.0281983 5.39072E-10
0.0109497 0.182494 5.23582E-10
-0.00916259 0.15271 4.92468E-10
-0.0129272 0.215453 4.93528E-10
0.00261474 0.0435791 5.00135E-10
-0.0086499 0.144165 5.13121E-10
-0.0090454 0.150757 5.32465E-10
-0.00564698 0.0941163 4.91376E-10
0.000417481 0.00695803 5.03014E-10
-0.0052954 0.0882567 4.92183E-10
-0.00415284 0.0692139 5.13876E-10
0.0100122 0.16687 5.03608E-10
0.00299562 0.0499269 5.1885E-10
0.0054419 0.0906983 5.13304E-10
0.00281982 0.0469971 5.31771E-10
0.010642 0.177367 4.91735E-10
-0.00494386 0.0823976 5.04008E-10
0.000197755 0.00329592 5.04806E-10
-0.000168458 0.00280763 5.26852E-10
0.00799073 0.133179 5.06499E-10
-0.00258545 0.0430908 5.01781E-10
0.00113525 0.0189209 5.10343E-10
-0.00642336 0.107056 5.02397E-10
-8.05667E-05 0.00134278 4.91694E-10
0.0107152 0.178587 4.93548E-10
0.013557 0.225951 5.16826E-10
0.0109789 0.182982 4.83481E-10
-0.00204347 0.0340578 5.12874E-10
-0.00112061 0.0186768 5.10712E-10
-0.000915527 0.0152588 4.92412E-10
-0.00273194 0.0455323 4.9991E-10
-0.00610108 0.101685 5.22821E-10
0.0136742 0.227904 5.10974E-10
0.00227783 0.0379639 4.91507E-10
0.0100268 0.167113 5.0247E-10
0.00119385 0.0198974 5.53223E-10
-0.00495851 0.0826417 4.98939E-10
-0.00708252 0.118042 5.4373E-10
-0.0131761 0.219603 4.92592E-10
-0.00859131 0.143188 5.12561E-10
-0.00135498 0.0225831 4.98874E-10
0.00873779 0.14563 5.10659E-10
-0.0140991 0.234985 5.42561E-10
-0.00995359 0.165893 5.22386E-10
0.00284912 0.0474853 5.2292E-10
-0.00195557 0.0325928 5.01755E-10
-0.00526611 0.0877685 5.13069E-10
0.0139819 0.233032 5.09459E-10
-0.0223462 0.372437 5.3212E-10
0.00344971 0.0574952 4.98429E-10
0.00610108 0.101685 5.03104E-10
0.00175048 0.0291747 5.08108E-10
0.00829834 0.138306 4.78711E-10
0.00847412 0.141235 5.28217E-10
-0.0123412 0.205687 5.1793E-10
0.00762452 0.127075 5.03528E-10
-0.00642336 0.107056 4.82556E-10
-0.017937 0.298949 5.13383E-10
-0.000183106 0.00305178 5.1477E-10
0.00457764 0.076294 4.91848E-10
-0.00655517 0.109253 5.42732E-10
-0.00180909 0.0301514 5.02529E-10
-0.00615967 0.102661 5.27318E-10
0.00387452 0.0645753 5.02708E-10
-0.00182373 0.0303956 5.17893E-10
-0.00982178 0.163696 4.92641E-10
-0.00172119 0.0286864 5.14286E-10
-0.00809326 0.134888 5.15454E-10
-0.00845946 0.140991 4.99313E-10
0.013103 0.218383 5.37719E-10
0.00391847 0.0653078 4.9071E-10
-0.00466554 0.0777589 5.303E-10
0.00785888 0.130981 4.99428E-10
0.00371339 0.0618898 5.29908E-10
