-0.00264405 0.0440674 1.3587E-10
-0.00526611 0.0877685 1.36481E-10
-0.00377197 0.0628662 1.35814E-10
-0.00145751 0.0242919 1.38399E-10
0.00938233 0.156372 1.3786E-10
0.00762452 0.127075 1.34346E-10
-0.00147217 0.0245361 1.3872E-10
-0.0135864 0.226439 1.38825E-10
-0.00547119 0.0911865 1.35696E-10
-0.00916259 0.15271 1.35303E-10
-0.00388916 0.0648194 1.37818E-10
-0.00372804 0.0621339 1.35974E-10
0.00545655 0.0909424 1.3716E-10
0.00806396 0.134399 1.36526E-10
0.000402833 0.00671388 1.35495E-10
-0.00312745 0.0521241 1.35346E-10
0.0090747 0.151245 1.37079E-10
0.00425537 0.0709229 1.36115E-10
-0.00955811 0.159302 1.4003E-10
0.0189185 0.315308 1.36269E-10
0.0143041 0.238402 1.37564E-10
-0.0101147 0.168579 1.36522E-10
0.0159302 0.265503 1.37646E-10
0.0257153 0.428588 1.3613E-10
-0.0099243 0.165405 1.35967E-10
0.0126342 0.21057 1.33536E-10
-0.00878173 0.146362 1.3495E-10
-0.000930176 0.0155029 1.34668E-10
0.00043213 0.00720217 1.38245E-10
0.0243676 0.406127 1.34914E-10
-0.00528075 0.0880126 1.36065E-10
0.00415284 0.0692139 1.3728E-10
-0.00851806 0.141968 1.36475E-10
0.00579347 0.0965578 1.3524E-10
0.000285645 0.00476075 1.37377E-10
-0.00712648 0.118775 1.36236E-10
0.00662842 0.110474 1.40791E-10
-0.0180541 0.300902 1.36015E-10
0.00560302 0.0933837 1.36761E-10
-0.00235108 0.0391846 1.35373E-10
0.00929443 0.154907 1.35182E-10
-0.00437257 0.0728761 1.354E-10
-0.0203686 0.339477 1.3682E-10
0.0155492 0.259154 1.363E-10
0.00750733 0.125122 1.37502E-10
-0.00510499 0.0850831 1.37006E-10
0.000871582 0.0145264 1.35524E-10
0.004021 0.0670166 1.33218E-10
0.0125317 0.208862 1.33395E-10
0.00722901 0.120484 1.37914E-10
-0.0107152 0.178587 1.35015E-10
0.00141357 0.0235596 1.33483E-10
0.00122315 0.0203858 1.36464E-10
0.00652589 0.108765 1.37571E-10
0.00514893 0.0858155 1.3635E-10
-0.012268 0.204467 1.37407E-10
0.00739014 0.123169 1.33991E-10
-0.00539795 0.0899658 1.33286E-10
-0.00125244 0.0208739 1.36189E-10
-0.0073755 0.122925 1.36308E-10
-0.00895751 0.149292 1.37451E-10
-0.00258545 0.0430908 1.36141E-10
-0.00533936 0.0889893 1.36501E-10
-0.0091919 0.153198 1.3582E-10
-0.00809326 0.134888 1.37288E-10
-0.00142822 0.0238037 1.37449E-10
0.00199952 0.0333253 1.37317E-10
-0.00796143 0.13269 1.33791E-10
0.00120849 0.0201416 1.374E-10
0.00186768 0.0311279 1.36124E-10
0.00911865 0.151977 1.36912E-10
-0.00639406 0.106568 1.34566E-10
-0.0040503 0.0675049 1.37549E-10
-0.0112427 0.187378 1.37278E-10
-0.0143187 0.238646 1.36891E-10
0.0078003 0.130005 1.32198E-10
-0.00378663 0.0631104 1.3735E-10
-0.00892822 0.148804 1.36191E-10
0.000168458 0.00280763 1.36142E-10
-0.0022046 0.0367433 1.37221E-10
-0.0124437 0.207396 1.34804E-10
0.00613038 0.102173 1.37543E-10
0.0170433 0.284056 1.31923E-10
0.0102026 0.170043 1.36309E-10
0.00202881 0.0338136 1.34546E-10
0.0143774 0.239623 1.3787E-10
0.00618897 0.103149 1.33985E-10
0.0130884 0.21814 1.35243E-10
0.0076831 0.128052 1.33106E-10
-0.0121948 0.203247 1.35837E-10
0.0105834 0.17639 1.35812E-10
-0.0130297 0.217163 1.33548E-10
0.0025122 0.0418701 1.34554E-10
-0.0126781 0.211303 1.35828E-10
0.00560302 0.0933837 1.34731E-10
-6.59183E-05 0.00109864 1.36097E-10
-0.0106274 0.177123 1.36024E-10
0.00901611 0.150269 1.34406E-10
-0.00189697 0.0316162 1.37088E-10
0.0090454 0.150757 1.36937E-10
0.000358888 0.00598146 1.37497E-10
7.32425E-06 0.000122071 1.39158E-10
-0.0146264 0.243773 1.37071E-10
0.0040503 0.0675049 1.33955E-10
-0.00488525 0.0814209 1.36486E-10
-0.00388916 0.0648194 1.36376E-10
0.0139673 0.232788 1.3249E-10
-0.00123779 0.0206298 1.34349E-10
-0.0155199 0.258666 1.34749E-10
0.00472413 0.0787354 1.35987E-10
0.00194092 0.0323486 1.3556E-10
0.00409423 0.0682372 1.37473E-10
-0.00547119 0.0911865 1.36532E-10
0.0067749 0.112915 1.31109E-10
-0.00793213 0.132202 1.38307E-10
0.00629151 0.104858 1.35288E-10
0.00687744 0.114624 1.35682E-10
0.0138207 0.230346 1.34014E-10
0.0133373 0.222288 1.37084E-10
0.0072583 0.120972 1.35802E-10
-0.0111108 0.185181 1.36075E-10
0.00144287 0.0240478 1.36672E-10
0.0086792 0.144653 1.36429E-10
-0.0114331 0.190552 1.36197E-10
-0.000534668 0.00891113 1.35961E-10
-0.00703858 0.11731 1.3582E-10
-0.00132569 0.0220948 1.38384E-10
-0.0116089 0.193482 1.36371E-10
-0.00157471 0.0262451 1.35176E-10
-0.0130737 0.217896 1.36444E-10
0.00790284 0.131714 1.36559E-10
0.0115649 0.192749 1.35695E-10
-0.00658448 0.109741 1.36728E-10
0.00383058 0.0638429 1.3753E-10
0.0238696 0.397827 1.34161E-10
0.0238549 0.397583 1.39751E-10
-0.00731691 0.121948 1.35974E-10
-0.000197755 0.00329592 1.3577E-10
0.013894 0.231567 1.36338E-10
0.0180248 0.300413 1.37736E-10
-0.00177978 0.0296631 1.36055E-10
-0.018391 0.306517 1.37543E-10
-0.00364015 0.0606691 1.36505E-10
-0.00306886 0.0511476 1.36217E-10
0.0281615 0.469358 1.35924E-10
-0.00624756 0.104126 1.35301E-10
0.00563233 0.0938721 1.3565E-10
-0.0117992 0.196654 1.35066E-10
-0.00785888 0.130981 1.37591E-10
0.0119311 0.198852 1.34497E-10
-0.00364015 0.0606691 1.36569E-10
-0.0111255 0.185425 1.37049E-10
0.0190941 0.318236 1.36499E-10
0.00945556 0.157593 1.37356E-10
-0.00700929 0.116821 1.36111E-10
-0.0174243 0.290405 1.33739E-10
-0.00290771 0.0484619 1.35799E-10
0.015227 0.253784 1.36928E-10
0.00903076 0.150513 1.37097E-10
0.0101586 0.169311 1.36062E-10
0.00201417 0.0335694 1.36624E-10
-0.00469482 0.0782471 1.36403E-10
-0.00243897 0.0406496 1.35732E-10
-0.0146117 0.243529 1.3563E-10
-0.0125317 0.208862 1.37942E-10
0.00656982 0.109497 1.37005E-10
-0.0104369 0.173948 1.38004E-10
0.00572021 0.0953369 1.36036E-10
0.0153588 0.25598 1.3497E-10
0.00804931 0.134155 1.36907E-10
-0.0169701 0.282835 1.35715E-10
0.000886231 0.0147705 1.36189E-10
0.00468018 0.078003 1.39356E-10
-0.0102905 0.171508 1.37665E-10
0.0188745 0.314575 1.36055E-10
-0.0104369 0.173948 1.35179E-10
-0.0112134 0.186889 1.36584E-10
-0.00122315 0.0203858 1.35777E-10
-0.0159448 0.265747 1.33576E-10
0.00330322 0.0550537 1.35835E-10
0.00843017 0.140503 1.35196E-10
0.0072876 0.12146 1.37364E-10
0.00205812 0.0343019 1.35899E-10
0.0116675 0.194459 1.35743E-10
0.00897217 0.149536 1.37683E-10
-8.05667E-05 0.00134278 1.34769E-10
-0.0170433 0.284056 1.36798E-10
0.00516358 0.0860596 1.36503E-10
-0.00538329 0.0897216 1.33919E-10
-0.0030542 0.0509034 1.36282E-10
0.0164135 0.273559 1.3597E-10
-0.00418213 0.0697022 1.35628E-10
0.00955811 0.159302 1.37568E-10
0.00746339 0.12439 1.3665E-10
-0.011228 0.187134 1.37028E-10
0.00983642 0.16394 1.34279E-10
-0.00531006 0.0885009 1.35949E-10
0.0156518 0.260863 1.36852E-10
-0.006438 0.1073 1.37612E-10
-0.00536865 0.0894775 1.36118E-10
