0.0199438 0.332398 8.30006E-11
0.00561767 0.0936279 8.43531E-11
-0.00656982 0.109497 8.33324E-11
0.0154027 0.256713 8.30614E-11
0.004021 0.0670166 8.5969E-11
0.0115649 0.192749 8.29847E-11
-0.0204272 0.340453 8.42227E-11
0.00410888 0.0684814 8.39782E-11
-0.00270264 0.0450439 8.60741E-11
0.00528075 0.0880126 8.49058E-11
0.017688 0.294799 8.55462E-11
0.00796143 0.13269 8.36906E-11
-0.0147876 0.246459 8.45379E-11
-0.00438721 0.0731202 8.41791E-11
-0.00859131 0.143188 8.31642E-11
0.0036255 0.060425 8.5807E-11
0.00800537 0.133423 8.27015E-11
0.00450441 0.0750734 8.44646E-11
-0.0198706 0.331177 8.41935E-11
-0.0177465 0.295776 8.41543E-11
0.0202221 0.337035 8.46588E-11
-0.00588134 0.0980224 8.3475E-11
-0.00122315 0.0203858 8.36408E-11
0.00062256 0.010376 8.29733E-11
-0.0176586 0.294311 8.32959E-11
0.00292237 0.0487061 8.30692E-11
0.0109057 0.181762 8.25318E-11
-0.014641 0.244017 8.53604E-11
-0.0270336 0.450561 8.27693E-11
-0.00548583 0.0914306 8.721E-11
0.0163403 0.272338 8.29238E-11
-0.00380127 0.0633546 8.35667E-11
0.00391847 0.0653078 8.44645E-11
0.0246313 0.410521 8.46128E-11
0.0131469 0.219115 8.50743E-11
0.0139233 0.232055 8.50038E-11
0.0090747 0.151245 8.3801E-11
-0.0188598 0.314331 8.41898E-11
0.0117114 0.195191 8.54187E-11
0.00276123 0.0460205 8.4503E-11
-0.00583742 0.0972903 8.52909E-11
-0.0282054 0.470091 8.38434E-11
0.0161939 0.269898 8.31825E-11
0.00416749 0.0694581 8.36496E-11
-0.00410888 0.0684814 8.24403E-11
0.00954345 0.159058 8.2276E-11
0.0194018 0.323364 8.39037E-11
-0.00649659 0.108276 8.42658E-11
0.00412354 0.0687256 8.60508E-11
-0.00526611 0.0877685 8.26532E-11
-0.00293702 0.0489503 8.55688E-11
-0.00419677 0.0699463 8.31226E-11
0.00525147 0.0875244 8.35477E-11
0.00473877 0.0789796 8.30752E-11
0.00977783 0.162964 8.32576E-11
0.011272 0.187867 8.43732E-11
-0.00996824 0.166137 8.34111E-11
-0.0129565 0.215942 8.28869E-11
0.00570557 0.0950928 8.56289E-11
-0.00400634 0.0667724 8.30708E-11
0.00281982 0.0469971 8.3301E-11
0.0216577 0.360962 8.33239E-11
0.00388916 0.0648194 8.28045E-11
-0.00567626 0.0946044 8.33714E-11
-0.00284912 0.0474853 8.50833E-11
0.000358888 0.00598146 8.48014E-11
0.0261108 0.43518 8.31889E-11
-0.0260669 0.434448 8.28408E-11
0.000329591 0.00549318 8.51072E-11
0.000842286 0.0140381 8.44488E-11
-0.00218994 0.0364991 8.45697E-11
0.0120483 0.200805 8.56411E-11
0.0050464 0.0841066 8.40854E-11
0.0132055 0.220091 8.30023E-11
-0.0201489 0.335816 8.42026E-11
-0.0022046 0.0367433 8.61791E-11
0.00478271 0.0797119 8.47342E-11
-0.00708252 0.118042 8.46645E-11
0.00711183 0.11853 8.44032E-11
0.00154541 0.0257568 8.25377E-11
-0.00926514 0.154419 8.33624E-11
-0.00727296 0.121216 8.37192E-11
0.00280518 0.0467529 8.5449E-11
-0.00245362 0.0408937 8.53024E-11
-0.0149487 0.249145 8.29746E-11
-0.00610108 0.101685 8.3481E-11
-0.0113745 0.189575 8.31792E-11
0.0207348 0.345581 8.44872E-11
-0.0172192 0.286987 8.30747E-11
-0.00923584 0.153931 8.47136E-11
0.00325927 0.0543213 8.27478E-11
-0.00248291 0.0413818 8.34384E-11
0.0103491 0.172485 8.29494E-11
-0.00246826 0.0411377 8.37799E-11
-0.00863525 0.143921 8.26672E-11
0.00460694 0.0767823 8.30058E-11
-0.0159009 0.265014 8.27324E-11
0.00741945 0.123657 8.39038E-11
-0.0149194 0.248657 8.50102E-11
0.000549317 0.00915528 8.5987E-11
-0.00252685 0.0421142 8.38071E-11
-0.00157471 0.0262451 8.38622E-11
-0.0288647 0.481078 8.38064E-11
0.0030542 0.0509034 8.2956E-11
-0.0178783 0.297972 8.57924E-11
-0.0116675 0.194459 8.41933E-11
0.00497315 0.0828858 8.41797E-11
0.00479736 0.0799561 8.48845E-11
0.000285645 0.00476075 8.55705E-11
0.00336182 0.0560304 8.49551E-11
-0.00062256 0.010376 8.4083E-11
-0.00825438 0.137573 8.27444E-11
-0.00706787 0.117798 8.46006E-11
-0.0050464 0.0841066 8.30375E-11
-0.00947022 0.157837 8.42525E-11
0.0171166 0.285277 8.41558E-11
0.00960205 0.160034 8.35166E-11
0.00138428 0.0230713 8.50902E-11
0.0150659 0.251098 8.28963E-11
-0.0131323 0.218872 8.43877E-11
0.00989501 0.164917 8.44945E-11
-0.00230713 0.0384522 8.37205E-11
0.0114917 0.191529 8.43409E-11
0.00182373 0.0303956 8.4137E-11
0.0115064 0.191773 8.50423E-11
-0.0161207 0.268678 8.47156E-11
-0.000563965 0.00939942 8.28193E-11
0.00574952 0.0958253 8.64466E-11
0.0124877 0.208128 8.54301E-11
0.00311279 0.0518799 8.39146E-11
-0.00342042 0.0570069 8.28911E-11
0.00435792 0.0726319 8.52444E-11
-0.00513429 0.0855714 8.34329E-11
0.00403565 0.0672608 8.30774E-11
-0.0150219 0.250366 8.4088E-11
-0.00859131 0.143188 8.45278E-11
0.010232 0.170533 8.42994E-11
0.00365479 0.0609132 8.41679E-11
-0.0196215 0.327026 8.49673E-11
0.00374268 0.062378 8.31154E-11
0.0271802 0.453003 8.32658E-11
-0.00182373 0.0303956 8.46039E-11
-0.0147289 0.245482 8.56822E-11
0.0113745 0.189575 8.40644E-11
-0.00135498 0.0225831 8.34716E-11
-0.00119385 0.0198974 8.39742E-11
0.0114477 0.190796 8.42774E-11
-0.00791749 0.131958 8.51605E-11
0.00614503 0.102417 8.37284E-11
-0.0119457 0.199096 8.35994E-11
0.016267 0.271117 8.6881E-11
0.000886231 0.0147705 8.32186E-11
-0.00132569 0.0220948 8.56011E-11
-0.0107152 0.178587 8.30358E-11
-0.0104516 0.174193 8.33561E-11
0.00790284 0.131714 8.43884E-11
-0.00374268 0.062378 8.56807E-11
-0.00120849 0.0201416 8.33839E-11
-0.00739014 0.123169 8.48933E-11
0.0040503 0.0675049 8.3537E-11
0.00448975 0.0748292 8.30729E-11
0.00693604 0.115601 8.47253E-11
-0.00696533 0.116089 8.40598E-11
-0.0131323 0.218872 8.40068E-11
0.0125756 0.209593 8.47925E-11
-0.00358156 0.0596926 8.39806E-11
-0.00876709 0.146118 8.33641E-11
0.0118139 0.196898 8.32705E-11
-0.00429931 0.0716553 8.35344E-11
0.00465089 0.0775148 8.43239E-11
0.00736085 0.122681 8.24581E-11
0.007771 0.129517 8.2807E-11
0.00982178 0.163696 8.42479E-11
0.00223389 0.0372314 8.52823E-11
0.00744873 0.124146 8.32884E-11
-0.0303881 0.506468 8.55857E-11
0.0104222 0.173704 8.30916E-11
0.000476075 0.00793458 8.41422E-11
0.0117992 0.196654 8.51039E-11
0.00791749 0.131958 8.2616E-11
0.00692139 0.115356 8.42251E-11
0.00923584 0.153931 8.48085E-11
-0.00478271 0.0797119 8.35368E-11
-0.00593995 0.0989991 8.42592E-11
0.00828368 0.138061 8.40784E-11
-0.00506105 0.0843508 8.27064E-11
0.0128979 0.214966 8.37086E-11
0.0108031 0.180053 8.60199E-11
0.00613038 0.102173 8.29592E-11
-0.0213207 0.355346 8.3988E-11
-0.0134985 0.224975 8.42457E-11
-0.00895751 0.149292 8.43554E-11
0.0190063 0.316772 8.30184E-11
-0.0111987 0.186645 8.47339E-11
0.00245362 0.0408937 8.334E-11
0.00254151 0.0423584 8.48439E-11
0.00150147 0.0250244 8.35698E-11
0.00327392 0.0545654 8.34285E-11
0.00966064 0.161011 8.67078E-11
0.00925048 0.154175 8.33141E-11
