-0.00734619 0.122437 7.23411E-11
0.0103929 0.173216 7.37078E-11
-0.0110376 0.183959 7.34517E-11
0.00509033 0.0848389 7.43482E-11
-0.000446778 0.0074463 7.30715E-11
0.00706787 0.117798 7.41374E-11
-0.00202881 0.0338136 7.30816E-11
0.000695801 0.0115967 7.38206E-11
-0.00113525 0.0189209 7.3532E-11
-0.00412354 0.0687256 7.25483E-11
0.00476807 0.0794678 7.41237E-11
0.0233423 0.389038 7.37269E-11
0.00468018 0.078003 7.33309E-11
-0.00177978 0.0296631 7.23992E-11
0.00812255 0.135376 7.24151E-11
-0.00478271 0.0797119 7.32166E-11
-0.00872314 0.145386 7.27576E-11
0.0161939 0.269898 7.28543E-11
0.0164135 0.273559 7.27384E-11
0.0050171 0.0836183 7.19677E-11
-0.00838623 0.13977 7.36598E-11
0.0265941 0.443236 7.42495E-11
-0.0101879 0.169799 7.3114E-11
-0.000827638 0.013794 7.35481E-11
0.00361086 0.0601809 7.44659E-11
0.0122387 0.203979 7.3656E-11
-0.0120044 0.200073 7.29164E-11
-0.0138647 0.231079 7.30359E-11
-0.00951416 0.158569 7.27784E-11
-0.0282054 0.470091 7.38501E-11
-0.0332006 0.553343 7.3695E-11
-0.0228589 0.380982 7.25891E-11
-0.00197021 0.0328369 7.29171E-11
-0.00681885 0.113647 7.22875E-11
-0.00236572 0.0394287 7.47788E-11
-0.0167651 0.279419 7.18747E-11
-0.00125244 0.0208739 7.27385E-11
0.0113745 0.189575 7.31657E-11
-0.0147143 0.245238 7.26437E-11
0.0022046 0.0367433 7.20589E-11
-0.0016626 0.0277099 7.46617E-11
-0.0258618 0.43103 7.44785E-11
-0.00192626 0.0321044 7.29868E-11
0.000446778 0.0074463 7.28153E-11
0.00114991 0.0191651 7.3774E-11
0.00507569 0.0845948 7.32447E-11
0.0144213 0.240355 7.26121E-11
0.0159302 0.265503 7.301E-11
0.00923584 0.153931 7.24652E-11
0.00633546 0.105591 7.2766E-11
0.00995359 0.165893 7.29465E-11
-0.000563965 0.00939942 7.28676E-11
0.00451906 0.0753176 7.28305E-11
0.00542725 0.0904541 7.38543E-11
-0.00642336 0.107056 7.24952E-11
-0.00245362 0.0408937 7.37421E-11
-0.0192114 0.32019 7.36874E-11
-0.0107885 0.179808 7.23113E-11
0.0102758 0.171264 7.34979E-11
-0.00306886 0.0511476 7.30181E-11
0.000681153 0.0113526 7.23953E-11
0.012517 0.208617 7.33035E-11
0.0165014 0.275023 7.45293E-11
0.00671631 0.111938 7.49902E-11
0.004021 0.0670166 7.28785E-11
0.00195557 0.0325928 7.35653E-11
0.016809 0.280151 7.37463E-11
-0.00224854 0.0374756 7.28569E-11
0.00547119 0.0911865 7.39139E-11
-0.0137328 0.228881 7.26394E-11
0.00427003 0.0711671 7.23579E-11
-0.00334717 0.0557863 7.49407E-11
-0.00261474 0.0435791 7.43776E-11
-0.00270264 0.0450439 7.51721E-11
0.00131103 0.0218506 7.25101E-11
-0.00192626 0.0321044 7.4748E-11
-0.00731691 0.121948 7.2885E-11
-0.0076538 0.127563 7.4173E-11
-0.0104662 0.174437 7.29498E-11
-0.0122974 0.204957 7.27941E-11
-0.00982178 0.163696 7.29274E-11
0.011477 0.191284 7.39886E-11
-0.0272973 0.454956 7.34564E-11
-0.0254516 0.424193 7.33746E-11
0.00932372 0.155395 7.25528E-11
0.00973389 0.162231 7.26891E-11
-0.00197021 0.0328369 7.3863E-11
-0.00542725 0.0904541 7.22568E-11
-0.00374268 0.062378 7.31254E-11
-0.00686278 0.11438 7.41916E-11
-0.0112427 0.187378 7.30285E-11
-0.0213061 0.355102 7.26826E-11
-0.0229907 0.383178 7.3008E-11
-0.0130151 0.216918 7.30207E-11
0.0174535 0.290892 7.19967E-11
-0.0290552 0.484253 7.31101E-11
-0.0178929 0.298216 7.51061E-11
-0.00821045 0.136841 7.21534E-11
-0.0123558 0.205931 7.15494E-11
0.0126781 0.211303 7.36793E-11
0.0026294 0.0438233 7.23554E-11
-0.0136303 0.227172 7.37926E-11
-0.000505372 0.00842286 7.34781E-11
-0.0132933 0.221556 7.52335E-11
-0.00384522 0.064087 7.33634E-11
0.0239574 0.399291 7.39198E-11
-0.0109789 0.182982 7.26501E-11
-0.0248803 0.414672 7.32454E-11
-0.0156372 0.26062 7.36069E-11
0.0183471 0.305786 7.26554E-11
0.00577881 0.0963136 7.44815E-11
0.00062256 0.010376 7.29584E-11
-0.000256348 0.00427247 7.35156E-11
0.0228735 0.381226 7.20274E-11
0.00898681 0.14978 7.38733E-11
0.0144506 0.240843 7.29221E-11
-0.00941162 0.15686 7.28682E-11
-0.0086499 0.144165 7.22587E-11
0.014978 0.249633 7.2804E-11
-0.00125244 0.0208739 7.25548E-11
-0.017351 0.289184 7.24176E-11
0.00071045 0.0118408 7.35871E-11
0.0119311 0.198852 7.24364E-11
-0.00425537 0.0709229 7.22445E-11
0.0239867 0.399779 7.17986E-11
0.016853 0.280883 7.31076E-11
-0.0296557 0.494262 7.29508E-11
-0.00274659 0.0457764 7.2435E-11
-0.0209985 0.349975 7.25079E-11
-0.0010913 0.0181884 7.26319E-11
-0.0111401 0.185668 7.40544E-11
0.00519286 0.0865477 7.44E-11
-0.0103051 0.171753 7.40602E-11
0.010935 0.18225 7.29074E-11
-0.00384522 0.064087 7.29436E-11
0.00897217 0.149536 7.28558E-11
0.0137768 0.229613 7.31439E-11
0.00377197 0.0628662 7.21117E-11
0.00651124 0.108521 7.23212E-11
0.00891357 0.14856 7.28239E-11
-0.000695801 0.0115967 7.44184E-11
0.000168458 0.00280763 7.22191E-11
0.0106127 0.176878 7.32988E-11
0.00478271 0.0797119 7.47188E-11
0.0146264 0.243773 7.25265E-11
0.0162524 0.270873 7.47726E-11
0.0126342 0.21057 7.21552E-11
0.000856934 0.0142822 7.42764E-11
-0.00481202 0.0802003 7.4423E-11
-0.0140698 0.234497 7.26454E-11
0.0086792 0.144653 7.49616E-11
-0.0167358 0.27893 7.30805E-11
0.00385987 0.0643311 7.2609E-11
9.5215E-05 0.00158692 7.25859E-11
-0.0022046 0.0367433 7.40381E-11
0.00172119 0.0286864 7.29914E-11
-0.012019 0.200317 7.27829E-11
-0.021394 0.356567 7.38348E-11
0.00355225 0.0592042 7.25233E-11
0.015725 0.262084 7.29469E-11
0.0119604 0.19934 7.25998E-11
-0.00186768 0.0311279 7.28686E-11
8.05667E-05 0.00134278 7.27061E-11
0.0050464 0.0841066 7.25428E-11
0.0186547 0.310912 7.35979E-11
0.00548583 0.0914306 7.21259E-11
-0.00301026 0.0501711 7.18696E-11
-0.00936767 0.156128 7.5268E-11
0.0255248 0.425413 7.22367E-11
0.000314942 0.00524903 7.31253E-11
0.0030542 0.0509034 7.31077E-11
0.0048999 0.0816651 7.30432E-11
-0.00888428 0.148071 7.16099E-11
0.00809326 0.134888 7.32706E-11
-0.0100415 0.167358 7.32256E-11
0.0123266 0.205443 7.29815E-11
0.00186768 0.0311279 7.33787E-11
0.0105688 0.176147 7.37458E-11
-0.010935 0.18225 7.39435E-11
-0.00763916 0.127319 7.39065E-11
0.0179808 0.299681 7.33821E-11
-0.00712648 0.118775 7.27921E-11
-0.0152564 0.254273 7.26758E-11
0.00302491 0.0504153 7.40332E-11
0.00198486 0.0330811 7.27816E-11
0.00731691 0.121948 7.27319E-11
0.0122241 0.203735 7.29115E-11
0.016062 0.2677 7.47299E-11
0.0127954 0.213256 7.23662E-11
0.0255687 0.426146 7.43388E-11
-0.00122315 0.0203858 7.33968E-11
-0.00630615 0.105103 7.38296E-11
-0.00733155 0.122193 7.27245E-11
0.0351782 0.586303 7.18935E-11
-0.0130151 0.216918 7.30502E-11
-0.00519286 0.0865477 7.32555E-11
0.00550049 0.0916748 7.28856E-11
-0.0167798 0.279663 7.28512E-11
0.00428467 0.0714112 7.37718E-11
0.00542725 0.0904541 7.3247E-11
