0.00515625 0.0859375 9.21831E-10
-0.0126562 0.210938 9.26433E-10
0.00890625 0.148438 8.88456E-10
0.00046875 0.0078125 8.87892E-10
-0.00515625 0.0859375 8.86397E-10
0.00328125 0.0546875 9.18139E-10
0.00421875 0.0703125 9.33745E-10
0.00984375 0.164062 8.87288E-10
0.00140625 0.0234375 8.49109E-10
0.00421875 0.0703125 9.17122E-10
-0.0117188 0.195312 8.56589E-10
-0.00796875 0.132812 9.33747E-10
0.00703125 0.117188 8.87847E-10
0.0257812 0.429688 9.12487E-10
-0.00609375 0.101563 8.87606E-10
0.00796875 0.132812 9.04799E-10
-0.0126562 0.210938 9.61431E-10
0.00515625 0.0859375 9.03688E-10
-0.00046875 0.0078125 9.05798E-10
0.00234375 0.0390625 9.16783E-10
-0.00890625 0.148438 8.91991E-10
0.00140625 0.0234375 9.42714E-10
-0.0117188 0.195312 9.09262E-10
-0.00796875 0.132812 8.40947E-10
-0.00515625 0.0859375 9.25659E-10
-0.00328125 0.0546875 9.34134E-10
-0.0295312 0.492188 8.74641E-10
-0.0154687 0.257812 8.94546E-10
-0.00515625 0.0859375 8.68074E-10
-0.0145312 0.242188 9.35765E-10
-0.0154687 0.257812 9.17699E-10
-0.0154687 0.257812 9.3504E-10
-0.00328125 0.0546875 9.28555E-10
0.0135937 0.226562 9.57602E-10
0.00328125 0.0546875 9.12871E-10
0.00234375 0.0390625 9.02448E-10
0.00046875 0.0078125 8.5806E-10
-0.00140625 0.0234375 9.1748E-10
0.00328125 0.0546875 9.10492E-10
-0.0135937 0.226562 8.85267E-10
0.0107812 0.179688 9.27819E-10
-0.00890625 0.148438 8.77799E-10
0.00140625 0.0234375 8.39007E-10
0.00140625 0.0234375 9.0771E-10
-0.00984375 0.164062 8.96534E-10
0.00421875 0.0703125 9.23723E-10
-0.00796875 0.132812 9.48937E-10
-0.00421875 0.0703125 9.22588E-10
0.00515625 0.0859375 9.32207E-10
-0.0126562 0.210938 8.91235E-10
0.0107812 0.179688 8.96426E-10
-0.00703125 0.117188 9.33624E-10
0.0126562 0.210938 9.32485E-10
-0.00984375 0.164062 8.78628E-10
0.00703125 0.117188 9.53938E-10
-0.00140625 0.0234375 8.93502E-10
-0.00421875 0.0703125 9.26023E-10
0.0182812 0.304688 8.98862E-10
-0.00234375 0.0390625 9.21971E-10
0.00609375 0.101563 8.97181E-10
0.00703125 0.117188 8.79054E-10
0.0117188 0.195312 9.06361E-10
0.00609375 0.101563 8.87254E-10
-0.00515625 0.0859375 9.1625E-10
0.00328125 0.0546875 9.12644E-10
0.0126562 0.210938 8.76306E-10
-0.0154687 0.257812 9.43854E-10
-0.00984375 0.164062 9.1436E-10
-0.00984375 0.164062 8.87093E-10
-0.0107812 0.179688 9.37689E-10
0.00046875 0.0078125 8.9901E-10
0.00140625 0.0234375 9.14374E-10
-0.00515625 0.0859375 9.06497E-10
-0.0192187 0.320312 8.69245E-10
-0.0173437 0.289062 9.06228E-10
0.0126562 0.210938 9.19889E-10
-0.00234375 0.0390625 8.86679E-10
-0.00703125 0.117188 9.18567E-10
-0.0182812 0.304688 9.03694E-10
0.00984375 0.164062 8.69104E-10
-0.0210937 0.351562 9.13256E-10
-0.00515625 0.0859375 9.33869E-10
-0.00421875 0.0703125 8.85711E-10
-0.00140625 0.0234375 9.07292E-10
-0.00609375 0.101563 9.1699E-10
-0.0107812 0.179688 9.26616E-10
0.00609375 0.101563 8.96572E-10
-0.00421875 0.0703125 9.34873E-10
0.00421875 0.0703125 9.29251E-10
0.00421875 0.0703125 8.7726E-10
0.00046875 0.0078125 8.87831E-10
0.00515625 0.0859375 9.5384E-10
0.0145312 0.242188 8.81084E-10
0.00328125 0.0546875 9.23526E-10
-0.00890625 0.148438 9.30181E-10
-0.00421875 0.0703125 8.98835E-10
0.00421875 0.0703125 8.76465E-10
0.00515625 0.0859375 9.04716E-10
0.0164062 0.273437 9.00579E-10
0.0182812 0.304688 8.642E-10
0.0201563 0.335938 9.17767E-10
0.0145312 0.242188 8.77454E-10
0.00609375 0.101563 9.25025E-10
0.0126562 0.210938 8.90303E-10
-0.00796875 0.132812 9.62585E-10
0.00796875 0.132812 8.55091E-10
-0.00421875 0.0703125 9.12391E-10
0.00890625 0.148438 9.28755E-10
0.00140625 0.0234375 9.36016E-10
-0.00046875 0.0078125 9.21982E-10
0.0107812 0.179688 9.06737E-10
0.00796875 0.132812 9.06859E-10
0.00609375 0.101563 9.36209E-10
-0.00421875 0.0703125 9.07469E-10
-0.0117188 0.195312 8.9554E-10
0.00140625 0.0234375 9.01874E-10
0.0182812 0.304688 8.67999E-10
0.0126562 0.210938 9.11697E-10
0.00609375 0.101563 9.25856E-10
-0.00703125 0.117188 9.26525E-10
-0.00234375 0.0390625 9.27552E-10
-0.00046875 0.0078125 8.77184E-10
0.00046875 0.0078125 9.07355E-10
-0.00703125 0.117188 9.16187E-10
0.00140625 0.0234375 9.26069E-10
-0.00046875 0.0078125 8.68378E-10
-0.00046875 0.0078125 8.84255E-10
-0.0182812 0.304688 9.04682E-10
0.00046875 0.0078125 8.7828E-10
0.0117188 0.195312 8.7866E-10
0.00046875 0.0078125 9.36354E-10
0.00328125 0.0546875 9.33875E-10
-0.0135937 0.226562 8.67297E-10
-0.00984375 0.164062 9.32631E-10
0.00515625 0.0859375 9.2647E-10
-0.00046875 0.0078125 9.26883E-10
-0.00515625 0.0859375 9.11441E-10
-0.00890625 0.148438 9.20549E-10
0.00234375 0.0390625 9.24497E-10
0.00796875 0.132812 9.12325E-10
-0.0154687 0.257812 9.45987E-10
0.00609375 0.101563 8.57154E-10
0.00984375 0.164062 8.88547E-10
0.00140625 0.0234375 8.54273E-10
-0.0126562 0.210938 9.14001E-10
-0.00140625 0.0234375 9.40776E-10
0.00890625 0.148438 9.17916E-10
0.00703125 0.117188 8.80925E-10
0.00140625 0.0234375 9.0031E-10
-0.0182812 0.304688 8.86059E-10
0.00703125 0.117188 9.19583E-10
0.00328125 0.0546875 9.44996E-10
-0.00046875 0.0078125 9.03634E-10
-0.00234375 0.0390625 8.98282E-10
0.00609375 0.101563 9.5764E-10
-0.00984375 0.164062 9.0755E-10
0.0107812 0.179688 8.96077E-10
-0.0117188 0.195312 8.97418E-10
0.00515625 0.0859375 9.2478E-10
-0.00140625 0.0234375 8.58568E-10
-0.00515625 0.0859375 9.02883E-10
0.00609375 0.101563 9.02839E-10
-0.00890625 0.148438 9.23417E-10
-0.00328125 0.0546875 9.0352E-10
-0.00515625 0.0859375 9.45555E-10
0.00140625 0.0234375 9.36087E-10
-0.00328125 0.0546875 9.26296E-10
0.00515625 0.0859375 9.21527E-10
-0.00890625 0.148438 9.39252E-10
-0.00890625 0.148438 8.98456E-10
-0.00046875 0.0078125 8.97854E-10
0.00796875 0.132812 9.04335E-10
0.0182812 0.304688 8.96047E-10
0.00421875 0.0703125 9.76226E-10
-0.00984375 0.164062 9.54219E-10
0.00234375 0.0390625 9.32398E-10
0.00328125 0.0546875 8.87807E-10
-0.00046875 0.0078125 8.79002E-10
0.00890625 0.148438 8.59536E-10
0.0117188 0.195312 9.15048E-10
-0.0107812 0.179688 9.36441E-10
0.0107812 0.179688 9.19373E-10
-0.0117188 0.195312 8.96325E-10
-0.00046875 0.0078125 8.76141E-10
-0.00234375 0.0390625 9.35817E-10
0.00515625 0.0859375 9.06752E-10
-0.00421875 0.0703125 8.92715E-10
0.00328125 0.0546875 8.72507E-10
0.00515625 0.0859375 9.42737E-10
0.0145312 0.242188 8.98019E-10
-0.0164062 0.273437 9.25555E-10
0.0126562 0.210938 8.8829E-10
0.0164062 0.273437 8.67953E-10
-0.00328125 0.0546875 8.98723E-10
-0.00421875 0.0703125 9.16753E-10
0.00609375 0.101563 9.06358E-10
0.00046875 0.0078125 9.06634E-10
-0.00140625 0.0234375 8.85778E-10
0.00421875 0.0703125 8.68013E-10
-0.0126562 0.210938 8.8726E-10
