-0.00515625 0.0859375 1.34247E-10
0.0107812 0.179688 1.34407E-10
0.00890625 0.148438 1.35261E-10
0.00703125 0.117188 1.35073E-10
0.0164062 0.273437 1.37051E-10
0.00328125 0.0546875 1.33296E-10
0.0229688 0.382813 1.35272E-10
0.00234375 0.0390625 1.37874E-10
0.0117188 0.195312 1.35378E-10
0.00890625 0.148438 1.38413E-10
-0.0229688 0.382813 1.34314E-10
0.00234375 0.0390625 1.3799E-10
0.00703125 0.117188 1.32968E-10
-0.0145312 0.242188 1.37482E-10
0.0117188 0.195312 1.35257E-10
-0.00609375 0.101563 1.33783E-10
-0.00046875 0.0078125 1.33305E-10
-0.0182812 0.304688 1.34322E-10
-0.00609375 0.101563 1.34698E-10
0.00328125 0.0546875 1.37728E-10
0.00328125 0.0546875 1.37381E-10
0.00046875 0.0078125 1.37237E-10
0.00046875 0.0078125 1.32732E-10
0.0248437 0.414062 1.33844E-10
-0.0117188 0.195312 1.37715E-10
0.00796875 0.132812 1.33547E-10
0.0182812 0.304688 1.35152E-10
0.00796875 0.132812 1.33593E-10
-0.00796875 0.132812 1.35848E-10
0.00328125 0.0546875 1.32891E-10
-0.00140625 0.0234375 1.3441E-10
-0.00328125 0.0546875 1.34465E-10
0.0145312 0.242188 1.34048E-10
0.00796875 0.132812 1.33958E-10
0.00421875 0.0703125 1.37308E-10
-0.0173437 0.289062 1.37569E-10
0.0107812 0.179688 1.34464E-10
-0.00796875 0.132812 1.35005E-10
-0.00609375 0.101563 1.35677E-10
0.00328125 0.0546875 1.33471E-10
0.00984375 0.164062 1.34589E-10
-0.0164062 0.273437 1.35147E-10
-0.0220313 0.367188 1.35534E-10
-0.00234375 0.0390625 1.37523E-10
0.00515625 0.0859375 1.33882E-10
-0.0117188 0.195312 1.35114E-10
0.0107812 0.179688 1.32142E-10
-0.0107812 0.179688 1.34088E-10
-0.00796875 0.132812 1.37371E-10
0.0201563 0.335938 1.34915E-10
0.00890625 0.148438 1.34755E-10
0.0135937 0.226562 1.36094E-10
0.0182812 0.304688 1.33746E-10
-0.0145312 0.242188 1.33976E-10
0.00046875 0.0078125 1.35225E-10
0.00234375 0.0390625 1.35469E-10
-0.00328125 0.0546875 1.36778E-10
0.00703125 0.117188 1.3565E-10
-0.00421875 0.0703125 1.33724E-10
0.00796875 0.132812 1.3794E-10
0.00234375 0.0390625 1.35425E-10
-0.0107812 0.179688 1.33863E-10
0.00234375 0.0390625 1.34809E-10
0.00515625 0.0859375 1.34259E-10
-0.00796875 0.132812 1.34348E-10
-0.00703125 0.117188 1.33674E-10
-0.00609375 0.101563 1.33714E-10
0.0182812 0.304688 1.35846E-10
0.00890625 0.148438 1.36187E-10
-0.00234375 0.0390625 1.37528E-10
0.00515625 0.0859375 1.35544E-10
0.00796875 0.132812 1.35239E-10
0.0145312 0.242188 1.33595E-10
0.00796875 0.132812 1.33666E-10
-0.00984375 0.164062 1.34006E-10
0.00046875 0.0078125 1.34532E-10
-0.00515625 0.0859375 1.34332E-10
-0.0164062 0.273437 1.34711E-10
0.00421875 0.0703125 1.34389E-10
0.00046875 0.0078125 1.33835E-10
-0.00234375 0.0390625 1.339E-10
0.00515625 0.0859375 1.34818E-10
0.00515625 0.0859375 1.34968E-10
-0.00609375 0.101563 1.33922E-10
-0.00609375 0.101563 1.34249E-10
-0.00046875 0.0078125 1.3848E-10
-0.00609375 0.101563 1.36436E-10
0.00328125 0.0546875 1.33913E-10
-0.00703125 0.117188 1.35113E-10
0.00984375 0.164062 1.33544E-10
0.00609375 0.101563 1.37214E-10
0.0192187 0.320312 1.35064E-10
0.00515625 0.0859375 1.35373E-10
-0.00234375 0.0390625 1.33858E-10
0.0229688 0.382813 1.34364E-10
-0.00328125 0.0546875 1.33714E-10
0.00703125 0.117188 1.36124E-10
0.0117188 0.195312 1.33897E-10
-0.00234375 0.0390625 1.33884E-10
-0.00046875 0.0078125 1.36307E-10
-0.00796875 0.132812 1.34364E-10
0.00515625 0.0859375 1.37196E-10
-0.0164062 0.273437 1.37133E-10
-0.00515625 0.0859375 1.38093E-10
-0.00421875 0.0703125 1.37342E-10
-0.0173437 0.289062 1.34301E-10
0.0201563 0.335938 1.3401E-10
0.00140625 0.0234375 1.3618E-10
-0.0117188 0.195312 1.33696E-10
-0.0117188 0.195312 1.36166E-10
-0.00796875 0.132812 1.37412E-10
0.00515625 0.0859375 1.34482E-10
-0.00328125 0.0546875 1.34327E-10
-0.0126562 0.210938 1.3497E-10
-0.00328125 0.0546875 1.3268E-10
-0.00515625 0.0859375 1.34734E-10
-0.00515625 0.0859375 1.34563E-10
-0.00328125 0.0546875 1.3352E-10
-0.00140625 0.0234375 1.35249E-10
-0.00421875 0.0703125 1.36235E-10
-0.00609375 0.101563 1.33556E-10
-0.00703125 0.117188 1.33602E-10
0.00140625 0.0234375 1.35705E-10
0.0107812 0.179688 1.34272E-10
0.00890625 0.148438 1.36467E-10
0.00515625 0.0859375 1.36412E-10
0.00046875 0.0078125 1.34199E-10
-0.00890625 0.148438 1.33757E-10
-0.0229688 0.382813 1.36947E-10
0.00421875 0.0703125 1.34013E-10
0.00609375 0.101563 1.33856E-10
-0.0173437 0.289062 1.33455E-10
0.00140625 0.0234375 1.33738E-10
-0.00984375 0.164062 1.34269E-10
0.00234375 0.0390625 1.36255E-10
0.00140625 0.0234375 1.34731E-10
0.0145312 0.242188 1.3778E-10
-0.00984375 0.164062 1.34412E-10
0.00234375 0.0390625 1.36897E-10
0.00609375 0.101563 1.38189E-10
-0.00890625 0.148438 1.33609E-10
0.0117188 0.195312 1.33707E-10
0.0154687 0.257812 1.36045E-10
-0.0201563 0.335938 1.36437E-10
-0.0173437 0.289062 1.35192E-10
0.00796875 0.132812 1.36462E-10
0.00328125 0.0546875 1.34639E-10
0.0117188 0.195312 1.38931E-10
0.0285937 0.476562 1.34334E-10
-0.0267187 0.445312 1.32841E-10
-0.00046875 0.0078125 1.36728E-10
0.00703125 0.117188 1.34508E-10
0.0192187 0.320312 1.33082E-10
0.00515625 0.0859375 1.37548E-10
-0.0164062 0.273437 1.36148E-10
-0.00421875 0.0703125 1.38415E-10
0.00984375 0.164062 1.37174E-10
-0.00703125 0.117188 1.3666E-10
-0.00046875 0.0078125 1.36507E-10
-0.00140625 0.0234375 1.34695E-10
0.00046875 0.0078125 1.3376E-10
-0.00421875 0.0703125 1.33553E-10
0.00984375 0.164062 1.32623E-10
-0.00703125 0.117188 1.35286E-10
-0.00421875 0.0703125 1.36336E-10
0.0220313 0.367188 1.35703E-10
0.00234375 0.0390625 1.36472E-10
-0.00234375 0.0390625 1.33735E-10
-0.00421875 0.0703125 1.34518E-10
0.00703125 0.117188 1.35495E-10
0.0201563 0.335938 1.35147E-10
0.00140625 0.0234375 1.33327E-10
0.00140625 0.0234375 1.34409E-10
0.00421875 0.0703125 1.37639E-10
0.0117188 0.195312 1.33101E-10
-0.0154687 0.257812 1.33835E-10
-0.0107812 0.179688 1.34351E-10
0.0117188 0.195312 1.32999E-10
-0.00890625 0.148438 1.344E-10
-0.00140625 0.0234375 1.37628E-10
-0.0117188 0.195312 1.36349E-10
0.00515625 0.0859375 1.3423E-10
0.0145312 0.242188 1.34957E-10
-0.0154687 0.257812 1.33809E-10
-0.00046875 0.0078125 1.34385E-10
-0.0145312 0.242188 1.34432E-10
-0.00984375 0.164062 1.35245E-10
-0.00421875 0.0703125 1.3858E-10
-0.00796875 0.132812 1.32165E-10
0.0145312 0.242188 1.36637E-10
-0.00984375 0.164062 1.39011E-10
-0.00515625 0.0859375 1.37442E-10
0.00984375 0.164062 1.33258E-10
-0.00328125 0.0546875 1.33808E-10
0.00234375 0.0390625 1.34081E-10
0.0164062 0.273437 1.34292E-10
0.00609375 0.101563 1.36173E-10
0.00703125 0.117188 1.35108E-10
0.00234375 0.0390625 1.33132E-10
0.00234375 0.0390625 1.34257E-10
