-0.00234375 0.0390625 1.09703E-10
0.0285937 0.476562 1.09062E-10
-0.00140625 0.0234375 1.09629E-10
-0.00515625 0.0859375 1.09895E-10
-0.0192187 0.320312 1.07965E-10
0.00140625 0.0234375 1.08917E-10
0.00421875 0.0703125 1.06665E-10
-0.00515625 0.0859375 1.08401E-10
-0.00984375 0.164062 1.09507E-10
0.00046875 0.0078125 1.0663E-10
-0.0126562 0.210938 1.08154E-10
0.00890625 0.148438 1.0706E-10
0.00421875 0.0703125 1.09907E-10
-0.00703125 0.117188 1.09094E-10
0.00703125 0.117188 1.09001E-10
0.00609375 0.101563 1.08574E-10
-0.00421875 0.0703125 1.09281E-10
-0.00703125 0.117188 1.08282E-10
0.0107812 0.179688 1.09684E-10
0.00140625 0.0234375 1.09503E-10
-0.00328125 0.0546875 1.07702E-10
-0.0154687 0.257812 1.09109E-10
0.00234375 0.0390625 1.09643E-10
-0.00328125 0.0546875 1.07927E-10
0.00890625 0.148438 1.08913E-10
-0.00796875 0.132812 1.08595E-10
0.00796875 0.132812 1.08592E-10
0.00421875 0.0703125 1.08825E-10
-0.00515625 0.0859375 1.08248E-10
-0.0126562 0.210938 1.09649E-10
-0.00328125 0.0546875 1.11087E-10
-0.00328125 0.0546875 1.08682E-10
-0.0154687 0.257812 1.07066E-10
-0.0107812 0.179688 1.09147E-10
0.00796875 0.132812 1.09606E-10
-0.00140625 0.0234375 1.09574E-10
0.0145312 0.242188 1.09341E-10
-0.0154687 0.257812 1.08129E-10
-0.00140625 0.0234375 1.09852E-10
-0.0117188 0.195312 1.08533E-10
0.0117188 0.195312 1.07892E-10
-0.0107812 0.179688 1.08815E-10
-0.00046875 0.0078125 1.08258E-10
0.00046875 0.0078125 1.08403E-10
0.00890625 0.148438 1.1024E-10
-0.00328125 0.0546875 1.10321E-10
0.0154687 0.257812 1.09378E-10
0.00515625 0.0859375 1.0941E-10
-0.00984375 0.164062 1.08076E-10
0.00890625 0.148438 1.09335E-10
-0.0210937 0.351562 1.08427E-10
-0.00703125 0.117188 1.10405E-10
0.0154687 0.257812 1.07278E-10
-0.00234375 0.0390625 1.08223E-10
0.00421875 0.0703125 1.09807E-10
-0.0126562 0.210938 1.08357E-10
-0.00796875 0.132812 1.0966E-10
0.0229688 0.382813 1.08903E-10
0.00234375 0.0390625 1.08862E-10
0.00328125 0.0546875 1.10293E-10
0.0126562 0.210938 1.09788E-10
0.00984375 0.164062 1.09916E-10
-0.0107812 0.179688 1.0874E-10
0.00140625 0.0234375 1.09001E-10
0.00234375 0.0390625 1.07944E-10
-0.0173437 0.289062 1.08415E-10
-0.00796875 0.132812 1.09496E-10
-0.0126562 0.210938 1.08014E-10
0.0164062 0.273437 1.08779E-10
-0.0135937 0.226562 1.07968E-10
0.0126562 0.210938 1.07758E-10
0.00890625 0.148438 1.07373E-10
-0.00890625 0.148438 1.09408E-10
-0.00140625 0.0234375 1.09402E-10
-0.00609375 0.101563 1.0811E-10
0.0107812 0.179688 1.0954E-10
-0.00234375 0.0390625 1.08139E-10
0.00234375 0.0390625 1.07112E-10
-0.00515625 0.0859375 1.09062E-10
-0.00328125 0.0546875 1.08161E-10
-0.00703125 0.117188 1.08048E-10
-0.0173437 0.289062 1.09517E-10
0.00796875 0.132812 1.09312E-10
-0.00796875 0.132812 1.08701E-10
0.00140625 0.0234375 1.08243E-10
-0.0107812 0.179688 1.08513E-10
-0.00984375 0.164062 1.08485E-10
0.0248437 0.414062 1.08553E-10
-0.0239062 0.398437 1.09401E-10
-0.00703125 0.117188 1.09277E-10
-0.00890625 0.148438 1.08652E-10
0.0145312 0.242188 1.09383E-10
0.0154687 0.257812 1.09521E-10
0.00515625 0.0859375 1.10144E-10
-0.00890625 0.148438 1.08349E-10
-0.00984375 0.164062 1.08885E-10
-0.00234375 0.0390625 1.0839E-10
0.0117188 0.195312 1.08585E-10
-0.0295312 0.492188 1.08041E-10
0.00421875 0.0703125 1.08186E-10
-0.00234375 0.0390625 1.09259E-10
0.00234375 0.0390625 1.09342E-10
0.00328125 0.0546875 1.08837E-10
0.00140625 0.0234375 1.0861E-10
-0.0145312 0.242188 1.0827E-10
-0.00890625 0.148438 1.06993E-10
-0.0107812 0.179688 1.08605E-10
0.0145312 0.242188 1.08983E-10
-0.00796875 0.132812 1.09204E-10
-0.00515625 0.0859375 1.09101E-10
-0.00234375 0.0390625 1.09968E-10
0.00609375 0.101563 1.08842E-10
0.00890625 0.148438 1.09526E-10
0.00609375 0.101563 1.08096E-10
0.00515625 0.0859375 1.09498E-10
0.0126562 0.210938 1.1055E-10
0.00890625 0.148438 1.07549E-10
0.00609375 0.101563 1.08239E-10
-0.00234375 0.0390625 1.08354E-10
0.00515625 0.0859375 1.1031E-10
-0.00234375 0.0390625 1.0967E-10
-0.00140625 0.0234375 1.08579E-10
-0.00328125 0.0546875 1.08899E-10
0.00046875 0.0078125 1.08103E-10
0.0117188 0.195312 1.08872E-10
-0.0192187 0.320312 1.07836E-10
-0.0107812 0.179688 1.09121E-10
-0.00234375 0.0390625 1.08907E-10
-0.00984375 0.164062 1.10452E-10
0.00140625 0.0234375 1.09205E-10
0.00703125 0.117188 1.09455E-10
0.00328125 0.0546875 1.09475E-10
0.00890625 0.148438 1.09331E-10
0.00234375 0.0390625 1.0856E-10
0.0107812 0.179688 1.08653E-10
-0.00046875 0.0078125 1.08435E-10
-0.0201563 0.335938 1.10529E-10
0.00515625 0.0859375 1.07861E-10
0.00421875 0.0703125 1.09437E-10
0.00046875 0.0078125 1.09355E-10
0.00421875 0.0703125 1.10429E-10
-0.0154687 0.257812 1.093E-10
-0.00796875 0.132812 1.08426E-10
0.00890625 0.148438 1.09036E-10
-0.00515625 0.0859375 1.08962E-10
0.00328125 0.0546875 1.09271E-10
0.00328125 0.0546875 1.09422E-10
-0.00703125 0.117188 1.07997E-10
0.0173437 0.289062 1.09768E-10
-0.00046875 0.0078125 1.08591E-10
-0.0173437 0.289062 1.0914E-10
-0.00984375 0.164062 1.0851E-10
-0.00234375 0.0390625 1.08837E-10
-0.00140625 0.0234375 1.07229E-10
-0.0126562 0.210938 1.09472E-10
0.00046875 0.0078125 1.08238E-10
0.0117188 0.195312 1.08845E-10
-0.0145312 0.242188 1.094E-10
0.00796875 0.132812 1.08418E-10
-0.00609375 0.101563 1.06873E-10
0.00046875 0.0078125 1.0876E-10
0.00046875 0.0078125 1.0911E-10
-0.0173437 0.289062 1.09277E-10
-0.00890625 0.148438 1.09007E-10
0.00140625 0.0234375 1.08346E-10
0.00796875 0.132812 1.08664E-10
0.00515625 0.0859375 1.08769E-10
0.00515625 0.0859375 1.09171E-10
-0.0210937 0.351562 1.08527E-10
0.00140625 0.0234375 1.09083E-10
-0.0173437 0.289062 1.08266E-10
0.00703125 0.117188 1.08106E-10
0.0117188 0.195312 1.09208E-10
-0.0154687 0.257812 1.09348E-10
-0.0117188 0.195312 1.08305E-10
-0.00234375 0.0390625 1.07542E-10
-0.0182812 0.304688 1.08907E-10
-0.00140625 0.0234375 1.08147E-10
-0.00796875 0.132812 1.0806E-10
0.00234375 0.0390625 1.09045E-10
-0.0126562 0.210938 1.07408E-10
0.00234375 0.0390625 1.08406E-10
-0.0145312 0.242188 1.104E-10
0.00796875 0.132812 1.09074E-10
-0.00515625 0.0859375 1.0973E-10
0.00140625 0.0234375 1.08142E-10
0.00703125 0.117188 1.08946E-10
0.0182812 0.304688 1.08643E-10
0.00421875 0.0703125 1.09214E-10
-0.00890625 0.148438 1.08483E-10
0.00984375 0.164062 1.06498E-10
-0.00140625 0.0234375 1.09363E-10
-0.00140625 0.0234375 1.08484E-10
0.00140625 0.0234375 1.07641E-10
0.00984375 0.164062 1.08207E-10
0.0201563 0.335938 1.09032E-10
-0.00328125 0.0546875 1.07805E-10
-0.0164062 0.273437 1.09798E-10
0.00609375 0.101563 1.08062E-10
-0.00984375 0.164062 1.08551E-10
