0.00328125 0.0546875 2.4228E-10
-0.00328125 0.0546875 2.45964E-10
0.00140625 0.0234375 2.44449E-10
0.00515625 0.0859375 2.38461E-10
0.00515625 0.0859375 2.42188E-10
-0.00046875 0.0078125 2.43474E-10
0.00609375 0.101563 2.43783E-10
0.00328125 0.0546875 2.43697E-10
-0.00703125 0.117188 2.40289E-10
-0.00609375 0.101563 2.43817E-10
0.00515625 0.0859375 2.44546E-10
0.00609375 0.101563 2.44419E-10
-0.00328125 0.0546875 2.3815E-10
-0.00234375 0.0390625 2.37806E-10
-0.0182812 0.304688 2.45067E-10
-0.0117188 0.195312 2.44007E-10
-0.00609375 0.101563 2.36896E-10
0.00140625 0.0234375 2.43378E-10
0.00046875 0.0078125 2.42325E-10
-0.0135937 0.226562 2.41844E-10
-0.00890625 0.148438 2.44456E-10
-0.0126562 0.210938 2.38696E-10
-0.0135937 0.226562 2.41998E-10
0.00609375 0.101563 2.40541E-10
-0.00421875 0.0703125 2.43715E-10
-0.00140625 0.0234375 2.34641E-10
-0.00234375 0.0390625 2.43876E-10
0.00140625 0.0234375 2.38814E-10
-0.00421875 0.0703125 2.42717E-10
0.00234375 0.0390625 2.43791E-10
0.0107812 0.179688 2.34437E-10
-0.00984375 0.164062 2.40715E-10
-0.00328125 0.0546875 2.40484E-10
-0.00046875 0.0078125 2.38745E-10
0.00328125 0.0546875 2.45678E-10
-0.0107812 0.179688 2.43812E-10
-0.00703125 0.117188 2.44798E-10
0.00609375 0.101563 2.40233E-10
0.00421875 0.0703125 2.44518E-10
0.0107812 0.179688 2.38411E-10
0.00046875 0.0078125 2.49097E-10
0.0173437 0.289062 2.40653E-10
-0.00140625 0.0234375 2.43885E-10
-0.00515625 0.0859375 2.45095E-10
0.0154687 0.257812 2.45288E-10
-0.00890625 0.148438 2.44775E-10
-0.00046875 0.0078125 2.4485E-10
0.0145312 0.242188 2.36854E-10
0.00328125 0.0546875 2.43619E-10
0.00609375 0.101563 2.4012E-10
-0.00515625 0.0859375 2.43969E-10
-0.00609375 0.101563 2.45053E-10
-0.00890625 0.148438 2.42955E-10
-0.00234375 0.0390625 2.42764E-10
0.00328125 0.0546875 2.4316E-10
-0.00328125 0.0546875 2.43616E-10
0.00046875 0.0078125 2.38125E-10
0.00328125 0.0546875 2.40399E-10
-0.00234375 0.0390625 2.39789E-10
-0.0107812 0.179688 2.4491E-10
-0.00421875 0.0703125 2.448E-10
-0.00328125 0.0546875 2.42258E-10
-0.00140625 0.0234375 2.45177E-10
0.0126562 0.210938 2.43901E-10
-0.00796875 0.132812 2.43581E-10
0.00609375 0.101563 2.41671E-10
0.00890625 0.148438 2.32024E-10
-0.0192187 0.320312 2.41428E-10
-0.0145312 0.242188 2.42213E-10
-0.0126562 0.210938 2.44912E-10
0.00328125 0.0546875 2.44724E-10
-0.00703125 0.117188 2.37082E-10
-0.00609375 0.101563 2.41881E-10
-0.0126562 0.210938 2.39562E-10
-0.0107812 0.179688 2.45409E-10
0.00234375 0.0390625 2.45757E-10
0.00515625 0.0859375 2.3932E-10
0.00890625 0.148438 2.42486E-10
0.00140625 0.0234375 2.43553E-10
-0.00234375 0.0390625 2.42906E-10
0.00421875 0.0703125 2.44554E-10
0.00234375 0.0390625 2.40153E-10
-0.0135937 0.226562 2.39015E-10
-0.00421875 0.0703125 2.43389E-10
0.0154687 0.257812 2.43003E-10
0.00328125 0.0546875 2.40849E-10
-0.00328125 0.0546875 2.50121E-10
0.00984375 0.164062 2.45436E-10
0.00515625 0.0859375 2.4369E-10
-0.00046875 0.0078125 2.4516E-10
0.00234375 0.0390625 2.41118E-10
0.00890625 0.148438 2.44304E-10
-0.00796875 0.132812 2.4162E-10
-0.0182812 0.304688 2.41071E-10
0.0135937 0.226562 2.42061E-10
0.00609375 0.101563 2.42339E-10
0.00421875 0.0703125 2.4271E-10
-0.00515625 0.0859375 2.45649E-10
-0.0229688 0.382813 2.48779E-10
-0.00609375 0.101563 2.43756E-10
-0.0135937 0.226562 2.4364E-10
0.00234375 0.0390625 2.35683E-10
-0.00234375 0.0390625 2.4401E-10
0.00140625 0.0234375 2.42505E-10
0.0201563 0.335938 2.44049E-10
0.00796875 0.132812 2.43182E-10
0.00984375 0.164062 2.38935E-10
0.00609375 0.101563 2.42394E-10
0.00234375 0.0390625 2.42545E-10
-0.00234375 0.0390625 2.45826E-10
0.0117188 0.195312 2.40155E-10
0.0145312 0.242188 2.48866E-10
0.00328125 0.0546875 2.40786E-10
-0.0154687 0.257812 2.4211E-10
-0.00140625 0.0234375 2.40795E-10
-0.00234375 0.0390625 2.39993E-10
0.00328125 0.0546875 2.47952E-10
0.0154687 0.257812 2.4117E-10
-0.00234375 0.0390625 2.43064E-10
0.00984375 0.164062 2.42707E-10
0.00796875 0.132812 2.43761E-10
-0.00703125 0.117188 2.37857E-10
-0.0135937 0.226562 2.40637E-10
-0.0145312 0.242188 2.43578E-10
0.00515625 0.0859375 2.41713E-10
-0.00046875 0.0078125 2.41226E-10
0.00046875 0.0078125 2.41721E-10
-0.00890625 0.148438 2.40955E-10
-0.00515625 0.0859375 2.42171E-10
0.00796875 0.132812 2.45308E-10
-0.00515625 0.0859375 2.40883E-10
-0.0154687 0.257812 2.43744E-10
-0.00328125 0.0546875 2.36956E-10
-0.00140625 0.0234375 2.46247E-10
0.0210937 0.351562 2.45224E-10
-0.0126562 0.210938 2.41511E-10
-0.00328125 0.0546875 2.42638E-10
0.00796875 0.132812 2.43561E-10
-0.00515625 0.0859375 2.44536E-10
-0.00703125 0.117188 2.43575E-10
-0.0107812 0.179688 2.42193E-10
0.00328125 0.0546875 2.46292E-10
-0.00609375 0.101563 2.44267E-10
0.00984375 0.164062 2.43938E-10
-0.00328125 0.0546875 2.44796E-10
0.00328125 0.0546875 2.41693E-10
-0.00140625 0.0234375 2.40205E-10
-0.00421875 0.0703125 2.43366E-10
-0.00046875 0.0078125 2.39052E-10
0.00421875 0.0703125 2.41507E-10
-0.0182812 0.304688 2.46064E-10
-0.00703125 0.117188 2.44642E-10
-0.0154687 0.257812 2.41658E-10
0.0117188 0.195312 2.34918E-10
-0.00046875 0.0078125 2.42934E-10
-0.00984375 0.164062 2.48921E-10
0.0201563 0.335938 2.44036E-10
0.00234375 0.0390625 2.44801E-10
0.00796875 0.132812 2.4509E-10
0.0192187 0.320312 2.42958E-10
0.0135937 0.226562 2.42851E-10
-0.00140625 0.0234375 2.41237E-10
-0.00984375 0.164062 2.35639E-10
-0.0126562 0.210938 2.42676E-10
0.00796875 0.132812 2.44373E-10
0.00421875 0.0703125 2.44228E-10
-0.0154687 0.257812 2.44111E-10
-0.00796875 0.132812 2.43253E-10
0.00984375 0.164062 2.46705E-10
0.00609375 0.101563 2.46861E-10
-0.00609375 0.101563 2.45554E-10
-0.0135937 0.226562 2.44686E-10
0.00046875 0.0078125 2.41167E-10
-0.00890625 0.148438 2.43781E-10
-0.00609375 0.101563 2.43895E-10
-0.00515625 0.0859375 2.43751E-10
-0.00890625 0.148438 2.40928E-10
-0.00609375 0.101563 2.42267E-10
-0.00421875 0.0703125 2.43558E-10
0.00046875 0.0078125 2.41078E-10
-0.0135937 0.226562 2.38541E-10
0.00515625 0.0859375 2.41454E-10
0.00609375 0.101563 2.40685E-10
-0.0173437 0.289062 2.45816E-10
0.00703125 0.117188 2.44359E-10
0.0117188 0.195312 2.42854E-10
0.0182812 0.304688 2.3946E-10
0.00234375 0.0390625 2.4288E-10
-0.0182812 0.304688 2.45157E-10
0.0107812 0.179688 2.44603E-10
0.00046875 0.0078125 2.48875E-10
0.0107812 0.179688 2.41981E-10
0.00890625 0.148438 2.44298E-10
-0.0192187 0.320312 2.43068E-10
0.00703125 0.117188 2.45425E-10
-0.00703125 0.117188 2.47494E-10
-0.00234375 0.0390625 2.42585E-10
-0.0154687 0.257812 2.41867E-10
-0.0107812 0.179688 2.45027E-10
0.0117188 0.195312 2.44266E-10
