0.00353761 0.0589601 7.20827E-10
-0.00378663 0.0631104 7.32465E-10
0.00668701 0.11145 7.33024E-10
0.0104662 0.174437 7.71523E-10
0.00419677 0.0699463 7.42172E-10
0.0102466 0.170777 7.51839E-10
0.00383058 0.0638429 7.41195E-10
0.000270996 0.00451661 7.14401E-10
-0.0102173 0.170288 7.04344E-10
-8.05667E-05 0.00134278 7.03975E-10
0.00286376 0.0477294 7.15693E-10
-0.00388916 0.0648194 7.04785E-10
0.000681153 0.0113526 7.31498E-10
-0.0050464 0.0841066 7.32355E-10
0.000827638 0.013794 7.50901E-10
0.00922119 0.153687 7.14342E-10
-0.00135498 0.0225831 7.24462E-10
-0.00572021 0.0953369 7.43427E-10
-0.00760987 0.126831 7.0401E-10
-0.00355225 0.0592042 7.12616E-10
0.00995359 0.165893 7.21922E-10
-0.00613038 0.102173 6.97907E-10
-0.00377197 0.0628662 7.33097E-10
-0.00604249 0.100708 7.3217E-10
-0.0067456 0.112427 7.15147E-10
0.00752198 0.125366 7.53426E-10
0.000139161 0.00231935 7.05059E-10
0.00246826 0.0411377 7.52469E-10
-0.00161865 0.0269775 7.34796E-10
-0.00229249 0.0382081 7.14513E-10
-0.00147217 0.0245361 7.24574E-10
0.00347901 0.0579834 7.44974E-10
-0.00163329 0.0272216 7.42317E-10
0.00122315 0.0203858 6.9845E-10
0.00569092 0.0948486 7.24779E-10
0.000930176 0.0155029 7.19839E-10
0.00257079 0.0428466 7.42073E-10
0.0090747 0.151245 7.33053E-10
0.00557372 0.0928954 7.31538E-10
-0.0067749 0.112915 7.2159E-10
0.000842286 0.0140381 7.42001E-10
0.00881103 0.146851 7.32263E-10
-0.00191162 0.0318603 7.24619E-10
-0.00214601 0.0357668 7.41111E-10
-0.00371339 0.0618898 7.14501E-10
-0.00116455 0.0194092 7.34857E-10
0.00273194 0.0455323 7.04271E-10
0.00875243 0.145874 7.41885E-10
0.00564698 0.0941163 7.14396E-10
0.00920655 0.153442 7.11135E-10
0.00884032 0.147339 7.24549E-10
-0.00153076 0.0255128 7.34883E-10
-0.00979248 0.163208 7.52133E-10
0.00273194 0.0455323 7.34815E-10
0.0062622 0.10437 7.14499E-10
-0.00189697 0.0316162 7.24602E-10
-0.00292237 0.0487061 7.31697E-10
-0.00485597 0.0809328 7.31644E-10
-0.00270264 0.0450439 7.3239E-10
0.00750733 0.125122 7.33051E-10
-0.004021 0.0670166 7.04325E-10
-0.00689209 0.114868 7.20182E-10
-0.00891357 0.14856 7.15932E-10
0.00960205 0.160034 7.24478E-10
-0.00131103 0.0218506 7.52064E-10
0.00292237 0.0487061 7.34613E-10
0.0112573 0.187622 6.96864E-10
0.00154541 0.0257568 7.21197E-10
-0.00267333 0.0445556 7.34712E-10
-0.010935 0.18225 7.34804E-10
-0.00369873 0.0616456 7.11844E-10
-0.00179444 0.0299073 7.24455E-10
0.00246826 0.0411377 7.2458E-10
0.00380127 0.0633546 7.16413E-10
-0.00697999 0.116333 7.35014E-10
-0.0036255 0.060425 7.21683E-10
-0.000388184 0.00646973 7.51488E-10
0.00462159 0.0770264 7.34906E-10
-0.00356691 0.0594484 7.43331E-10
0.00615967 0.102661 6.94636E-10
0.00311279 0.0518799 7.1449E-10
0.00347901 0.0579834 7.2459E-10
0.0110082 0.183471 7.45034E-10
-0.00885498 0.147583 7.15602E-10
-0.00161865 0.0269775 7.24499E-10
-0.00202881 0.0338136 7.16107E-10
0.000666505 0.0111084 7.42078E-10
0.00167724 0.0279541 7.15338E-10
0.00368409 0.0614015 7.21637E-10
-0.00381592 0.0635987 7.1507E-10
0.00205812 0.0343019 7.32074E-10
0.00733155 0.122193 7.14464E-10
-0.00153076 0.0255128 7.15354E-10
0.00513429 0.0855714 7.52597E-10
-0.00216065 0.0360108 7.15021E-10
-0.00273194 0.0455323 7.33003E-10
0.00158936 0.0264893 7.24601E-10
-0.000314942 0.00524903 7.24611E-10
0.0026294 0.0438233 7.43219E-10
-0.00182373 0.0303956 7.30664E-10
-0.000842286 0.0140381 7.14494E-10
0.015227 0.253784 7.41741E-10
-0.00287842 0.0479736 7.41612E-10
0.00892822 0.148804 7.30741E-10
-0.010144 0.169067 7.14386E-10
-0.00579347 0.0965578 7.14457E-10
-0.00443115 0.0738526 7.04013E-10
0.00277588 0.0462646 7.17974E-10
-0.00752198 0.125366 7.14444E-10
-0.00516358 0.0860596 7.41116E-10
-0.00352296 0.0587159 7.21649E-10
-0.000681153 0.0113526 7.33109E-10
0.00629151 0.104858 7.42186E-10
0.00988037 0.164673 7.42288E-10
-0.000446778 0.0074463 7.4141E-10
0.00052002 0.008667 7.24436E-10
-0.00591064 0.0985108 7.21093E-10
-0.0011792 0.0196533 7.349E-10
0.0096167 0.160278 7.22712E-10
-0.000900879 0.0150147 7.24558E-10
-0.00186768 0.0311279 7.33163E-10
0.00651124 0.108521 7.11908E-10
0.00446046 0.0743409 7.05423E-10
0.00844482 0.140747 7.20974E-10
-0.00167724 0.0279541 7.32089E-10
-0.00245362 0.0408937 7.42532E-10
0.00383058 0.0638429 7.12073E-10
0.0025122 0.0418701 7.31502E-10
0.00283447 0.0472412 7.22618E-10
0.00873779 0.14563 7.14348E-10
0.00421142 0.0701904 7.50311E-10
-0.00406495 0.0677491 7.1457E-10
0.00812255 0.135376 7.31288E-10
0.0063501 0.105835 7.14445E-10
-0.0066577 0.110962 7.25984E-10
0.00724365 0.120728 7.14438E-10
0.00952881 0.158813 7.04146E-10
0.000783692 0.0130615 7.24576E-10
0.00574952 0.0958253 7.07911E-10
0.00733155 0.122193 7.11441E-10
0.00526611 0.0877685 6.93816E-10
0.00331788 0.0552979 6.9376E-10
-0.0125317 0.208862 7.3234E-10
-0.000695801 0.0115967 7.22202E-10
0.0139526 0.232543 7.32299E-10
0.018391 0.306517 7.32111E-10
0.0035962 0.0599367 7.41826E-10
-0.00476807 0.0794678 7.24661E-10
-0.00180909 0.0301514 7.31385E-10
0.000139161 0.00231935 7.1508E-10
0.00747804 0.124634 7.41767E-10
0.00242432 0.0404054 7.24699E-10
-0.000124513 0.00207521 7.30966E-10
0.00712648 0.118775 7.34454E-10
0.00963134 0.160522 7.43377E-10
0.00797607 0.132935 7.31854E-10
-0.00179444 0.0299073 7.14442E-10
0.0135717 0.226195 7.32903E-10
-0.000285645 0.00476075 7.24664E-10
-0.0166039 0.276732 7.21519E-10
0.000168458 0.00280763 7.07045E-10
0.00645264 0.107544 7.03857E-10
0.0152856 0.25476 7.30985E-10
0.00243897 0.0406496 7.31605E-10
0.000358888 0.00598146 7.05647E-10
0.0072583 0.120972 7.04202E-10
0.000373536 0.0062256 7.31578E-10
0.0163256 0.272093 7.21776E-10
0.0058667 0.0977783 7.41552E-10
0.0161353 0.268922 7.21755E-10
-0.00413818 0.0689697 7.24966E-10
0.00126709 0.0211181 7.24518E-10
0.00393312 0.0655519 7.30734E-10
-0.00267333 0.0445556 7.18332E-10
0.000344239 0.00573732 7.52446E-10
-0.00481202 0.0802003 7.41949E-10
0.00435792 0.0726319 7.24602E-10
-0.0025122 0.0418701 7.14389E-10
0.0054419 0.0906983 7.0071E-10
-0.0110815 0.184692 7.22911E-10
-0.00988037 0.164673 7.14353E-10
0.00107666 0.0179443 7.21614E-10
0.0117407 0.195678 6.93872E-10
-0.00107666 0.0179443 7.21894E-10
-0.00318604 0.0531006 6.97807E-10
-0.000153809 0.00256348 7.25846E-10
0.0016626 0.0277099 7.34844E-10
-0.00911865 0.151977 7.44967E-10
0.00257079 0.0428466 7.31316E-10
0.0274146 0.45691 7.24559E-10
0.00418213 0.0697022 7.1454E-10
-0.00432862 0.0721436 7.31179E-10
-0.000124513 0.00207521 7.32042E-10
0.00451906 0.0753176 7.12388E-10
0.00516358 0.0860596 7.24506E-10
-0.00731691 0.121948 7.34729E-10
0.000227051 0.00378418 7.34795E-10
0.00866454 0.144409 7.4324E-10
0.0021167 0.0352784 7.24726E-10
-0.00290771 0.0484619 7.41502E-10
