0.00216065 0.0360108 9.43342E-11
-0.0174829 0.291381 9.4292E-11
0.000490723 0.00817872 9.60478E-11
-0.00217529 0.0362549 9.67576E-11
0.00733155 0.122193 9.44144E-11
0.00649659 0.108276 9.45388E-11
-0.00599854 0.0999756 9.44917E-11
0.0102026 0.170043 9.65731E-11
0.000197755 0.00329592 9.69264E-11
-0.00926514 0.154419 9.72493E-11
0.0137182 0.228637 9.44528E-11
-0.0143041 0.238402 9.69927E-11
-0.00353761 0.0589601 9.6315E-11
0.00381592 0.0635987 9.69066E-11
0.00739014 0.123169 9.5088E-11
-0.00296631 0.0494386 9.53303E-11
-0.00403565 0.0672608 9.47063E-11
-0.0233862 0.38977 9.511E-11
-0.00429931 0.0716553 9.66198E-11
0.0121508 0.202514 9.42828E-11
-0.0143334 0.23889 9.70066E-11
0.00270264 0.0450439 9.43027E-11
0.0222144 0.37024 9.42039E-11
-0.00418213 0.0697022 9.69217E-11
0.00246826 0.0411377 9.51014E-11
0.0112427 0.187378 9.63238E-11
-0.000139161 0.00231935 9.43262E-11
0.00441651 0.0736084 9.43583E-11
0.00585206 0.0975343 9.57856E-11
0.000856934 0.0142822 9.68876E-11
-0.010642 0.177367 9.44505E-11
-0.022727 0.378784 9.5489E-11
-0.00886962 0.147827 9.43938E-11
-0.00366945 0.0611574 9.43749E-11
0.0114185 0.190308 9.46494E-11
-0.00831299 0.13855 9.47022E-11
0.00712648 0.118775 9.5045E-11
-0.00265869 0.0443115 9.41261E-11
-0.0166772 0.277953 9.52354E-11
0.00132569 0.0220948 9.41695E-11
0.00561767 0.0936279 9.43282E-11
-0.00150147 0.0250244 9.4674E-11
-0.000681153 0.0113526 9.49972E-11
-0.00952881 0.158813 9.50947E-11
-0.00151612 0.0252686 9.47086E-11
0.00941162 0.15686 9.67748E-11
0.013264 0.221068 9.67266E-11
0.00161865 0.0269775 9.5939E-11
-0.00708252 0.118042 9.45981E-11
-0.000153809 0.00256348 9.42713E-11
-0.00772705 0.128784 9.43347E-11
0.0164721 0.274535 9.66588E-11
-0.00422608 0.0704346 9.68307E-11
0.00727296 0.121216 9.4359E-11
-0.0159009 0.265014 9.59914E-11
-0.00531006 0.0885009 9.44025E-11
0.0068335 0.113892 9.47474E-11
0.00167724 0.0279541 9.51245E-11
0.000285645 0.00476075 9.69761E-11
-0.00591064 0.0985108 9.42139E-11
0.00511963 0.0853273 9.45795E-11
0.0152124 0.25354 9.59969E-11
0.00258545 0.0430908 9.64804E-11
0.00599854 0.0999756 9.69201E-11
0.0117992 0.196654 9.66525E-11
-0.000402833 0.00671388 9.4266E-11
-0.00177978 0.0296631 9.43524E-11
0.00161865 0.0269775 9.53307E-11
0.00306886 0.0511476 9.50044E-11
0.0104808 0.174681 9.43087E-11
-0.00633546 0.105591 9.44503E-11
0.00513429 0.0855714 9.59722E-11
-0.00615967 0.102661 9.64116E-11
0.00645264 0.107544 9.68347E-11
-0.00835693 0.139282 9.50597E-11
-0.0141283 0.235472 9.54862E-11
0.010144 0.169067 9.42986E-11
0.0132933 0.221556 9.47032E-11
-0.00579347 0.0965578 9.4194E-11
0.00863525 0.143921 9.62112E-11
0.00550049 0.0916748 9.41971E-11
0.00320068 0.0533448 9.43069E-11
0.0131615 0.219358 9.46101E-11
-0.00191162 0.0318603 9.69838E-11
-0.0119604 0.19934 9.41429E-11
-0.00670165 0.111694 9.54572E-11
0.009646 0.160767 9.43891E-11
-0.00998289 0.166381 9.44388E-11
0.00979248 0.163208 9.7025E-11
-0.00226319 0.0377198 9.43552E-11
0.0101294 0.168823 9.49467E-11
0.0108764 0.181273 9.68625E-11
0.00542725 0.0904541 9.42552E-11
0.00509033 0.0848389 9.6035E-11
-0.00361086 0.0601809 9.42367E-11
-0.00400634 0.0667724 9.50636E-11
0.00418213 0.0697022 9.59705E-11
0.00879639 0.146606 9.4188E-11
0.00889893 0.148315 9.48464E-11
-0.00043213 0.00720217 9.46462E-11
-0.00416749 0.0694581 9.41989E-11
-0.0205883 0.343139 9.57266E-11
-0.00513429 0.0855714 9.46559E-11
-0.00661377 0.110229 9.41959E-11
-0.00189697 0.0316162 9.69489E-11
-0.00342042 0.0570069 9.70798E-11
-0.0136449 0.227416 9.45931E-11
0.00999755 0.166626 9.61221E-11
-0.00614503 0.102417 9.70597E-11
-0.00324463 0.0540772 9.46723E-11
0.00495851 0.0826417 9.4176E-11
0.00828368 0.138061 9.43264E-11
0.000300294 0.00500489 9.48793E-11
0.000651857 0.0108643 9.43615E-11
-0.00385987 0.0643311 9.42846E-11
0.00620361 0.103394 9.42358E-11
0.0148901 0.248168 9.60797E-11
0.000988771 0.0164795 9.44634E-11
0.00484132 0.0806886 9.47204E-11
-0.000695801 0.0115967 9.45326E-11
0.00199952 0.0333253 9.69639E-11
-0.00917725 0.152954 9.53144E-11
-0.0201928 0.336547 9.63461E-11
-0.00432862 0.0721436 9.50595E-11
0.00498779 0.0831299 9.68168E-11
-0.00274659 0.0457764 9.56184E-11
0.0108471 0.180785 9.45657E-11
-0.00564698 0.0941163 9.43935E-11
0.00624756 0.104126 9.49577E-11
0.00908936 0.151489 9.54135E-11
0.000168458 0.00280763 9.39594E-11
0.0131469 0.219115 9.70444E-11
0.00280518 0.0467529 9.50543E-11
-0.0102905 0.171508 9.50981E-11
-0.00290771 0.0484619 9.59762E-11
0.00264405 0.0440674 9.49932E-11
0.0128393 0.213988 9.43487E-11
-0.0206616 0.34436 9.66975E-11
-0.00487061 0.0811768 9.45246E-11
0.00476807 0.0794678 9.43563E-11
-0.0108178 0.180297 9.68325E-11
-0.00147217 0.0245361 9.60475E-11
0.00491456 0.0819093 9.44088E-11
-0.0072583 0.120972 9.5157E-11
0.00591064 0.0985108 9.49682E-11
-0.000900879 0.0150147 9.41013E-11
0.00610108 0.101685 9.63682E-11
0.0076831 0.128052 9.71931E-11
-0.000227051 0.00378418 9.68396E-11
0.0125756 0.209593 9.37493E-11
-0.00920655 0.153442 9.48425E-11
0.00973389 0.162231 9.46431E-11
-0.00749268 0.124878 9.66654E-11
-0.00610108 0.101685 9.41636E-11
-0.0100561 0.167602 9.48135E-11
-0.012517 0.208617 9.4635E-11
0.00923584 0.153931 9.44188E-11
-0.00153076 0.0255128 9.59215E-11
-0.00387452 0.0645753 9.62134E-11
9.5215E-05 0.00158692 9.6499E-11
0.00879639 0.146606 9.59194E-11
0.0100122 0.16687 9.45824E-11
-0.00301026 0.0501711 9.52532E-11
-0.0182885 0.304808 9.41593E-11
0.00689209 0.114868 9.41919E-11
0.00623292 0.103882 9.45466E-11
-0.0166625 0.277709 9.70026E-11
-0.00197021 0.0328369 9.65863E-11
-0.00265869 0.0443115 9.51356E-11
-0.00261474 0.0435791 9.67253E-11
0.00564698 0.0941163 9.46897E-11
-0.00488525 0.0814209 9.4647E-11
0.00517822 0.0863037 9.44188E-11
0.00914795 0.152466 9.4979E-11
-0.00446046 0.0743409 9.46808E-11
-0.00132569 0.0220948 9.4362E-11
0.00743409 0.123901 9.61286E-11
-0.010891 0.181517 9.6755E-11
0.00226319 0.0377198 9.59987E-11
-0.0180102 0.30017 9.54741E-11
-0.00785888 0.130981 9.42883E-11
-3.66213E-05 0.000610354 9.49805E-11
0.0148901 0.248168 9.48281E-11
-0.00468018 0.078003 9.45451E-11
0.00511963 0.0853273 9.43352E-11
0.0072583 0.120972 9.42929E-11
-0.00749268 0.124878 9.45219E-11
0.0102612 0.17102 9.64294E-11
-0.00353761 0.0589601 9.69488E-11
0.00454836 0.0758059 9.47278E-11
0.0195044 0.325073 9.45471E-11
-0.00396242 0.0660403 9.4156E-11
0.00204347 0.0340578 9.5284E-11
0.00179444 0.0299073 9.43707E-11
-5.12697E-05 0.000854496 9.44843E-11
-0.00487061 0.0811768 9.43377E-11
-0.00230713 0.0384522 9.61991E-11
-0.00062256 0.010376 9.69526E-11
-0.000842286 0.0140381 9.43302E-11
-0.00834228 0.139038 9.44932E-11
