-0.00131103 0.0218506 2.03139E-10
0.00815185 0.135864 2.04624E-10
-0.026272 0.437867 2.065E-10
-0.00328858 0.0548096 2.04382E-10
-0.0137036 0.228393 2.03973E-10
0.000153809 0.00256348 2.03919E-10
0.000549317 0.00915528 2.03528E-10
-0.0035083 0.0584717 2.04063E-10
-0.0104955 0.174925 2.0471E-10
0.00802002 0.133667 2.04242E-10
0.00758057 0.126343 2.06859E-10
0.00484132 0.0806886 2.03832E-10
-0.00892822 0.148804 2.03565E-10
-0.00120849 0.0201416 2.05171E-10
-0.00292237 0.0487061 2.04538E-10
0.00602784 0.100464 2.05844E-10
-0.00334717 0.0557863 2.04318E-10
0.00365479 0.0609132 2.04687E-10
0.00580811 0.0968019 2.0478E-10
-0.00451906 0.0753176 2.03671E-10
0.000944824 0.0157471 2.03478E-10
0.00749268 0.124878 2.0516E-10
0.000300294 0.00500489 2.03482E-10
-0.00156005 0.0260009 2.03702E-10
-0.00277588 0.0462646 2.05615E-10
-0.00689209 0.114868 2.0459E-10
-0.00173584 0.0289306 2.03768E-10
0.00114991 0.0191651 2.03869E-10
0.00498779 0.0831299 2.03015E-10
-0.00207276 0.0345461 2.05671E-10
0.0099243 0.165405 2.05734E-10
-0.00662842 0.110474 2.03344E-10
-0.000285645 0.00476075 2.03794E-10
-0.00119385 0.0198974 2.0361E-10
-0.00986572 0.164429 2.04596E-10
-0.000256348 0.00427247 2.03834E-10
-0.0112866 0.188111 2.04185E-10
-0.00135498 0.0225831 2.05188E-10
0.00448975 0.0748292 2.04026E-10
-0.00550049 0.0916748 2.04834E-10
0.00043213 0.00720217 2.05124E-10
0.0030542 0.0509034 2.06676E-10
-0.00380127 0.0633546 2.04683E-10
-0.0129858 0.21643 2.0593E-10
0.00218994 0.0364991 2.08224E-10
-0.00182373 0.0303956 2.05006E-10
0.00517822 0.0863037 2.03884E-10
-0.00242432 0.0404054 2.03366E-10
-0.0100561 0.167602 2.03788E-10
0.00429931 0.0716553 2.03588E-10
0.0073755 0.122925 2.06115E-10
-0.00917725 0.152954 2.07713E-10
0.0096167 0.160278 2.04508E-10
-0.00676024 0.112671 2.09077E-10
-0.00469482 0.0782471 2.04438E-10
0.00637941 0.106323 2.04173E-10
0.00645264 0.107544 2.0679E-10
-0.0125023 0.208372 2.04042E-10
0.00230713 0.0384522 2.04284E-10
0.00268799 0.0447998 2.05028E-10
-0.00617431 0.102905 2.03892E-10
0.000930176 0.0155029 2.03147E-10
-0.00598389 0.0997314 2.03909E-10
-0.00218994 0.0364991 2.03578E-10
-0.00860596 0.143433 2.07992E-10
-0.00617431 0.102905 2.05803E-10
0.00684814 0.114136 2.05189E-10
-0.00141357 0.0235596 2.07132E-10
-0.00514893 0.0858155 2.03834E-10
-0.00627685 0.104614 2.0399E-10
-0.00179444 0.0299073 2.01371E-10
-0.00226319 0.0377198 2.05401E-10
0.00202881 0.0338136 2.03228E-10
0.00709717 0.118286 2.0465E-10
0.0139965 0.233276 2.03728E-10
0.000139161 0.00231935 2.04592E-10
0.0154614 0.25769 2.04521E-10
-0.00753662 0.12561 2.04044E-10
-0.0105395 0.175658 2.04435E-10
-0.000300294 0.00500489 2.08112E-10
-0.00781495 0.130249 2.06409E-10
-0.00238038 0.0396729 2.05398E-10
-0.00407959 0.0679932 2.04302E-10
0.00157471 0.0262451 2.04363E-10
-0.00536865 0.0894775 1.97633E-10
0.00680419 0.113403 2.04726E-10
-0.0116675 0.194459 2.05377E-10
-0.00829834 0.138306 2.03992E-10
0.00690674 0.115112 2.03368E-10
0.004021 0.0670166 2.04645E-10
0.00699463 0.116577 2.0383E-10
0.00079834 0.0133057 2.03894E-10
-0.000769043 0.0128174 2.03481E-10
-0.00163329 0.0272216 2.04317E-10
0.00640871 0.106812 2.06652E-10
-0.00226319 0.0377198 2.03813E-10
-0.00249756 0.0416259 2.04099E-10
-0.000344239 0.00573732 2.04519E-10
0.000783692 0.0130615 2.04285E-10
0.00138428 0.0230713 2.03675E-10
-0.0113305 0.188842 2.05425E-10
0.00766846 0.127808 2.05841E-10
-0.0016919 0.0281983 2.03884E-10
-0.0147876 0.246459 2.01537E-10
-0.0124291 0.207152 2.04024E-10
-0.0130297 0.217163 2.0512E-10
0.00374268 0.062378 1.99987E-10
0.013103 0.218383 2.03962E-10
-0.00217529 0.0362549 2.04249E-10
0.00333253 0.0555421 2.04552E-10
0.000373536 0.0062256 2.07929E-10
0.00306886 0.0511476 2.05934E-10
-0.0118432 0.197387 2.04351E-10
-0.000930176 0.0155029 2.04892E-10
0.0062622 0.10437 2.0519E-10
0.00296631 0.0494386 2.04599E-10
-0.00788818 0.13147 2.03798E-10
0.0045337 0.0755617 2.03864E-10
-0.00226319 0.0377198 2.05682E-10
0.00126709 0.0211181 2.03768E-10
0.0207495 0.345825 2.04771E-10
0.00154541 0.0257568 2.0401E-10
-0.00330322 0.0550537 2.04127E-10
0.00393312 0.0655519 2.03855E-10
-0.00618897 0.103149 2.04705E-10
0.00315674 0.0526123 2.04282E-10
0.0026001 0.0433349 2.04195E-10
-0.00249756 0.0416259 2.04892E-10
0.00618897 0.103149 2.03874E-10
0.00977783 0.162964 2.04164E-10
0.0134985 0.224975 2.05572E-10
0.00772705 0.128784 2.0443E-10
-0.00782959 0.130493 2.05567E-10
0.00107666 0.0179443 2.03584E-10
-0.000505372 0.00842286 2.03737E-10
0.00702393 0.117066 2.03991E-10
-0.00476807 0.0794678 2.03245E-10
0.00167724 0.0279541 2.03925E-10
0.00334717 0.0557863 2.04686E-10
0.0117699 0.196166 2.04542E-10
-0.00696533 0.116089 2.05135E-10
0.00454836 0.0758059 2.04076E-10
-0.005896 0.0982666 2.04151E-10
0.00649659 0.108276 2.04E-10
-0.00119385 0.0198974 2.0547E-10
0.0126049 0.210082 2.0272E-10
0.0146264 0.243773 2.04693E-10
-0.00500245 0.0833741 2.04303E-10
-0.00678955 0.113159 2.04079E-10
0.00427003 0.0711671 2.05518E-10
-0.00380127 0.0633546 2.04191E-10
-0.0129126 0.21521 2.03541E-10
0.00104737 0.0174561 2.04048E-10
-0.0124877 0.208128 2.04166E-10
-0.000212403 0.00354005 2.03764E-10
0.0074048 0.123413 2.03996E-10
0.0136156 0.226928 2.04692E-10
0.00274659 0.0457764 2.05055E-10
0.00857665 0.142944 2.03776E-10
0.00702393 0.117066 2.04264E-10
5.12697E-05 0.000854496 2.04165E-10
-0.00224854 0.0374756 2.05701E-10
-0.0081079 0.135132 2.03859E-10
-0.0124145 0.206908 2.03991E-10
-0.0096167 0.160278 2.07317E-10
-0.00236572 0.0394287 2.05348E-10
-0.0146264 0.243773 2.04232E-10
0.00377197 0.0628662 2.06125E-10
-0.0120629 0.201049 2.05343E-10
-0.00432862 0.0721436 2.0561E-10
-0.0141137 0.235228 2.04183E-10
-0.00227783 0.0379639 2.03422E-10
-0.00139893 0.0233154 2.0553E-10
-0.000974122 0.0162354 2.03525E-10
0.0150366 0.250611 2.04382E-10
-0.0115503 0.192505 1.9958E-10
0.00384522 0.064087 2.04501E-10
-0.0144799 0.241332 2.04201E-10
-0.00739014 0.123169 2.05269E-10
0.00172119 0.0286864 2.05827E-10
-0.000388184 0.00646973 2.05269E-10
-0.00670165 0.111694 2.04347E-10
0.00235108 0.0391846 2.05548E-10
0.000959473 0.0159912 2.08895E-10
-0.00136964 0.0228273 2.03148E-10
-0.00293702 0.0489503 2.04327E-10
-0.0123998 0.206663 2.03816E-10
0.00727296 0.121216 2.05038E-10
0.00478271 0.0797119 2.04293E-10
0.00208742 0.0347903 2.01206E-10
0.00645264 0.107544 2.04382E-10
0.00384522 0.064087 2.04305E-10
-0.00298097 0.0496828 2.02914E-10
-0.00550049 0.0916748 2.05298E-10
0.013601 0.226683 2.03494E-10
0.0122827 0.204712 2.04454E-10
-0.00309815 0.0516358 2.06411E-10
0.00951416 0.158569 2.04905E-10
0.00191162 0.0318603 2.07002E-10
-0.00722901 0.120484 2.04035E-10
