0.0010913 0.0181884 8.76676E-11
-0.00249756 0.0416259 8.87954E-11
-0.00406495 0.0677491 8.89697E-11
-0.0106859 0.178099 8.86777E-11
0.000607911 0.0101319 8.89223E-11
0.00901611 0.150269 8.78961E-11
0.00444581 0.0740968 8.74448E-11
-0.000637208 0.0106201 8.73743E-11
0.00576416 0.0960694 8.83889E-11
0.00752198 0.125366 8.77638E-11
0.00128173 0.0213622 8.7814E-11
0.0145238 0.242064 8.85119E-11
0.00156005 0.0260009 8.84491E-11
0.00161865 0.0269775 8.72781E-11
-0.0111547 0.185913 8.70823E-11
-0.0253344 0.42224 8.81115E-11
-0.0036255 0.060425 8.86745E-11
0.00302491 0.0504153 8.8358E-11
0.00951416 0.158569 8.90426E-11
0.00116455 0.0194092 8.73823E-11
0.00495851 0.0826417 8.94547E-11
-0.0117699 0.196166 8.90389E-11
0.00132569 0.0220948 8.7774E-11
-0.00268799 0.0447998 8.91902E-11
-0.0139819 0.233032 8.78673E-11
-0.00869384 0.144897 8.73061E-11
0.00120849 0.0201416 8.79178E-11
-0.00750733 0.125122 8.80974E-11
0.00043213 0.00720217 8.86524E-11
0.00457764 0.076294 8.79537E-11
-0.0115503 0.192505 8.89637E-11
-0.00791749 0.131958 8.73058E-11
-0.0167505 0.279174 8.88813E-11
-0.00667235 0.111206 8.70896E-11
0.0109497 0.182494 8.90331E-11
0.00135498 0.0225831 8.7891E-11
0.0131615 0.219358 8.83287E-11
-0.00301026 0.0501711 8.71725E-11
-0.000476075 0.00793458 8.93791E-11
0.00277588 0.0462646 9.01983E-11
-0.0202514 0.337523 8.86432E-11
0.000183106 0.00305178 8.66756E-11
-0.00856201 0.1427 8.73663E-11
0.0199585 0.332643 8.64618E-11
0.00110596 0.0184326 8.78598E-11
0.0087085 0.145142 8.7037E-11
0.00734619 0.122437 8.94746E-11
0.0110082 0.183471 8.77531E-11
0.0059253 0.0987549 8.84735E-11
-0.00891357 0.14856 8.80816E-11
0.00415284 0.0692139 8.81355E-11
0.00383058 0.0638429 8.67459E-11
0.00052002 0.008667 8.75374E-11
-0.0022046 0.0367433 8.84418E-11
-0.00437257 0.0728761 8.90449E-11
0.00557372 0.0928954 8.78006E-11
-0.0166479 0.277465 8.82726E-11
0.00361086 0.0601809 8.65977E-11
0.0030542 0.0509034 8.84728E-11
-0.00935303 0.155884 8.78167E-11
0.00511963 0.0853273 8.72509E-11
-0.0143187 0.238646 8.9455E-11
0.0021167 0.0352784 8.94572E-11
0.0114185 0.190308 8.81558E-11
0.0113745 0.189575 8.74846E-11
-0.00427003 0.0711671 8.84055E-11
0.00306886 0.0511476 8.73328E-11
-0.00079834 0.0133057 8.92441E-11
-0.000183106 0.00305178 8.74346E-11
0.00298097 0.0496828 8.74403E-11
-0.00551514 0.0919189 8.71246E-11
0.00837157 0.139526 8.71788E-11
-0.00473877 0.0789796 8.74496E-11
-0.00476807 0.0794678 8.73613E-11
-0.0181274 0.302123 8.83342E-11
0.00189697 0.0316162 8.90187E-11
-0.00696533 0.116089 8.69322E-11
-0.00885498 0.147583 8.78426E-11
0.012473 0.207884 8.78699E-11
-0.00816649 0.136108 8.88325E-11
-0.0030542 0.0509034 8.77641E-11
0.0063501 0.105835 8.90516E-11
-0.00513429 0.0855714 8.78503E-11
-0.00878173 0.146362 8.71347E-11
0.0119165 0.198608 8.84081E-11
-0.00832763 0.138794 8.71879E-11
0.0177027 0.295044 8.79421E-11
-0.00195557 0.0325928 8.799E-11
-0.011975 0.199584 8.67669E-11
-0.00377197 0.0628662 8.96241E-11
-0.00435792 0.0726319 8.67626E-11
0.00835693 0.139282 8.94843E-11
0.0175122 0.29187 8.77229E-11
0.011184 0.186401 8.91892E-11
0.0147582 0.245971 8.8252E-11
0.0076831 0.128052 8.92728E-11
0.0104955 0.174925 8.9496E-11
0.0050171 0.0836183 8.74788E-11
-0.00365479 0.0609132 8.86503E-11
0.00185303 0.0308838 8.94127E-11
-0.00746339 0.12439 8.99895E-11
-0.00522216 0.0870361 8.66948E-11
-0.00223389 0.0372314 8.86258E-11
0.0031421 0.0523683 8.71736E-11
0.0205591 0.342652 8.90426E-11
-0.00243897 0.0406496 8.84756E-11
0.0157104 0.26184 8.82489E-11
-0.00418213 0.0697022 8.75476E-11
0.000739747 0.0123291 8.93117E-11
-0.0139379 0.232299 8.73933E-11
-0.0156811 0.261352 8.99602E-11
0.000944824 0.0157471 8.85572E-11
-6.59183E-05 0.00109864 8.78031E-11
0.000256348 0.00427247 8.80213E-11
0.00932372 0.155395 8.71815E-11
0.00221924 0.0369873 8.7718E-11
-0.00349366 0.0582276 8.98242E-11
0.0110668 0.184447 8.97742E-11
0.00283447 0.0472412 8.7377E-11
-0.000974122 0.0162354 8.97769E-11
-0.0182006 0.303344 9.03615E-11
-0.0133519 0.222532 8.78986E-11
0.00101806 0.0169677 8.83456E-11
-0.00465089 0.0775148 8.96585E-11
0.0086792 0.144653 8.93924E-11
-0.00229249 0.0382081 8.91375E-11
-0.00410888 0.0684814 8.82547E-11
-0.00949952 0.158325 8.75665E-11
0.0107738 0.179564 8.78755E-11
-0.00966064 0.161011 8.85662E-11
-0.0257738 0.429564 8.91223E-11
-0.000314942 0.00524903 8.80963E-11
0.00239503 0.0399171 8.91022E-11
0.000900879 0.0150147 8.80924E-11
-0.00722901 0.120484 8.78823E-11
-0.00161865 0.0269775 8.82825E-11
0.00813719 0.13562 8.78086E-11
-0.00482666 0.0804444 8.65332E-11
-0.00476807 0.0794678 8.89179E-11
0.0054419 0.0906983 8.81273E-11
-0.0117407 0.195678 8.9554E-11
0.00648194 0.108032 8.77583E-11
0.009646 0.160767 8.8931E-11
0.00239503 0.0399171 8.96185E-11
-0.00308351 0.0513918 8.78029E-11
-0.000505372 0.00842286 8.9428E-11
0.0156518 0.260863 8.8395E-11
0.0113013 0.188355 8.80909E-11
-0.00210206 0.0350343 8.973E-11
0.00646728 0.107788 8.76915E-11
-0.00315674 0.0526123 8.9926E-11
-0.00869384 0.144897 8.787E-11
-0.00659912 0.109985 8.89369E-11
0.000739747 0.0123291 8.88724E-11
-0.00157471 0.0262451 8.85952E-11
0.0063501 0.105835 8.68573E-11
-0.00585206 0.0975343 8.82295E-11
-0.0101586 0.169311 8.72929E-11
-0.00271728 0.0452881 8.79206E-11
-0.0072583 0.120972 8.87966E-11
-0.0120923 0.201538 8.69848E-11
0.0185961 0.309936 8.9138E-11
-0.00218994 0.0364991 8.70534E-11
-0.00202881 0.0338136 8.86746E-11
0.00208742 0.0347903 8.96399E-11
0.00279053 0.0465088 8.8562E-11
-0.000285645 0.00476075 8.89634E-11
-0.00572021 0.0953369 8.80194E-11
-0.0118286 0.197142 8.71468E-11
-0.00598389 0.0997314 8.95033E-11
-0.00358156 0.0596926 8.84945E-11
-0.00277588 0.0462646 8.83099E-11
0.000695801 0.0115967 8.72814E-11
0.00172119 0.0286864 8.85615E-11
-0.00312745 0.0521241 8.9161E-11
0.00289307 0.0482178 8.8216E-11
-0.00385987 0.0643311 8.78386E-11
0.00340576 0.0567628 8.70414E-11
0.00542725 0.0904541 8.93135E-11
-0.0139086 0.231811 8.89409E-11
0.0050464 0.0841066 8.74567E-11
0.00659912 0.109985 8.73159E-11
0.00336182 0.0560304 8.8472E-11
-0.00446046 0.0743409 8.75705E-11
-0.00358156 0.0596926 8.77968E-11
0.000651857 0.0108643 8.82156E-11
-0.00342042 0.0570069 8.67223E-11
-0.0106274 0.177123 8.74354E-11
0.0105395 0.175658 8.78833E-11
0.00387452 0.0645753 8.66303E-11
-0.00144287 0.0240478 8.68454E-11
0.00303956 0.0506593 8.84959E-11
0.00886962 0.147827 8.91804E-11
0.0108031 0.180053 8.7751E-11
0.00664306 0.110718 8.81209E-11
-0.00816649 0.136108 8.91014E-11
-0.00281982 0.0469971 8.88753E-11
-0.010891 0.181517 8.80472E-11
-0.00733155 0.122193 8.95375E-11
0.00717042 0.119507 8.98112E-11
