0.00396242 0.0660403 1.15468E-10
0.00796143 0.13269 1.16944E-10
0.00708252 0.118042 1.17222E-10
0.00545655 0.0909424 1.15708E-10
-0.00103272 0.0172119 1.15783E-10
0.00469482 0.0782471 1.16689E-10
-0.004021 0.0670166 1.15957E-10
0.000212403 0.00354005 1.15935E-10
-0.00664306 0.110718 1.1568E-10
0.00583742 0.0972903 1.16945E-10
-0.00479736 0.0799561 1.15676E-10
-0.000915527 0.0152588 1.16723E-10
0.00778564 0.129761 1.17725E-10
0.000959473 0.0159912 1.16643E-10
0.00605713 0.100952 1.15512E-10
0.00276123 0.0460205 1.1589E-10
0.0080786 0.134643 1.177E-10
0.0120336 0.200561 1.17738E-10
-0.00759522 0.126587 1.19179E-10
-0.000563965 0.00939942 1.1573E-10
0.00481202 0.0802003 1.1607E-10
-0.00412354 0.0687256 1.17335E-10
-0.00374268 0.062378 1.16551E-10
-0.000358888 0.00598146 1.16608E-10
0.00277588 0.0462646 1.15428E-10
-0.0101 0.168334 1.1837E-10
-0.0119165 0.198608 1.16399E-10
0.016062 0.2677 1.17341E-10
0.012268 0.204467 1.17386E-10
0.00680419 0.113403 1.16256E-10
0.00243897 0.0406496 1.16129E-10
0.00869384 0.144897 1.15953E-10
0.0142748 0.237914 1.15726E-10
0.00756592 0.126099 1.16792E-10
0.00583742 0.0972903 1.16897E-10
0.016062 0.2677 1.15204E-10
0.00052002 0.008667 1.16582E-10
-0.00175048 0.0291747 1.15281E-10
-0.00741945 0.123657 1.16637E-10
-0.00983642 0.16394 1.15599E-10
-0.000944824 0.0157471 1.15183E-10
-0.00948487 0.158081 1.17701E-10
-0.00702393 0.117066 1.16121E-10
-0.0035083 0.0584717 1.16715E-10
-0.00299562 0.0499269 1.16374E-10
3.66213E-05 0.000610354 1.16462E-10
-0.00358156 0.0596926 1.16078E-10
-0.00337647 0.0562746 1.15724E-10
0.00372804 0.0621339 1.17105E-10
-0.0136889 0.228149 1.146E-10
0.00148682 0.0247803 1.15248E-10
-0.00355225 0.0592042 1.15391E-10
0.0025122 0.0418701 1.1683E-10
-0.0142162 0.236937 1.17002E-10
-0.00588134 0.0980224 1.16642E-10
0.00248291 0.0413818 1.16731E-10
0.00906006 0.151001 1.16717E-10
-0.00711183 0.11853 1.16667E-10
-0.00637941 0.106323 1.15959E-10
0.0107738 0.179564 1.16598E-10
-0.00718507 0.119751 1.15202E-10
0.00418213 0.0697022 1.16397E-10
-0.0115064 0.191773 1.1689E-10
-0.00372804 0.0621339 1.16441E-10
-0.00257079 0.0428466 1.16529E-10
-0.00339112 0.0565187 1.17371E-10
0.00545655 0.0909424 1.17272E-10
-0.000915527 0.0152588 1.17089E-10
0.00658448 0.109741 1.16062E-10
0.0102758 0.171264 1.15349E-10
-0.00443115 0.0738526 1.16508E-10
-0.00993895 0.165649 1.15875E-10
0.00336182 0.0560304 1.16446E-10
0.00982178 0.163696 1.17159E-10
-0.00503175 0.0838624 1.16064E-10
0.00895751 0.149292 1.16343E-10
0.00383058 0.0638429 1.17184E-10
-0.0086206 0.143677 1.15507E-10
0.0045337 0.0755617 1.16388E-10
-0.00695068 0.115845 1.15803E-10
0.00497315 0.0828858 1.16846E-10
-0.00563233 0.0938721 1.15866E-10
-0.0130884 0.21814 1.16773E-10
-0.000783692 0.0130615 1.16726E-10
-0.00214601 0.0357668 1.16009E-10
-0.00478271 0.0797119 1.16014E-10
0.000227051 0.00378418 1.16348E-10
-6.59183E-05 0.00109864 1.16615E-10
0.00302491 0.0504153 1.16602E-10
-0.00443115 0.0738526 1.14969E-10
-0.00566162 0.0943603 1.16951E-10
0.000783692 0.0130615 1.16815E-10
-0.00853271 0.142212 1.14572E-10
-0.0103491 0.172485 1.17303E-10
0.00923584 0.153931 1.16855E-10
-0.000212403 0.00354005 1.16824E-10
-0.00441651 0.0736084 1.16718E-10
-0.0122534 0.204223 1.15722E-10
0.00248291 0.0413818 1.17097E-10
0.0110082 0.183471 1.16093E-10
0.00223389 0.0372314 1.16549E-10
-0.0121655 0.202758 1.17678E-10
0.0016919 0.0281983 1.15589E-10
0.00717042 0.119507 1.14823E-10
-0.00330322 0.0550537 1.15269E-10
-0.00875243 0.145874 1.16431E-10
-0.0010913 0.0181884 1.17312E-10
0.00123779 0.0206298 1.17302E-10
0.00850342 0.141724 1.16651E-10
-0.00371339 0.0618898 1.17098E-10
-0.00678955 0.113159 1.15625E-10
0.0048999 0.0816651 1.16831E-10
-0.00381592 0.0635987 1.17361E-10
-2.19728E-05 0.000366213 1.16747E-10
-0.00547119 0.0911865 1.16868E-10
-0.00249756 0.0416259 1.16329E-10
0.00349366 0.0582276 1.16265E-10
0.0196508 0.327514 1.17421E-10
-0.0031421 0.0523683 1.16974E-10
0.00731691 0.121948 1.16287E-10
-0.00352296 0.0587159 1.15332E-10
-0.00945556 0.157593 1.16138E-10
0.00881103 0.146851 1.16642E-10
-0.00563233 0.0938721 1.15402E-10
0.0121801 0.203003 1.15558E-10
-0.00787354 0.131226 1.16862E-10
-0.0010913 0.0181884 1.16482E-10
0.00901611 0.150269 1.16321E-10
-0.00724365 0.120728 1.16303E-10
0.00239503 0.0399171 1.16638E-10
-0.00239503 0.0399171 1.16501E-10
-9.5215E-05 0.00158692 1.16662E-10
-0.000944824 0.0157471 1.15946E-10
0.00519286 0.0865477 1.16963E-10
0.00258545 0.0430908 1.15134E-10
0.00312745 0.0521241 1.15772E-10
-0.000666505 0.0111084 1.16742E-10
-0.00840087 0.140015 1.17213E-10
0.00358156 0.0596926 1.15854E-10
0.00103272 0.0172119 1.15764E-10
-0.00781495 0.130249 1.16318E-10
-0.000827638 0.013794 1.16429E-10
0.00384522 0.064087 1.16204E-10
0.0122974 0.204957 1.16815E-10
-0.0132201 0.220335 1.1613E-10
0.0058667 0.0977783 1.16771E-10
0.0205737 0.342895 1.17468E-10
0.00702393 0.117066 1.16884E-10
-0.000153809 0.00256348 1.17397E-10
0.0072583 0.120972 1.15936E-10
-0.0036255 0.060425 1.171E-10
0.00186768 0.0311279 1.16821E-10
-0.0105688 0.176147 1.164E-10
0.0118725 0.197875 1.16944E-10
0.00829834 0.138306 1.16819E-10
-0.000373536 0.0062256 1.15071E-10
-0.00387452 0.0645753 1.17678E-10
0.00296631 0.0494386 1.17946E-10
-0.0102612 0.17102 1.16734E-10
0.0134691 0.224486 1.16509E-10
-0.00558837 0.0931396 1.15691E-10
-0.00853271 0.142212 1.15838E-10
0.00331788 0.0552979 1.16145E-10
0.00478271 0.0797119 1.15681E-10
0.0058667 0.0977783 1.17877E-10
-0.00148682 0.0247803 1.15478E-10
-0.00497315 0.0828858 1.1616E-10
0.00804931 0.134155 1.17755E-10
-0.0110522 0.184203 1.1696E-10
0.00334717 0.0557863 1.1588E-10
0.0115356 0.192261 1.16695E-10
0.000300294 0.00500489 1.17101E-10
-0.00189697 0.0316162 1.15611E-10
0.0138647 0.231079 1.16721E-10
-0.00901611 0.150269 1.17109E-10
0.00787354 0.131226 1.16526E-10
0.00617431 0.102905 1.17373E-10
0.0137621 0.229369 1.17308E-10
0.0016919 0.0281983 1.17178E-10
0.0062622 0.10437 1.16567E-10
-0.00558837 0.0931396 1.1581E-10
0.00462159 0.0770264 1.15902E-10
-0.000651857 0.0108643 1.16161E-10
0.00432862 0.0721436 1.16362E-10
0.00879639 0.146606 1.16948E-10
-0.00396242 0.0660403 1.1555E-10
-0.00170654 0.0284423 1.15177E-10
-0.00762452 0.127075 1.16449E-10
-0.00717042 0.119507 1.16186E-10
-0.010642 0.177367 1.1625E-10
-0.0126342 0.21057 1.16579E-10
-0.00990965 0.165161 1.1675E-10
-0.0118871 0.198119 1.16718E-10
-0.000505372 0.00842286 1.157E-10
-0.023269 0.387817 1.1579E-10
0.00985107 0.164185 1.15471E-10
0.00284912 0.0474853 1.16752E-10
0.0116382 0.19397 1.1672E-10
-0.00802002 0.133667 1.15099E-10
-0.0109497 0.182494 1.16371E-10
