0.00428467 0.0714112 1.22174E-10
0.00214601 0.0357668 1.23186E-10
0.00112061 0.0186768 1.2381E-10
0.00791749 0.131958 1.23289E-10
0.0116822 0.194703 1.21304E-10
0.00135498 0.0225831 1.22844E-10
-0.00706787 0.117798 1.22447E-10
-0.00481202 0.0802003 1.23958E-10
0.00270264 0.0450439 1.23085E-10
-0.0132787 0.221312 1.22607E-10
-0.00321533 0.0535889 1.20643E-10
-0.0002417 0.00402833 1.21038E-10
-0.00538329 0.0897216 1.20901E-10
-0.011228 0.187134 1.19733E-10
-0.00654053 0.109009 1.20617E-10
-0.00242432 0.0404054 1.21573E-10
-0.0127367 0.212279 1.24123E-10
0.00150147 0.0250244 1.23392E-10
-0.00233642 0.0389404 1.21027E-10
0.00898681 0.14978 1.23546E-10
-0.00906006 0.151001 1.2328E-10
-0.00580811 0.0968019 1.20981E-10
-0.0140405 0.234008 1.21255E-10
0.00949952 0.158325 1.1995E-10
-0.00104737 0.0174561 1.21695E-10
-0.00416749 0.0694581 1.20657E-10
-0.00116455 0.0194092 1.2246E-10
0.00548583 0.0914306 1.19965E-10
0.00908936 0.151489 1.19924E-10
0.00790284 0.131714 1.22032E-10
-0.0025122 0.0418701 1.19882E-10
-0.00368409 0.0614015 1.21669E-10
0.0128832 0.214721 1.20098E-10
-0.000593263 0.00988771 1.25149E-10
-0.00988037 0.164673 1.22179E-10
-0.000930176 0.0155029 1.22734E-10
-0.00364015 0.0606691 1.21909E-10
0.012517 0.208617 1.2208E-10
0.00427003 0.0711671 1.21367E-10
-0.0031421 0.0523683 1.22796E-10
-0.00573487 0.0955811 1.22828E-10
-0.00213135 0.0355226 1.22434E-10
-0.00167724 0.0279541 1.2313E-10
0.0102612 0.17102 1.22043E-10
-0.0086792 0.144653 1.24189E-10
0.0155346 0.25891 1.2253E-10
-0.0176586 0.294311 1.21732E-10
-0.00613038 0.102173 1.21684E-10
0.00233642 0.0389404 1.21289E-10
-0.00299562 0.0499269 1.23267E-10
-0.000168458 0.00280763 1.22046E-10
0.00138428 0.0230713 1.2283E-10
-0.00192626 0.0321044 1.20361E-10
0.0035083 0.0584717 1.20841E-10
-0.00424072 0.0706787 1.20478E-10
-0.00951416 0.158569 1.22649E-10
0.000388184 0.00646973 1.23167E-10
-0.00123779 0.0206298 1.21824E-10
-0.00468018 0.078003 1.1989E-10
-0.0185229 0.308715 1.22738E-10
0.012019 0.200317 1.21488E-10
0.00119385 0.0198974 1.23431E-10
-0.00513429 0.0855714 1.23621E-10
-0.00998289 0.166381 1.21668E-10
0.00712648 0.118775 1.21666E-10
0.000109864 0.00183106 1.22509E-10
0.00410888 0.0684814 1.24751E-10
0.00295167 0.0491944 1.25546E-10
-0.00681885 0.113647 1.22566E-10
0.0011792 0.0196533 1.198E-10
0.00699463 0.116577 1.2152E-10
-0.00459228 0.0765381 1.2498E-10
-0.00755127 0.125855 1.24765E-10
-0.0201782 0.336303 1.23499E-10
-7.32425E-06 0.000122071 1.2186E-10
0.00306886 0.0511476 1.22082E-10
0.00428467 0.0714112 1.23021E-10
-0.000578614 0.00964357 1.2357E-10
0.0128539 0.214232 1.23229E-10
-0.014641 0.244017 1.22717E-10
0.000959473 0.0159912 1.22343E-10
0.0188012 0.313354 1.19125E-10
0.0148168 0.246947 1.213E-10
-0.0138207 0.230346 1.20666E-10
0.00188233 0.0313721 1.2077E-10
0.00985107 0.164185 1.20481E-10
-0.00331788 0.0552979 1.22637E-10
0.00593995 0.0989991 1.231E-10
0.00829834 0.138306 1.21414E-10
0.00110596 0.0184326 1.20591E-10
0.000212403 0.00354005 1.22275E-10
0.00213135 0.0355226 1.19813E-10
0.0139526 0.232543 1.23899E-10
0.0087085 0.145142 1.22126E-10
-0.00204347 0.0340578 1.21764E-10
-0.006438 0.1073 1.2145E-10
-0.00596923 0.0994872 1.22973E-10
0.00136964 0.0228273 1.21739E-10
-0.00548583 0.0914306 1.23377E-10
0.0072876 0.12146 1.19828E-10
0.0010913 0.0181884 1.23331E-10
-0.00491456 0.0819093 1.2273E-10
-0.0286596 0.47766 1.21013E-10
-0.00947022 0.157837 1.22118E-10
-0.00151612 0.0252686 1.21809E-10
-0.0109204 0.182007 1.22298E-10
0.0053247 0.0887451 1.21362E-10
-0.00973389 0.162231 1.24034E-10
0.00809326 0.134888 1.22131E-10
0.00613038 0.102173 1.21732E-10
0.00938233 0.156372 1.24507E-10
0.0138061 0.230102 1.20982E-10
-0.000812989 0.0135498 1.21793E-10
0.000285645 0.00476075 1.21758E-10
-0.0126342 0.21057 1.20366E-10
0.000109864 0.00183106 1.20428E-10
0.00942626 0.157104 1.23312E-10
-0.00103272 0.0172119 1.2182E-10
0.00580811 0.0968019 1.22438E-10
-0.00513429 0.0855714 1.23198E-10
0.00815185 0.135864 1.23711E-10
-0.00321533 0.0535889 1.21609E-10
0.00131103 0.0218506 1.22395E-10
0.00216065 0.0360108 1.22309E-10
0.00224854 0.0374756 1.21312E-10
0.00145751 0.0242919 1.23237E-10
0.00574952 0.0958253 1.19314E-10
-0.00498779 0.0831299 1.21318E-10
0.013103 0.218383 1.21429E-10
0.0107446 0.179077 1.22988E-10
-0.00372804 0.0621339 1.22807E-10
-0.00550049 0.0916748 1.21289E-10
0.00101806 0.0169677 1.21877E-10
-0.00525147 0.0875244 1.20653E-10
0.00542725 0.0904541 1.22274E-10
-0.0106713 0.177855 1.22032E-10
-0.00246826 0.0411377 1.21994E-10
-0.00916259 0.15271 1.20816E-10
0.00564698 0.0941163 1.2317E-10
-0.00255615 0.0426025 1.2352E-10
0.00844482 0.140747 1.22127E-10
-0.00156005 0.0260009 1.22211E-10
0.000974122 0.0162354 1.21028E-10
0.0171752 0.286253 1.2066E-10
-0.00630615 0.105103 1.20304E-10
-0.00320068 0.0533448 1.22742E-10
-0.00302491 0.0504153 1.22046E-10
0.00303956 0.0506593 1.21448E-10
-0.0140991 0.234985 1.21484E-10
0.00161865 0.0269775 1.2196E-10
0.00312745 0.0521241 1.24034E-10
-0.0138061 0.230102 1.24673E-10
-0.00800537 0.133423 1.23707E-10
0.00280518 0.0467529 1.22599E-10
-0.0178344 0.29724 1.20175E-10
0.00547119 0.0911865 1.22908E-10
-0.00126709 0.0211181 1.2203E-10
-0.00491456 0.0819093 1.20025E-10
0.00191162 0.0318603 1.22535E-10
0.00966064 0.161011 1.22351E-10
-0.00346436 0.0577393 1.23626E-10
-0.00290771 0.0484619 1.2438E-10
0.00829834 0.138306 1.22558E-10
-0.0177759 0.296265 1.2122E-10
0.00709717 0.118286 1.21485E-10
0.00440185 0.0733642 1.20679E-10
-0.00570557 0.0950928 1.21668E-10
-0.00216065 0.0360108 1.21418E-10
0.00617431 0.102905 1.24153E-10
-0.000417481 0.00695803 1.21884E-10
-0.00322999 0.0538331 1.20496E-10
-0.00547119 0.0911865 1.22306E-10
-0.00424072 0.0706787 1.22766E-10
-0.00267333 0.0445556 1.21037E-10
-0.00126709 0.0211181 1.19534E-10
-0.00982178 0.163696 1.23322E-10
0.0072876 0.12146 1.23965E-10
0.00123779 0.0206298 1.22608E-10
-0.00347901 0.0579834 1.22134E-10
-0.000988771 0.0164795 1.21622E-10
0.000476075 0.00793458 1.2492E-10
0.0016919 0.0281983 1.2213E-10
-0.0068335 0.113892 1.2197E-10
-0.00444581 0.0740968 1.23439E-10
0.00528075 0.0880126 1.24628E-10
0.00116455 0.0194092 1.22307E-10
0.00141357 0.0235596 1.22446E-10
0.00207276 0.0345461 1.22672E-10
-0.00485597 0.0809328 1.20632E-10
0.00771241 0.12854 1.23066E-10
0.000534668 0.00891113 1.25575E-10
-0.0025122 0.0418701 1.23791E-10
0.00859131 0.143188 1.21996E-10
0.000725098 0.012085 1.2353E-10
-0.0159888 0.26648 1.22296E-10
0.00555908 0.0926513 1.21456E-10
0.00188233 0.0313721 1.22685E-10
-0.00230713 0.0384522 1.22298E-10
-0.0160327 0.267212 1.21638E-10
0.00514893 0.0858155 1.2228E-10
