-0.00700929 0.116821 3.87457E-10
0.00141357 0.0235596 3.71099E-10
-0.00384522 0.064087 3.9784E-10
-0.0050464 0.0841066 3.8694E-10
0.00533936 0.0889893 3.95551E-10
0.00296631 0.0494386 3.76353E-10
0.0073755 0.122925 3.77175E-10
0.00618897 0.103149 3.87213E-10
-0.00812255 0.135376 3.77447E-10
-0.00519286 0.0865477 3.75428E-10
-0.00889893 0.148315 3.87432E-10
0.00328858 0.0548096 3.85518E-10
0.0116675 0.194459 3.98631E-10
0.00172119 0.0286864 3.84915E-10
0.00470948 0.0784913 3.83907E-10
-0.0039917 0.0665283 3.59735E-10
0.000314942 0.00524903 3.88255E-10
0.00722901 0.120484 3.79279E-10
-0.00528075 0.0880126 3.78888E-10
-0.000300294 0.00500489 3.7556E-10
-0.00281982 0.0469971 3.67751E-10
-0.00182373 0.0303956 3.76375E-10
0.00148682 0.0247803 3.86375E-10
-0.00343507 0.0572511 3.80661E-10
0.00429931 0.0716553 3.76555E-10
0.00639406 0.106568 3.86691E-10
0.00990965 0.165161 3.97211E-10
0.00413818 0.0689697 3.78374E-10
0.00709717 0.118286 3.86986E-10
0.0100415 0.167358 3.80385E-10
0.0101147 0.168579 3.87026E-10
0.00180909 0.0301514 3.67018E-10
-0.00265869 0.0443115 3.8583E-10
0.00365479 0.0609132 3.87796E-10
0.00154541 0.0257568 3.86663E-10
-0.0160474 0.267457 3.78989E-10
-0.00393312 0.0655519 3.77818E-10
-0.0002417 0.00402833 3.77155E-10
-0.0177612 0.296021 3.76705E-10
-0.00100342 0.0167236 3.86657E-10
0.0030542 0.0509034 3.86486E-10
-0.00358156 0.0596926 3.97957E-10
0.00277588 0.0462646 3.96886E-10
0.00595459 0.0992432 3.76898E-10
-0.00979248 0.163208 3.88745E-10
-0.00147217 0.0245361 3.74007E-10
-0.00482666 0.0804444 3.90175E-10
-0.00202881 0.0338136 3.8394E-10
0.000856934 0.0142822 3.7972E-10
-0.00702393 0.117066 3.87202E-10
-0.00292237 0.0487061 3.76839E-10
0.00153076 0.0255128 3.85949E-10
-0.00353761 0.0589601 3.84978E-10
-0.00816649 0.136108 3.97342E-10
-0.00400634 0.0667724 3.87177E-10
-0.00520752 0.0867919 3.79131E-10
-0.00258545 0.0430908 4.00215E-10
0.00337647 0.0562746 3.97158E-10
-0.00692139 0.115356 3.87439E-10
0.00498779 0.0831299 3.86163E-10
0.00346436 0.0577393 3.87192E-10
-0.00296631 0.0494386 3.76654E-10
-0.00374268 0.062378 3.94418E-10
0.000563965 0.00939942 3.76431E-10
0.00498779 0.0831299 3.78006E-10
0.0147143 0.245238 3.85938E-10
-0.00101806 0.0169677 3.86896E-10
0.00525147 0.0875244 3.87139E-10
-0.00539795 0.0899658 3.97064E-10
0.00875243 0.145874 3.77123E-10
0.0111694 0.186157 3.88395E-10
0.00580811 0.0968019 3.81786E-10
0.00394777 0.0657961 3.96916E-10
-0.00384522 0.064087 3.86697E-10
0.00826904 0.137817 4.06953E-10
0.00734619 0.122437 3.87969E-10
-0.00043213 0.00720217 3.80706E-10
-0.000593263 0.00988771 3.8734E-10
0.00299562 0.0499269 3.85077E-10
-0.0035083 0.0584717 3.86031E-10
-0.00245362 0.0408937 3.8735E-10
0.0101879 0.169799 3.86441E-10
-0.00334717 0.0557863 3.80192E-10
-0.00993895 0.165649 3.88565E-10
0.00438721 0.0731202 3.7947E-10
-0.00043213 0.00720217 3.86612E-10
0.0048999 0.0816651 3.76248E-10
-0.00494386 0.0823976 3.84848E-10
-0.000944824 0.0157471 3.78365E-10
-0.00312745 0.0521241 3.87227E-10
0.00621827 0.103638 3.94522E-10
0.000197755 0.00329592 3.85756E-10
-0.000139161 0.00231935 3.87461E-10
-0.000256348 0.00427247 3.78001E-10
0.00161865 0.0269775 3.97099E-10
-0.00177978 0.0296631 3.85529E-10
0.0086792 0.144653 3.69385E-10
0.00317139 0.0528564 3.8753E-10
-0.000344239 0.00573732 3.89121E-10
0.0035083 0.0584717 3.76693E-10
0.00380127 0.0633546 3.87674E-10
-0.00390382 0.0650636 3.8692E-10
-0.00832763 0.138794 3.752E-10
-0.00339112 0.0565187 3.84691E-10
-0.00120849 0.0201416 3.87236E-10
0.00327392 0.0545654 3.96827E-10
-0.0136449 0.227416 3.87584E-10
-0.0035962 0.0599367 3.85054E-10
0.00230713 0.0384522 3.79774E-10
0.0103783 0.172972 3.80073E-10
-0.00951416 0.158569 3.74652E-10
0.00835693 0.139282 3.85836E-10
-0.00522216 0.0870361 3.86867E-10
-0.00429931 0.0716553 3.77159E-10
0.00388916 0.0648194 3.86799E-10
-0.000329591 0.00549318 3.7764E-10
-0.00460694 0.0767823 3.8857E-10
-0.00409423 0.0682372 3.87209E-10
0.0035083 0.0584717 3.77634E-10
-0.00633546 0.105591 3.96703E-10
0.00163329 0.0272216 3.85982E-10
-0.000666505 0.0111084 3.70784E-10
0.00774169 0.129028 3.67546E-10
0.00116455 0.0194092 3.87442E-10
-0.00759522 0.126587 3.72349E-10
0.00375733 0.0626221 3.76483E-10
0.00432862 0.0721436 3.80547E-10
0.00812255 0.135376 3.87076E-10
-0.00804931 0.134155 3.87902E-10
-0.00900147 0.150024 3.784E-10
-0.00265869 0.0443115 3.96187E-10
-0.00570557 0.0950928 3.86576E-10
0.00141357 0.0235596 3.85768E-10
0.00494386 0.0823976 3.79485E-10
-0.00703858 0.11731 3.87169E-10
-0.00188233 0.0313721 3.80229E-10
0.00957275 0.159546 3.76725E-10
0.00195557 0.0325928 3.75204E-10
-0.00929443 0.154907 3.87015E-10
-0.00856201 0.1427 3.76435E-10
0.00302491 0.0504153 3.87059E-10
-0.00528075 0.0880126 3.86744E-10
0.00238038 0.0396729 3.78936E-10
0.00116455 0.0194092 3.86409E-10
-0.0103051 0.171753 3.80046E-10
-0.0117553 0.195922 3.86677E-10
-0.0135277 0.225463 3.71592E-10
0.00491456 0.0819093 3.87278E-10
-0.00270264 0.0450439 3.77741E-10
0.00114991 0.0191651 3.8638E-10
-0.000651857 0.0108643 3.86784E-10
0.00150147 0.0250244 3.76774E-10
0.00447511 0.0745851 3.96533E-10
-0.00576416 0.0960694 3.96299E-10
-0.00699463 0.116577 3.81835E-10
0.0152856 0.25476 3.86993E-10
0.00227783 0.0379639 3.86545E-10
0.00654053 0.109009 3.87459E-10
0.00264405 0.0440674 3.68111E-10
-0.00794677 0.132446 3.98973E-10
7.32425E-06 0.000122071 3.87732E-10
-0.00889893 0.148315 3.87071E-10
0.00459228 0.0765381 3.82862E-10
0.0130884 0.21814 3.86703E-10
-0.00358156 0.0596926 3.88149E-10
0.00150147 0.0250244 3.75174E-10
-0.00309815 0.0516358 3.85875E-10
0.00717042 0.119507 3.7608E-10
-0.00268799 0.0447998 3.86894E-10
-0.00828368 0.138061 3.7617E-10
-0.000637208 0.0106201 3.97541E-10
0.00550049 0.0916748 3.86939E-10
-0.0081079 0.135132 3.8686E-10
-0.00183839 0.0306398 3.75387E-10
0.010144 0.169067 3.98744E-10
0.00334717 0.0557863 3.97966E-10
0.00218994 0.0364991 3.85579E-10
0.0105101 0.175169 3.8721E-10
0.000270996 0.00451661 3.85285E-10
-0.00183839 0.0306398 3.86788E-10
-0.00289307 0.0482178 3.97322E-10
-0.00863525 0.143921 3.8699E-10
0.00837157 0.139526 3.86787E-10
-0.00573487 0.0955811 3.81089E-10
-0.00110596 0.0184326 3.83978E-10
-0.0025122 0.0418701 3.9726E-10
0.0102758 0.171264 3.83379E-10
-0.00500245 0.0833741 3.86775E-10
-0.00806396 0.134399 3.87234E-10
-0.00629151 0.104858 3.96753E-10
-0.0107446 0.179077 3.99304E-10
-0.00806396 0.134399 3.87926E-10
-0.00422608 0.0704346 3.84245E-10
0.00620361 0.103394 3.75358E-10
0.00126709 0.0211181 3.82432E-10
0.00180909 0.0301514 3.97042E-10
0.00158936 0.0264893 3.87351E-10
0.00733155 0.122193 3.87119E-10
-0.00838623 0.13977 3.87894E-10
-0.00347901 0.0579834 3.97008E-10
