0.0230346 0.38391 7.85896E-11
-0.0261254 0.435424 7.70927E-11
-0.0172045 0.286743 7.6524E-11
0.010232 0.170533 7.69818E-11
0.00428467 0.0714112 8.05129E-11
0.0101733 0.169555 7.88864E-11
-0.012312 0.2052 7.6572E-11
0.00561767 0.0936279 7.88841E-11
0.00290771 0.0484619 7.82917E-11
-0.012268 0.204467 7.66724E-11
-0.0307397 0.512328 7.67481E-11
0.00388916 0.0648194 7.91551E-11
0.0107299 0.178832 7.66568E-11
0.000563965 0.00939942 7.95137E-11
0.0129418 0.215697 7.79866E-11
0.0322925 0.538208 7.71428E-11
-0.0126928 0.211547 7.70042E-11
-0.00157471 0.0262451 7.77766E-11
0.006438 0.1073 7.88997E-11
0.0174389 0.290648 7.75963E-11
-0.00136964 0.0228273 7.84624E-11
-0.0133666 0.222777 7.81462E-11
-0.00491456 0.0819093 7.79131E-11
-0.0124877 0.208128 7.69315E-11
-0.00281982 0.0469971 7.8128E-11
0.0131761 0.219603 7.49464E-11
-0.0118432 0.197387 7.53981E-11
-0.0114917 0.191529 7.6255E-11
0.0186401 0.310668 7.53035E-11
-0.00330322 0.0550537 7.80488E-11
-0.00598389 0.0997314 7.62767E-11
0.00112061 0.0186768 7.77077E-11
0.0289233 0.482055 7.67041E-11
-0.00454836 0.0758059 7.69699E-11
0.00822509 0.137085 7.82871E-11
-0.0333178 0.555297 7.58494E-11
0.0189771 0.316285 7.78267E-11
-0.0053247 0.0887451 7.75862E-11
0.0378735 0.631225 7.55387E-11
-0.00229249 0.0382081 7.84415E-11
0.00296631 0.0494386 7.66693E-11
-0.0140698 0.234497 7.61819E-11
0.0113598 0.189331 7.79907E-11
-0.00539795 0.0899658 7.78193E-11
-0.0245141 0.408568 7.6345E-11
-0.00697999 0.116333 7.88283E-11
-0.0316479 0.527465 7.67626E-11
-0.0275171 0.458618 7.82632E-11
0.00356691 0.0594484 7.80418E-11
-0.0451977 0.753296 7.61546E-11
-0.00113525 0.0189209 7.80119E-11
-0.0139819 0.233032 7.77478E-11
-0.0269311 0.448852 7.57673E-11
-0.0323365 0.538942 7.69412E-11
0.0275465 0.459108 7.72325E-11
-0.00199952 0.0333253 7.8069E-11
-0.0232983 0.388305 7.66238E-11
0.000842286 0.0140381 7.75905E-11
0.0340063 0.566772 7.62222E-11
-0.00570557 0.0950928 7.65693E-11
0.0183178 0.305297 7.86639E-11
0.00366945 0.0611574 7.86985E-11
0.0274146 0.45691 7.7259E-11
-0.00459228 0.0765381 7.70508E-11
-0.0305493 0.509154 7.6585E-11
-0.0067456 0.112427 7.89208E-11
-0.00460694 0.0767823 7.85118E-11
0.0312231 0.520385 7.55951E-11
0.0434106 0.723511 7.8051E-11
-0.0114185 0.190308 7.85341E-11
0.016355 0.272583 7.69043E-11
0.00218994 0.0364991 7.88135E-11
-0.00695068 0.115845 7.77374E-11
0.0103491 0.172485 7.69202E-11
0.0360717 0.601196 7.68092E-11
-0.00106201 0.0177003 7.91376E-11
-0.0311645 0.519408 7.674E-11
-0.00279053 0.0465088 7.84049E-11
0.0251 0.418334 7.72843E-11
0.00844482 0.140747 7.51998E-11
0.00705322 0.117554 7.70077E-11
0.00519286 0.0865477 7.71498E-11
0.00429931 0.0716553 7.79827E-11
0.0130297 0.217163 7.92895E-11
-0.0307837 0.513062 7.65157E-11
0.0196215 0.327026 7.74113E-11
0.0119311 0.198852 7.73578E-11
-0.00410888 0.0684814 7.89262E-11
0.0233862 0.38977 7.74391E-11
-0.0288207 0.480346 7.7835E-11
-0.0112573 0.187622 7.8052E-11
-0.0308276 0.513793 7.6738E-11
0.00787354 0.131226 7.88131E-11
-0.0212475 0.354125 7.74725E-11
0.0110376 0.183959 7.76433E-11
-0.0242212 0.403687 7.66086E-11
0.00419677 0.0699463 7.88987E-11
0.00325927 0.0543213 7.86114E-11
0.0212915 0.354858 7.71558E-11
0.0231225 0.385376 7.70917E-11
0.0300805 0.501343 7.89555E-11
-0.00286376 0.0477294 7.64756E-11
0.00287842 0.0479736 7.80363E-11
0.0320727 0.534546 7.47775E-11
0.0196508 0.327514 7.7081E-11
0.00303956 0.0506593 7.71141E-11
0.0213207 0.355346 7.80905E-11
0.00309815 0.0516358 7.70768E-11
0.00419677 0.0699463 7.88089E-11
-0.00755127 0.125855 7.80509E-11
0.0090747 0.151245 7.62956E-11
0.0446264 0.743773 7.62753E-11
-0.0182153 0.303588 7.71297E-11
-0.0121801 0.203003 7.64902E-11
0.0239721 0.399535 7.69196E-11
-0.0291576 0.48596 7.8696E-11
-0.0199878 0.33313 7.64755E-11
-0.00973389 0.162231 7.82745E-11
-0.0403344 0.672241 7.49696E-11
-0.0250854 0.41809 7.6412E-11
0.0159156 0.265259 7.72066E-11
0.0377123 0.628538 7.73138E-11
0.0243676 0.406127 7.68567E-11
-0.0287622 0.479369 7.69232E-11
-0.000402833 0.00671388 7.85281E-11
0.00440185 0.0733642 7.73869E-11
0.0298608 0.49768 7.76996E-11
-0.0157837 0.263062 7.77411E-11
0.00702393 0.117066 7.73443E-11
0.00413818 0.0689697 7.8871E-11
0.0415063 0.691773 7.67289E-11
0.00889893 0.148315 7.83343E-11
-0.0177173 0.295288 7.79503E-11
-0.00583742 0.0972903 7.82196E-11
-0.0194898 0.324829 7.75759E-11
-0.0150219 0.250366 7.85343E-11
-0.0110522 0.184203 7.8532E-11
0.00989501 0.164917 7.77813E-11
0.0153441 0.255736 7.70964E-11
-0.00774169 0.129028 7.78664E-11
0.0063501 0.105835 7.86734E-11
0.00257079 0.0428466 7.68796E-11
-0.00390382 0.0650636 7.62586E-11
0.0106567 0.177611 7.88883E-11
0.0248803 0.414672 7.92681E-11
-0.009104 0.151733 7.85176E-11
-0.0063501 0.105835 7.88431E-11
-0.0156078 0.260131 7.75553E-11
0.00245362 0.0408937 7.90779E-11
0.00766846 0.127808 7.60532E-11
-0.0162816 0.271361 7.7669E-11
0.0358226 0.597044 7.67492E-11
0.0231372 0.38562 7.59395E-11
-0.0188892 0.314819 7.61481E-11
-0.0267847 0.446411 7.79821E-11
-0.018391 0.306517 7.7587E-11
0.00384522 0.064087 7.56695E-11
-0.0260961 0.434936 7.87919E-11
0.0140258 0.233764 7.84676E-11
0.0230199 0.383666 7.70771E-11
-0.00450441 0.0750734 7.93101E-11
-0.0072876 0.12146 7.71789E-11
0.000666505 0.0111084 7.77907E-11
-0.00724365 0.120728 7.83068E-11
0.00331788 0.0552979 7.67748E-11
-0.00906006 0.151001 7.80149E-11
-0.0259203 0.432006 7.85119E-11
0.0109936 0.183227 7.86195E-11
0.00441651 0.0736084 7.77748E-11
0.00180909 0.0301514 7.63743E-11
0.00951416 0.158569 7.75691E-11
-0.00223389 0.0372314 7.81507E-11
0.0054126 0.0902099 7.81288E-11
0.0362768 0.604614 7.71187E-11
0.0104076 0.17346 7.62529E-11
-0.00114991 0.0191651 7.95326E-11
0.000124513 0.00207521 7.68088E-11
0.0323071 0.538452 7.59324E-11
0.00201417 0.0335694 7.68231E-11
-0.0206616 0.34436 7.70002E-11
0.0158862 0.26477 7.82246E-11
-0.0143627 0.239378 7.66185E-11
0.0148022 0.246703 7.80529E-11
0.0287182 0.478637 7.68438E-11
0.0175415 0.292357 7.77913E-11
0.00422608 0.0704346 7.9091E-11
-0.0317651 0.529418 7.72936E-11
-0.016267 0.271117 7.74622E-11
0.0054126 0.0902099 7.6511E-11
0.0220972 0.368287 7.68301E-11
0.0106127 0.176878 7.85172E-11
0.03531 0.5885 7.57585E-11
0.0120336 0.200561 7.76309E-11
0.0111694 0.186157 7.68937E-11
-0.0188745 0.314575 7.77507E-11
-0.0210424 0.350707 7.68227E-11
-0.0240747 0.401245 7.71781E-11
-0.0246606 0.41101 7.87334E-11
-0.0138061 0.230102 7.8123E-11
0.00443115 0.0738526 7.68606E-11
