-0.00712648 0.118775 8.46026E-11
0.00872314 0.145386 8.54213E-11
-0.0117699 0.196166 8.50555E-11
-0.00582277 0.0970461 8.7281E-11
0.00255615 0.0426025 8.69757E-11
-0.0026001 0.0433349 8.58802E-11
-0.00188233 0.0313721 8.65318E-11
0.00826904 0.137817 8.62153E-11
0.00342042 0.0570069 8.76882E-11
-0.00555908 0.0926513 8.63926E-11
0.00126709 0.0211181 8.69237E-11
-0.0156225 0.260376 8.63891E-11
0.00591064 0.0985108 8.56359E-11
-0.0202075 0.336792 8.44721E-11
0.00582277 0.0970461 8.70438E-11
-0.0063501 0.105835 8.89565E-11
-0.00334717 0.0557863 8.61744E-11
0.000827638 0.013794 8.61019E-11
0.0110082 0.183471 8.80176E-11
0.00383058 0.0638429 8.76806E-11
0.00336182 0.0560304 8.64234E-11
0.00487061 0.0811768 8.79319E-11
0.00366945 0.0611574 8.68443E-11
0.00951416 0.158569 8.4813E-11
-0.00052002 0.008667 8.63403E-11
0.000607911 0.0101319 8.67118E-11
0.0218774 0.364624 8.68519E-11
0.00788818 0.13147 8.74935E-11
-0.00885498 0.147583 8.64756E-11
0.0107592 0.17932 8.59926E-11
0.0112427 0.187378 8.62435E-11
-0.00213135 0.0355226 8.65286E-11
0.0178637 0.297728 8.4639E-11
0.00856201 0.1427 8.54159E-11
-0.0122534 0.204223 8.58607E-11
-0.0078003 0.130005 8.66262E-11
0.000417481 0.00695803 8.79564E-11
0.0149926 0.249878 8.72591E-11
-0.00652589 0.108765 8.54972E-11
-0.0116822 0.194703 8.57874E-11
-0.00646728 0.107788 8.58735E-11
0.0109204 0.182007 8.78318E-11
0.00164795 0.0274658 8.69545E-11
0.00949952 0.158325 8.69209E-11
0.0052954 0.0882567 8.61516E-11
0.006438 0.1073 8.5825E-11
0.014978 0.249633 8.62557E-11
-0.00270264 0.0450439 8.67255E-11
0.0156811 0.261352 8.74371E-11
-0.0155492 0.259154 8.61095E-11
-0.0127367 0.212279 8.56387E-11
-0.00661377 0.110229 8.63353E-11
0.00718507 0.119751 8.8219E-11
0.00771241 0.12854 8.57861E-11
0.011477 0.191284 8.55616E-11
-0.0179955 0.299926 8.66085E-11
0.001604 0.0267334 8.61122E-11
0.0123851 0.206419 8.84039E-11
0.00591064 0.0985108 8.8792E-11
-0.00841553 0.140259 8.61944E-11
-0.00517822 0.0863037 8.67487E-11
-0.00648194 0.108032 8.56466E-11
-0.000256348 0.00427247 8.61923E-11
-0.0100707 0.167846 8.65416E-11
0.0191967 0.319946 8.57532E-11
-0.012107 0.201783 8.62146E-11
0.0308862 0.51477 8.58497E-11
-0.0155786 0.259642 8.5776E-11
-0.00308351 0.0513918 8.59693E-11
-0.0156078 0.260131 8.61987E-11
0.00485597 0.0809328 8.64611E-11
-0.00542725 0.0904541 8.76922E-11
0.00988037 0.164673 8.62843E-11
0.00374268 0.062378 8.57554E-11
0.00185303 0.0308838 8.64073E-11
0.00551514 0.0919189 8.49057E-11
-0.00498779 0.0831299 8.70308E-11
-0.0178051 0.296752 8.47476E-11
-0.00853271 0.142212 8.62414E-11
-0.00721437 0.120239 8.63649E-11
-0.00400634 0.0667724 8.64078E-11
-0.0252465 0.420776 8.71694E-11
-0.0139086 0.231811 8.64123E-11
0.0115356 0.192261 8.65392E-11
-0.000812989 0.0135498 8.66485E-11
-0.0190648 0.317747 8.67298E-11
-0.0175561 0.292602 8.50778E-11
0.00973389 0.162231 8.67231E-11
-0.00221924 0.0369873 8.46498E-11
0.00204347 0.0340578 8.6477E-11
-0.00252685 0.0421142 8.66175E-11
-0.0067456 0.112427 8.68624E-11
0.019519 0.325317 8.56889E-11
0.00264405 0.0440674 8.66431E-11
-0.00850342 0.141724 8.69896E-11
-0.00655517 0.109253 8.53077E-11
0.00242432 0.0404054 8.65607E-11
0.0050464 0.0841066 8.52689E-11
0.022024 0.367066 8.75344E-11
0.00154541 0.0257568 8.69215E-11
-0.0052954 0.0882567 8.78769E-11
-0.0124291 0.207152 8.82384E-11
0.0103198 0.171997 8.61521E-11
-0.0133812 0.223021 8.56064E-11
-0.00963134 0.160522 8.64693E-11
-0.0147582 0.245971 8.48299E-11
-0.0173364 0.288939 8.48342E-11
-0.00295167 0.0491944 8.73839E-11
-0.00772705 0.128784 8.65901E-11
-0.001604 0.0267334 8.58111E-11
0.00888428 0.148071 8.58632E-11
-0.00774169 0.129028 8.4392E-11
-0.00167724 0.0279541 8.62526E-11
0.0026001 0.0433349 8.47675E-11
-0.00432862 0.0721436 8.69005E-11
-0.00154541 0.0257568 8.78458E-11
0.00264405 0.0440674 8.73442E-11
-0.00315674 0.0526123 8.59951E-11
-0.00511963 0.0853273 8.7666E-11
-0.00607177 0.101196 8.66141E-11
0.0117846 0.19641 8.65836E-11
0.0171313 0.285521 8.58307E-11
-0.0250268 0.417113 8.73664E-11
-0.012766 0.212767 8.57774E-11
-0.0299487 0.499145 8.50598E-11
-0.00869384 0.144897 8.69929E-11
-0.0136303 0.227172 8.69281E-11
-0.00378663 0.0631104 8.80353E-11
0.00974853 0.162476 8.37404E-11
-0.00714112 0.119019 8.61848E-11
-0.00191162 0.0318603 8.6644E-11
-0.00283447 0.0472412 8.64993E-11
-0.00104737 0.0174561 8.666E-11
0.00596923 0.0994872 8.68901E-11
0.00697999 0.116333 8.64185E-11
0.00249756 0.0416259 8.64243E-11
0.0103929 0.173216 8.64519E-11
0.00248291 0.0413818 8.62903E-11
-0.0107006 0.178343 8.63995E-11
-0.00648194 0.108032 8.81493E-11
-0.0152564 0.254273 8.87046E-11
-3.66213E-05 0.000610354 8.56579E-11
0.00952881 0.158813 8.61632E-11
-0.00457764 0.076294 8.77594E-11
-0.0234009 0.390014 8.55691E-11
-0.009104 0.151733 8.57269E-11
-0.00302491 0.0504153 8.67526E-11
-0.010642 0.177367 8.73807E-11
0.00523682 0.0872803 8.79149E-11
0.00758057 0.126343 8.71323E-11
0.00722901 0.120484 8.61464E-11
-0.00608642 0.10144 8.59243E-11
0.0155199 0.258666 8.73333E-11
-0.0234009 0.390014 8.60224E-11
0.0143334 0.23889 8.467E-11
0.0164574 0.274291 8.57167E-11
0.00119385 0.0198974 8.63992E-11
0.00119385 0.0198974 8.43843E-11
0.000358888 0.00598146 8.65287E-11
-0.00254151 0.0423584 8.57802E-11
-0.0115064 0.191773 8.68047E-11
0.00963134 0.160522 8.63463E-11
-0.0152417 0.254029 8.53205E-11
-0.0145092 0.24182 8.70955E-11
0.00980712 0.163452 8.63489E-11
-0.00655517 0.109253 8.67156E-11
-0.0035083 0.0584717 8.59641E-11
-0.0142308 0.237181 8.7332E-11
-0.0155639 0.259398 8.59842E-11
0.00714112 0.119019 8.54415E-11
-0.00156005 0.0260009 8.53413E-11
-0.0210424 0.350707 8.4831E-11
0.0110961 0.184936 8.74286E-11
0.0127367 0.212279 8.55508E-11
-0.0225659 0.376098 8.64983E-11
-0.00112061 0.0186768 8.53007E-11
-0.00189697 0.0316162 8.58273E-11
0.0072876 0.12146 8.54842E-11
-0.011477 0.191284 8.64972E-11
-0.0141576 0.23596 8.84842E-11
-0.0311937 0.519896 8.5213E-11
0.00440185 0.0733642 8.66098E-11
-0.00457764 0.076294 8.8042E-11
-0.0096753 0.161255 8.58184E-11
-0.00157471 0.0262451 8.63297E-11
-0.0113891 0.189819 8.64455E-11
0.00210206 0.0350343 8.56631E-11
-0.0126928 0.211547 8.5863E-11
0.00336182 0.0560304 8.58985E-11
0.00428467 0.0714112 8.59642E-11
-0.0235034 0.391723 8.48741E-11
-0.028894 0.481567 8.44555E-11
-0.00942626 0.157104 8.6712E-11
-0.0187134 0.31189 8.57464E-11
-0.00954345 0.159058 8.60296E-11
0.0062622 0.10437 8.71577E-11
0.0124291 0.207152 8.6437E-11
0.00920655 0.153442 8.8009E-11
-6.59183E-05 0.00109864 8.4689E-11
0.0127367 0.212279 8.48018E-11
