0.006438 0.1073 7.7975E-11
0.00281982 0.0469971 7.91835E-11
-0.0195776 0.326293 7.83425E-11
0.00427003 0.0711671 7.95654E-11
0.0247192 0.411987 7.74616E-11
0.0127367 0.212279 7.78583E-11
0.00243897 0.0406496 7.85147E-11
0.00167724 0.0279541 7.88382E-11
0.00494386 0.0823976 7.83853E-11
0.0196362 0.32727 7.98145E-11
-0.0048999 0.0816651 7.79701E-11
-0.00884032 0.147339 7.91454E-11
-0.001604 0.0267334 8.03722E-11
0.0229907 0.383178 7.75296E-11
-0.0314721 0.524535 7.72835E-11
-0.00980712 0.163452 7.86555E-11
0.00796143 0.13269 7.87285E-11
0.00558837 0.0931396 7.86935E-11
0.0442162 0.736938 7.86905E-11
-0.00412354 0.0687256 7.80263E-11
0.00431397 0.0718994 7.79062E-11
0.0288061 0.480102 7.93915E-11
-0.0287328 0.478881 7.97382E-11
0.0153881 0.256468 7.71613E-11
0.0100268 0.167113 7.85379E-11
-0.016516 0.275267 7.82355E-11
0.000959473 0.0159912 8.05974E-11
-0.0081079 0.135132 7.94764E-11
-0.0190355 0.317259 7.96661E-11
-0.00131103 0.0218506 7.90717E-11
-0.0536939 0.894898 7.79761E-11
0.00996824 0.166137 7.88147E-11
-0.00409423 0.0682372 7.83298E-11
0.00856201 0.1427 8.09203E-11
-0.0130297 0.217163 7.74813E-11
-0.0439672 0.732788 7.92752E-11
0.00179444 0.0299073 7.87529E-11
-0.0183178 0.305297 7.76762E-11
0.0206616 0.34436 7.87227E-11
-0.00238038 0.0396729 7.86893E-11
0.0115796 0.192993 7.78847E-11
0.00491456 0.0819093 7.91391E-11
0.0228003 0.380005 8.03242E-11
0.0118286 0.197142 7.85798E-11
0.0035962 0.0599367 7.84798E-11
-0.00722901 0.120484 7.84543E-11
-0.0285131 0.475218 7.86008E-11
0.0271362 0.45227 7.80005E-11
-0.0117846 0.19641 7.87115E-11
-0.00230713 0.0384522 8.00312E-11
-0.019563 0.32605 7.87521E-11
0.017146 0.285766 7.95782E-11
0.000388184 0.00646973 8.03303E-11
0.0074048 0.123413 7.82872E-11
-0.00526611 0.0877685 7.99645E-11
-0.00988037 0.164673 7.89815E-11
0.009104 0.151733 7.84577E-11
-0.000402833 0.00671388 7.88702E-11
0.000476075 0.00793458 7.80416E-11
0.0132494 0.220823 8.00038E-11
0.0154614 0.25769 8.08282E-11
0.00230713 0.0384522 7.76582E-11
0.0115796 0.192993 7.8873E-11
0.00179444 0.0299073 7.85155E-11
-0.0224488 0.374148 7.94406E-11
0.0205737 0.342895 7.79882E-11
-0.0212915 0.354858 7.88684E-11
-0.0260815 0.434692 7.79468E-11
0.00923584 0.153931 8.11169E-11
0.00936767 0.156128 7.83848E-11
0.00552979 0.0921631 7.79886E-11
-0.0182885 0.304808 7.89329E-11
-0.00960205 0.160034 7.73044E-11
0.0132494 0.220823 8.09021E-11
0.004563 0.07605 8.08521E-11
0.00183839 0.0306398 7.9066E-11
-0.000329591 0.00549318 7.87629E-11
-0.00158936 0.0264893 7.77351E-11
0.0149487 0.249145 7.95566E-11
-0.0125463 0.209105 7.99945E-11
-0.0259496 0.432494 7.87697E-11
-0.00210206 0.0350343 7.88615E-11
-0.00418213 0.0697022 7.8606E-11
0.000930176 0.0155029 7.76851E-11
-0.0165893 0.276488 7.95382E-11
-0.0202808 0.338012 7.99704E-11
-0.000139161 0.00231935 8.05795E-11
0.00564698 0.0941163 7.78298E-11
2.19728E-05 0.000366213 7.94673E-11
-0.00318604 0.0531006 7.94458E-11
-0.0101733 0.169555 7.80004E-11
-0.00437257 0.0728761 7.84658E-11
0.0146557 0.244262 8.09609E-11
0.0167066 0.278443 7.95199E-11
0.00911865 0.151977 7.82844E-11
-0.00450441 0.0750734 7.87416E-11
-0.0126635 0.211058 7.89378E-11
-0.00366945 0.0611574 7.88613E-11
-0.00235108 0.0391846 7.92978E-11
0.00122315 0.0203858 8.08602E-11
-0.0178051 0.296752 7.8716E-11
0.000549317 0.00915528 8.01303E-11
-0.00394777 0.0657961 8.02194E-11
-0.00977783 0.162964 7.91176E-11
0.0260375 0.433959 7.80494E-11
0.00648194 0.108032 8.01485E-11
0.0016626 0.0277099 7.90911E-11
0.0150805 0.251343 7.77643E-11
-0.00270264 0.0450439 7.9158E-11
0.0202808 0.338012 8.00111E-11
-0.00856201 0.1427 7.86035E-11
0.0183764 0.306273 7.88348E-11
-0.00167724 0.0279541 7.9702E-11
-0.0112866 0.188111 7.97714E-11
-0.0026294 0.0438233 7.84342E-11
-0.0155786 0.259642 7.97035E-11
-0.00192626 0.0321044 7.88022E-11
-0.0176294 0.293823 7.86258E-11
0.00255615 0.0426025 7.9064E-11
0.0016919 0.0281983 7.98649E-11
-0.00342042 0.0570069 8.05782E-11
-0.0130737 0.217896 7.95608E-11
0.014348 0.239134 7.90272E-11
-0.00892822 0.148804 7.97106E-11
-0.00771241 0.12854 7.92025E-11
0.00750733 0.125122 8.04186E-11
0.0232397 0.387328 7.78275E-11
0.00325927 0.0543213 8.01175E-11
0.00337647 0.0562746 8.03562E-11
-0.0158276 0.263794 7.87921E-11
2.19728E-05 0.000366213 8.23843E-11
0.00254151 0.0423584 7.91928E-11
-0.0229029 0.381715 7.94838E-11
-0.0155492 0.259154 7.92164E-11
-0.0228443 0.380738 7.78521E-11
-0.0162816 0.271361 7.8776E-11
0.00986572 0.164429 7.83887E-11
0.0272241 0.453735 7.96708E-11
-0.000637208 0.0106201 7.66789E-11
-0.00607177 0.101196 7.99227E-11
-0.00648194 0.108032 7.86546E-11
0.0254223 0.423704 7.61248E-11
0.0107152 0.178587 8.00807E-11
-0.0240307 0.400512 7.84993E-11
0.0144506 0.240843 7.80105E-11
0.0114185 0.190308 8.01386E-11
0.0231372 0.38562 7.9301E-11
-0.0228443 0.380738 7.83429E-11
-0.00229249 0.0382081 7.89134E-11
-0.0125317 0.208862 7.93694E-11
0.00331788 0.0552979 7.80441E-11
-0.0210718 0.351196 7.75543E-11
0.0132933 0.221556 7.74728E-11
0.0190502 0.317503 7.9253E-11
-0.00369873 0.0616456 7.92619E-11
-0.00873779 0.14563 8.14502E-11
0.0359546 0.599243 7.67232E-11
0.0260669 0.434448 7.89087E-11
-0.00368409 0.0614015 7.87817E-11
-0.0150366 0.250611 8.01202E-11
-0.0073755 0.122925 7.68751E-11
0.0228589 0.380982 7.98034E-11
0.0274292 0.457153 8.00065E-11
0.0136156 0.226928 7.88291E-11
-0.0202075 0.336792 7.85745E-11
-0.00500245 0.0833741 7.8917E-11
0.0342553 0.570922 7.80797E-11
-0.00676024 0.112671 7.91178E-11
0.0214379 0.357299 7.90732E-11
-0.00593995 0.0989991 7.96093E-11
-0.0301978 0.503297 7.78236E-11
-0.0118871 0.198119 8.02817E-11
0.00514893 0.0858155 7.95285E-11
0.0141722 0.236204 7.78276E-11
0.0081079 0.135132 7.90192E-11
-0.0120336 0.200561 7.77868E-11
-0.00588134 0.0980224 7.88334E-11
0.0141869 0.236448 7.7548E-11
-0.0122827 0.204712 7.93766E-11
0.00552979 0.0921631 8.12404E-11
0.032644 0.544067 7.81988E-11
0.0171166 0.285277 7.82894E-11
0.00621827 0.103638 8.04813E-11
0.0336401 0.560668 7.86927E-11
0.0120483 0.200805 7.89935E-11
-0.00298097 0.0496828 7.83931E-11
-0.00141357 0.0235596 7.78112E-11
0.00642336 0.107056 7.76315E-11
0.0162231 0.270386 7.84379E-11
0.0378881 0.631468 7.96812E-11
0.0133373 0.222288 7.86038E-11
-0.0194898 0.324829 7.9997E-11
0.0333178 0.555297 7.92814E-11
-0.0262134 0.43689 8.09556E-11
-0.00383058 0.0638429 7.91732E-11
0.00325927 0.0543213 7.96181E-11
0.0108031 0.180053 7.88065E-11
-0.00580811 0.0968019 7.76243E-11
-0.00756592 0.126099 7.91001E-11
0.00339112 0.0565187 8.00524E-11
